"F0_96.82101908743859","F1_2.3381166256973813","F2_65.14826097986217","F3_-92.19837473833735","F4_97.96025170924582","F5_-57.15361446321219","F6_-83.94475802339275","F7_65.9109007498823","F8_-53.52094903752055","F9_10.141998608575136","F10_-58.275933694562184","F11_-1.187672911438085","F12_9.536288154881717","F13_11.661581412734876","F14_-97.2723639951484","F15_-30.800183496049954","F16_-56.909334560802904","F17_99.65549229613544","F18_-75.86075994528167","F19_49.2675627543457","F20_-48.65710052149802","F21_-37.74589643380321","F22_36.16636398117636","F23_-81.95573342631576","F24_77.27110169088762","F25_97.40479478141349","F26_-62.763284223678454","F27_-26.79079485423945","F28_-1.989129258469788","F29_-31.98029625155857","F30_90.72703133230655","F31_26.59595022136905","F32_44.36949992040109","F33_75.40611348234538","F34_87.99879758769453","F35_89.30988645110729","F36_-93.16140958099874","F37_1.9197705385554258","F38_84.5592576111732","F39_-0.6001144979258584","F40_65.07417735315832","F41_-54.35864437021576","F42_5.535942238419935","F43_-62.99798720600964","F44_-84.54939484363138","F45_-70.22628962302758","F46_72.77373805725837","F47_66.7817516116776","F48_35.44318467410383","F49_16.40493882990988","F50_0","F51_0","F52_0","F53_0","F54_0","F55_0","F56_0","F57_0","F58_0","F59_0","F60_0","F61_0","F62_0","F63_0","F64_0","F65_0","F66_0","F67_0","F68_0","F69_0","F70_0","F71_0","F72_0","F73_0","F74_0","F75_0","F76_0","F77_0","F78_0","F79_0","F80_0","F81_0","F82_0","F83_0","F84_0","F85_0","F86_0","F87_0","F88_0","F89_0","F90_0","F91_0","F92_0","F93_0","F94_0","F95_0","F96_0","F97_0","F98_0","F99_0","T"
0,1,0,1,0,0,0,1,0,0,0,1,1,0,0,1,0,0,0,1,1,0,1,1,0,0,0,1,0,0,1,0,0,0,0,1,1,0,0,1,1,1,1,1,0,1,0,0,0,0,0,0,0,0,0,1,0,1,1,1,1,1,1,0,0,1,0,1,1,1,1,1,1,1,1,1,1,0,0,1,0,1,0,0,1,0,1,0,1,0,0,1,1,1,1,0,0,1,0,0,0
0,0,0,1,1,0,1,1,1,1,1,1,0,0,0,0,1,0,1,0,1,1,0,0,1,0,0,1,0,1,0,1,0,0,0,0,0,0,1,0,0,0,0,0,1,0,1,0,1,1,0,0,1,0,0,0,1,0,0,1,1,0,1,1,0,1,1,0,0,0,1,1,0,0,1,0,0,0,1,1,1,0,0,0,0,0,0,1,1,0,0,1,0,0,0,1,1,0,1,0,0
0,1,0,0,1,0,0,1,1,0,0,0,0,0,1,1,0,1,1,1,1,0,1,1,0,0,0,0,0,0,1,0,0,1,1,1,0,1,1,0,0,0,1,1,1,0,1,0,0,0,1,1,0,0,1,0,1,0,1,1,0,0,1,1,0,1,0,1,1,0,0,0,0,1,1,1,1,1,1,0,0,1,1,0,0,0,1,1,0,1,1,1,1,1,0,1,1,0,0,1,1
1,0,1,0,0,0,1,0,0,1,1,1,1,1,0,1,0,1,0,1,1,0,0,0,1,0,1,1,1,0,0,0,1,1,0,0,0,0,1,1,1,1,0,0,1,1,0,1,1,0,0,1,0,1,0,0,0,1,0,1,1,1,0,1,0,0,0,0,0,0,0,0,1,1,1,1,1,1,0,1,1,0,1,1,0,1,0,0,1,1,0,0,0,0,0,1,0,1,0,0,1
1,0,1,0,1,0,0,0,0,1,1,0,0,1,1,0,0,1,0,1,0,0,1,0,0,1,1,1,0,0,1,0,1,0,0,0,0,0,0,1,1,0,1,1,1,1,1,0,0,1,0,0,1,0,0,0,0,1,1,0,1,0,0,0,1,1,0,0,1,1,1,1,1,1,1,0,0,1,0,1,1,0,0,1,1,0,1,1,0,1,0,1,1,0,1,0,0,1,1,1,1
0,0,1,0,1,0,1,1,1,1,1,1,0,0,1,0,1,0,1,0,0,0,0,0,1,0,1,0,1,1,0,1,0,1,1,0,1,1,1,0,1,0,0,0,0,1,1,1,0,0,0,0,0,1,0,0,1,0,0,1,0,1,1,0,1,1,0,0,1,0,1,0,1,0,0,0,1,1,0,1,0,1,0,1,0,0,1,0,0,0,0,0,1,1,1,0,1,0,0,1,1
1,0,1,0,1,1,0,0,1,1,1,1,1,1,1,0,0,1,1,1,1,1,1,1,0,1,0,1,0,0,1,1,1,0,1,1,0,1,1,1,1,1,0,0,1,1,1,1,0,1,1,0,1,0,0,1,0,1,1,0,1,1,0,0,1,0,1,0,0,1,0,0,0,1,0,0,0,1,1,1,0,1,1,1,0,0,0,1,1,1,0,0,0,0,0,1,1,1,0,1,1
0,0,1,1,0,1,0,1,0,1,1,1,0,0,0,0,0,0,1,0,0,1,1,1,1,0,1,1,0,1,1,1,0,1,1,1,0,1,0,1,1,1,1,0,0,1,1,0,1,0,1,0,1,1,1,1,1,0,1,1,1,1,1,1,1,1,1,1,1,1,0,1,0,1,0,0,0,1,0,0,0,0,0,1,1,0,1,0,1,1,1,1,1,1,0,1,1,1,0,1,1
0,0,1,1,0,1,0,1,0,0,1,1,0,0,1,1,0,0,0,0,0,0,0,0,1,0,1,0,0,0,0,1,0,1,0,0,0,0,0,1,0,1,0,1,1,1,0,1,0,1,0,1,0,0,1,0,0,0,1,0,0,0,1,1,1,1,1,0,0,0,1,1,0,1,0,0,0,1,1,0,1,0,0,1,0,0,0,0,1,0,0,1,1,1,1,0,1,1,0,0,0
1,1,0,0,0,1,0,1,1,1,1,1,0,1,1,1,1,1,1,0,0,0,1,1,0,1,0,0,1,0,1,1,1,1,0,0,1,0,1,0,0,1,1,1,1,1,1,0,1,1,0,0,1,0,0,0,1,0,1,1,1,1,0,0,1,0,0,0,0,1,1,1,1,0,0,1,1,1,0,0,0,1,0,0,1,0,1,1,0,1,0,1,0,0,0,0,0,1,1,1,0
1,0,1,1,1,1,0,1,1,1,0,0,1,0,1,1,0,0,1,1,1,0,1,1,1,1,1,0,1,1,0,0,0,0,0,0,0,1,0,1,0,1,1,1,0,0,0,1,1,0,0,1,0,0,1,0,0,0,0,0,1,1,1,1,0,0,0,0,1,1,0,1,0,0,1,0,0,1,0,0,0,1,1,0,1,1,1,1,0,1,1,1,0,0,1,1,1,1,0,0,0
1,0,1,0,1,1,1,1,0,1,1,1,1,1,0,0,1,1,0,1,0,0,0,1,1,1,0,1,1,0,0,1,0,0,0,0,1,0,0,0,1,1,1,0,0,1,1,1,1,1,1,0,1,0,0,0,1,0,0,0,0,1,0,0,0,1,0,0,1,1,0,0,1,0,1,1,0,1,0,1,0,0,1,0,1,1,0,0,1,1,0,0,0,1,1,1,0,1,0,0,1
1,1,1,0,0,1,1,1,0,0,1,1,1,1,0,1,1,1,1,0,0,0,1,0,1,1,0,1,1,1,0,1,1,1,1,1,1,1,1,1,0,1,0,1,1,1,0,1,1,0,0,1,0,1,1,1,1,0,1,1,1,0,0,1,1,0,0,1,0,0,1,1,0,0,1,0,1,0,0,1,1,0,0,0,0,0,1,0,1,0,0,1,0,1,1,0,0,0,1,0,1
1,0,1,1,1,0,1,1,0,1,0,0,1,1,0,0,1,1,0,0,1,1,0,0,1,0,1,0,0,1,0,1,1,1,1,1,1,0,0,0,1,0,0,0,0,0,1,1,0,0,0,0,0,1,1,1,1,0,1,1,0,0,0,1,0,1,0,0,0,0,0,1,1,0,0,0,0,1,0,0,0,1,0,1,1,1,1,1,1,0,0,0,1,1,0,1,0,1,0,1,1
0,1,1,0,1,0,0,0,1,0,0,1,1,1,0,1,1,0,0,1,1,1,1,1,0,1,0,0,0,1,0,1,0,0,1,1,1,0,0,0,1,0,1,1,0,1,0,1,0,0,0,0,1,0,0,1,0,0,0,1,1,0,1,1,1,1,1,1,1,1,1,0,1,0,1,0,0,0,0,1,1,0,1,1,1,1,0,0,1,1,1,0,0,1,1,1,0,1,0,0,1
0,0,1,1,1,0,0,0,1,1,1,0,1,1,0,1,1,1,0,1,1,1,0,1,0,0,0,1,1,0,1,1,1,0,1,0,1,0,1,1,1,1,1,0,0,1,0,1,1,1,1,1,1,1,0,1,1,0,1,0,0,0,1,0,0,0,1,1,0,0,0,0,1,1,1,1,1,0,1,0,0,0,0,1,1,0,0,0,1,0,0,0,1,1,0,0,0,1,0,1,1
1,1,0,1,0,0,0,1,1,0,1,1,1,1,1,0,0,0,0,0,1,1,1,0,1,1,1,0,0,0,0,0,0,0,0,1,1,0,0,0,1,1,0,1,1,0,0,0,0,1,0,0,1,0,0,0,1,1,1,1,1,0,1,0,0,0,1,1,0,1,0,0,1,1,1,1,0,1,0,0,1,0,0,0,1,1,1,0,0,1,1,1,0,0,1,0,0,1,1,1,0
1,0,1,0,1,0,1,1,1,0,0,1,1,1,0,0,0,0,1,0,1,0,1,1,1,1,1,1,0,0,1,0,1,0,0,1,1,1,1,1,0,0,0,1,0,0,0,1,0,1,0,0,1,0,0,1,1,1,0,1,1,1,1,1,1,1,1,0,1,1,1,0,0,1,0,0,0,0,0,0,1,1,0,0,1,1,0,1,1,1,1,1,0,1,1,1,0,1,1,1,1
1,1,0,0,1,1,0,1,0,0,0,1,0,1,0,0,0,1,0,0,0,1,0,0,1,0,0,1,1,1,1,0,0,1,1,1,0,0,0,0,1,1,1,1,1,1,1,0,0,1,0,1,0,0,1,1,0,1,0,0,0,0,1,0,1,1,0,0,1,1,1,0,0,0,1,0,1,0,1,0,0,0,1,1,1,1,0,1,0,0,1,0,0,1,0,1,1,1,0,0,1
0,0,1,0,0,1,1,0,0,0,0,0,0,0,0,0,1,1,0,1,1,1,0,0,0,0,1,1,1,1,1,0,0,0,1,1,0,1,1,1,0,1,1,1,0,1,0,0,1,0,1,0,1,1,1,0,0,0,1,0,1,0,0,0,1,0,0,1,1,1,0,0,0,1,0,1,0,1,0,1,1,1,0,1,1,0,1,1,1,1,1,1,1,0,1,1,0,1,0,0,1
0,0,1,0,0,0,1,0,0,0,0,0,1,0,1,1,1,1,0,0,0,1,0,1,0,0,0,1,1,0,1,1,1,0,1,0,0,0,1,1,1,1,0,0,0,1,0,0,1,1,0,1,0,1,1,0,1,1,0,1,0,1,0,1,1,0,0,1,0,1,1,1,0,1,1,0,1,0,1,1,1,0,0,0,1,0,1,1,1,1,0,1,1,1,0,0,0,1,0,1,1
0,1,0,0,0,1,1,0,0,1,1,0,1,0,1,0,0,1,1,0,1,0,1,1,0,1,0,1,0,1,0,1,1,0,1,0,0,1,1,0,0,0,1,1,1,0,1,0,1,1,0,1,1,1,0,1,0,1,1,0,1,0,0,1,1,1,0,0,1,0,1,1,1,0,1,1,0,0,1,1,0,1,1,0,1,1,0,1,1,0,0,1,1,1,1,0,0,0,1,1,0
1,0,1,0,0,1,1,0,1,0,1,1,1,1,0,0,0,1,0,0,1,0,0,0,1,1,1,0,1,0,1,1,0,0,0,1,1,0,0,0,0,0,1,1,0,1,1,0,0,1,0,0,0,1,1,0,1,1,1,1,0,1,1,1,1,0,1,0,0,0,0,0,0,1,1,1,0,0,1,0,1,0,1,0,0,1,1,1,1,0,1,1,1,1,1,1,1,1,1,1,1
0,0,0,1,1,0,1,0,1,1,0,0,0,1,1,0,0,1,1,1,0,0,1,0,0,0,0,0,0,1,1,1,1,1,1,0,1,1,0,0,1,1,1,0,0,1,0,0,1,1,0,1,0,0,0,0,0,1,1,0,0,0,0,0,0,1,0,0,0,0,0,0,0,0,1,1,1,0,0,1,1,1,0,1,1,0,0,1,1,1,0,0,0,1,0,0,0,1,1,0,1
1,1,1,1,0,1,0,0,1,1,1,1,0,0,0,1,0,0,1,1,1,0,0,0,1,0,0,0,1,1,1,1,0,1,1,0,0,1,1,1,1,0,0,0,1,1,1,1,1,0,0,0,1,0,0,0,0,1,1,0,1,0,0,1,1,0,0,1,0,1,1,0,1,1,0,1,0,1,0,1,1,0,1,1,1,1,1,0,1,1,0,1,0,1,1,0,0,1,1,1,1
1,1,1,1,1,1,0,1,1,0,1,0,0,0,1,0,1,0,1,1,1,0,0,0,0,1,0,1,1,0,1,1,1,1,1,0,0,0,0,0,0,1,0,1,1,0,1,0,0,1,1,0,1,0,0,1,1,1,1,0,0,1,1,0,1,1,1,1,1,0,0,0,0,1,0,0,1,0,1,0,0,1,1,1,0,0,1,1,0,1,0,0,0,1,0,0,0,1,0,1,1
0,0,0,0,0,0,0,1,1,0,0,1,0,0,1,0,0,1,0,0,0,1,1,0,0,0,1,1,1,1,1,1,1,1,1,0,1,1,1,0,0,1,0,1,1,1,0,0,1,1,1,1,0,0,0,0,0,0,1,1,1,1,0,1,0,0,0,0,1,1,1,1,1,0,1,1,0,1,1,1,0,1,0,0,0,0,0,0,0,0,0,1,1,1,1,0,0,0,0,1,0
1,0,1,0,0,0,0,0,1,0,0,0,0,0,1,1,1,1,0,0,1,0,1,1,1,0,0,1,1,1,1,1,1,0,0,0,0,0,0,1,0,1,0,1,0,1,1,1,1,1,1,0,1,1,1,1,1,0,1,1,1,1,1,1,1,0,1,0,1,0,1,0,0,0,1,1,0,1,1,0,0,0,0,1,1,0,0,0,1,1,1,1,1,1,0,0,0,1,0,1,1
0,0,1,1,0,1,1,1,1,0,1,0,1,0,1,0,0,0,1,0,0,1,1,0,0,1,0,1,0,1,1,1,1,0,1,0,0,0,0,0,0,1,0,1,0,0,1,0,1,0,1,1,1,1,1,0,0,1,1,0,1,1,1,1,0,0,1,1,0,0,1,1,1,0,1,0,0,1,0,1,0,0,0,1,0,0,1,0,1,0,0,1,1,1,0,1,0,1,1,0,0
0,1,0,0,1,1,0,0,0,0,0,1,0,1,1,0,0,1,0,0,0,1,0,0,0,1,1,1,0,0,0,1,0,1,1,1,0,0,1,0,1,1,1,1,1,1,1,0,1,0,1,0,1,1,0,0,0,1,0,0,0,1,0,1,0,1,0,1,0,0,0,1,1,1,0,0,0,0,1,1,0,1,0,1,0,1,0,1,0,1,0,0,0,0,0,1,1,1,1,0,1
0,0,1,0,1,1,1,1,0,1,0,0,1,1,1,1,1,0,0,1,1,0,1,0,1,0,0,1,0,0,0,1,0,0,0,1,1,1,0,0,1,1,0,1,0,0,0,0,0,1,0,0,1,0,0,0,1,1,0,0,1,0,0,0,1,1,1,0,1,1,1,0,0,1,1,0,1,1,1,0,1,1,0,0,1,0,0,0,0,0,1,0,0,1,0,0,1,0,1,0,1
1,1,1,0,1,0,1,1,1,0,0,1,1,0,0,1,0,1,1,1,1,1,1,1,0,1,0,1,1,0,0,0,1,1,0,0,1,0,1,1,1,0,1,1,1,0,0,0,0,0,0,1,0,0,0,1,0,0,1,0,1,0,0,0,1,0,0,0,1,0,1,1,0,0,0,0,0,1,0,1,1,1,0,0,1,0,0,1,0,1,0,0,0,1,1,1,0,1,0,1,1
1,0,0,0,1,0,1,1,1,1,0,1,0,1,1,1,1,1,1,1,0,0,0,1,1,1,0,0,1,0,0,1,0,0,1,0,1,1,1,0,1,1,0,1,1,1,0,0,1,1,0,1,0,1,0,1,1,1,1,0,0,0,1,0,1,1,1,0,1,1,0,0,0,0,1,1,1,0,0,1,1,0,1,0,0,1,0,1,1,1,0,1,0,1,1,0,0,0,0,1,1
1,1,1,0,0,1,1,0,1,0,1,1,0,1,0,0,0,1,0,0,1,0,0,0,0,0,0,0,0,1,1,0,1,1,0,1,1,1,0,1,0,0,1,1,1,0,1,1,0,0,1,0,0,1,0,0,0,0,0,1,0,0,0,0,0,1,1,1,1,1,0,1,1,0,1,1,1,0,0,0,0,0,1,0,0,0,1,1,0,0,1,0,1,0,0,0,0,1,0,0,1
1,0,0,1,1,1,1,0,0,0,0,0,1,0,0,0,0,0,1,0,0,0,0,1,1,0,1,0,0,0,1,0,0,1,0,1,1,1,1,1,0,0,1,1,0,0,0,1,1,0,0,0,0,1,1,0,0,0,1,0,1,0,0,0,1,1,0,0,0,1,0,1,1,1,1,1,0,1,0,0,1,0,0,1,1,0,0,1,0,1,1,0,0,1,0,1,1,0,1,0,1
1,1,0,1,0,0,1,1,1,0,0,1,1,1,1,0,0,0,1,1,0,0,1,1,1,0,0,1,0,1,1,1,1,1,1,0,1,0,0,0,1,0,1,0,1,0,1,0,0,0,1,1,1,1,1,1,0,0,1,0,0,0,1,0,0,1,1,1,1,1,0,1,1,0,1,0,0,0,1,0,0,1,1,0,1,1,1,1,1,1,0,0,1,0,1,0,0,1,1,1,1
0,0,1,0,0,1,0,0,1,1,1,1,0,1,0,0,1,0,1,0,1,0,0,0,1,1,0,1,1,0,1,0,1,1,1,1,0,0,0,1,1,1,0,1,1,1,1,0,1,0,0,1,1,0,0,1,1,1,0,1,0,0,1,0,0,1,0,1,0,1,0,0,1,0,1,1,0,0,0,0,1,0,1,0,1,0,1,0,1,0,0,0,1,0,0,1,0,1,1,0,1
0,0,1,0,1,0,1,0,0,0,1,0,0,1,1,0,1,0,0,1,0,0,1,1,1,0,0,1,1,0,0,1,1,1,1,1,1,1,1,0,1,0,1,0,0,0,0,1,1,1,0,1,1,1,1,1,1,0,0,1,0,0,0,0,0,1,0,0,0,0,0,1,0,0,1,1,0,1,0,0,0,0,1,0,1,1,1,0,1,0,0,0,1,1,1,0,1,1,1,1,1
1,1,0,1,0,0,0,0,0,0,0,0,0,0,0,1,0,0,1,0,1,1,1,1,1,1,0,0,1,0,1,0,0,1,0,0,1,0,0,0,0,1,1,1,1,0,0,1,1,1,0,0,1,1,1,1,1,0,0,0,1,1,1,0,1,0,1,1,0,0,0,1,1,1,0,0,0,1,1,0,1,1,0,0,1,0,0,0,0,0,0,1,0,0,1,0,0,0,0,0,0
0,1,1,0,1,1,1,1,1,1,0,1,0,0,0,1,0,1,1,1,1,1,1,1,1,1,0,1,0,0,1,0,0,0,1,0,1,1,0,0,0,1,1,1,1,0,1,0,1,1,0,1,0,1,1,0,1,0,1,1,1,0,1,1,1,1,0,1,1,0,0,0,0,0,1,1,0,0,0,1,0,1,0,0,0,0,0,0,1,1,0,0,1,0,1,0,1,0,0,1,1
1,0,1,0,1,0,0,0,1,1,1,1,1,0,1,0,1,0,1,0,0,0,1,1,1,1,0,0,0,0,1,1,1,1,1,0,1,1,0,0,0,1,0,1,1,0,1,0,0,1,0,0,0,1,1,1,1,0,0,0,0,0,0,0,0,0,1,0,1,0,0,0,0,0,1,1,0,0,1,1,0,0,0,0,1,0,0,1,1,1,0,1,1,0,0,1,1,0,1,1,1
0,1,0,1,1,0,1,0,1,1,1,0,0,0,1,1,0,0,1,1,1,0,1,1,0,0,0,0,0,0,1,0,1,1,0,0,0,1,1,0,1,0,1,1,0,1,1,0,0,0,1,0,1,0,0,0,1,0,1,0,0,0,1,1,1,1,0,0,1,1,1,1,1,1,1,1,0,1,1,1,1,1,1,0,1,1,1,1,1,1,1,1,1,0,1,0,1,1,0,0,0
1,0,1,0,0,0,1,1,0,1,0,0,1,1,0,1,1,1,1,0,0,0,0,0,0,1,0,1,1,1,1,1,1,0,1,1,0,0,0,1,1,0,1,1,1,1,0,0,0,1,0,0,0,1,1,1,0,0,0,1,1,0,1,1,1,1,1,0,0,1,1,1,1,1,0,0,0,1,1,1,0,0,1,1,0,1,0,0,1,1,0,1,1,1,1,0,0,0,0,0,1
1,1,1,1,1,1,0,1,0,1,1,1,0,1,1,0,1,1,1,0,1,0,1,1,0,0,1,1,0,1,0,1,0,1,0,1,1,0,1,0,0,1,1,1,0,1,1,1,1,0,0,1,0,1,1,1,1,0,0,1,1,0,1,1,1,1,1,1,1,1,1,0,1,0,1,1,1,1,1,0,1,1,1,0,1,1,0,0,1,1,0,0,0,1,0,0,0,1,0,1,0
0,0,1,1,1,0,1,1,1,0,0,0,0,0,0,0,1,0,1,0,0,1,0,1,0,1,1,0,1,1,1,1,1,0,1,0,0,1,0,0,0,0,0,1,1,1,1,0,0,0,1,1,0,1,0,1,1,0,1,0,1,0,0,0,1,0,0,1,0,0,0,1,0,1,1,1,1,1,0,1,0,0,0,1,0,1,1,1,1,1,1,0,0,1,0,0,1,0,0,1,0
1,1,1,0,0,1,1,0,1,1,1,0,0,1,0,0,1,0,1,1,0,0,0,1,0,1,1,0,0,1,0,1,1,0,0,0,1,1,1,1,0,1,0,0,0,0,0,1,1,0,0,1,0,0,1,1,1,1,1,0,1,0,1,1,0,1,0,1,1,1,1,1,0,1,1,0,1,1,1,1,0,0,1,0,1,1,0,0,0,1,0,1,1,0,0,1,1,0,1,0,0
0,1,1,1,1,0,1,0,1,0,0,1,1,1,0,0,1,1,1,0,1,1,0,1,0,1,0,1,0,0,0,1,0,0,1,1,1,1,1,1,0,1,1,1,1,1,1,0,0,1,0,0,1,1,1,0,1,0,1,0,1,0,0,0,0,0,0,0,0,1,0,1,1,0,1,0,1,0,1,0,1,0,1,0,1,0,0,1,0,0,1,0,1,0,0,1,0,0,1,1,0
1,0,0,0,0,1,0,1,0,0,0,0,0,0,1,0,1,1,0,1,0,1,1,0,0,0,1,1,0,0,1,0,1,0,1,0,1,1,0,0,1,1,0,1,1,1,0,1,0,1,1,1,0,1,1,0,1,0,0,0,1,1,0,0,0,1,0,0,0,1,1,1,0,1,0,1,1,0,1,0,0,1,1,0,1,1,0,1,1,1,1,1,1,1,1,1,1,1,1,0,1
1,0,1,1,1,0,0,1,1,1,0,1,1,1,1,1,0,0,1,0,0,1,0,0,1,1,1,0,0,0,1,0,1,1,0,1,0,0,0,1,1,0,0,1,1,0,0,1,1,0,0,0,0,0,0,1,0,0,1,0,1,1,0,0,0,0,1,0,0,0,0,0,0,0,1,1,0,1,0,0,1,1,1,1,1,0,0,0,1,0,0,0,1,1,0,1,0,0,1,0,1
0,0,0,1,1,1,0,1,1,0,1,0,1,0,0,1,0,1,0,0,1,0,1,1,0,1,0,0,0,1,0,0,0,1,0,0,1,1,0,0,1,0,0,1,0,0,0,0,1,0,1,0,0,0,0,1,0,1,1,0,1,0,0,0,1,0,1,0,1,1,0,0,1,1,0,0,0,0,1,0,1,1,1,1,0,0,1,0,1,0,1,1,1,1,1,0,1,1,0,0,0
1,0,0,0,1,0,1,1,0,1,1,0,0,0,1,0,0,0,0,0,1,1,0,1,0,0,0,0,0,1,1,1,1,1,1,1,1,0,0,0,0,1,0,1,0,1,1,0,1,0,1,0,0,0,0,0,1,1,0,1,0,1,1,1,1,1,1,1,0,0,0,1,1,1,0,1,0,1,1,1,0,1,0,0,1,1,0,1,0,0,0,1,0,1,0,0,1,1,0,1,1
1,0,0,0,1,0,1,1,1,0,0,0,1,1,0,1,1,1,0,1,1,0,1,1,1,0,1,0,0,0,0,1,0,1,1,0,0,1,0,0,0,0,0,0,1,0,0,0,0,1,1,1,0,0,0,1,1,1,1,1,1,0,1,0,1,1,0,0,0,0,1,1,0,0,1,0,0,1,0,0,0,1,0,1,1,1,1,1,0,0,1,1,1,1,0,1,0,0,1,1,1
1,1,0,0,0,1,0,0,0,1,1,1,0,0,0,0,1,1,0,0,0,1,0,1,0,1,1,1,1,0,1,0,0,1,1,1,0,0,0,0,1,0,1,1,0,1,0,0,1,1,1,0,0,0,1,0,1,0,1,0,0,0,0,1,0,0,1,0,0,0,0,1,0,1,1,1,1,0,0,1,0,1,1,0,1,0,1,1,0,1,0,1,1,1,0,0,0,1,0,0,1
1,0,0,1,0,1,1,1,1,1,1,0,1,0,1,1,0,1,0,1,0,0,1,1,0,1,1,1,0,1,1,0,0,1,1,1,1,0,1,1,0,0,0,1,1,0,0,1,0,0,0,0,0,0,1,0,0,1,0,0,1,1,0,1,0,1,0,1,0,1,0,0,1,0,1,0,1,1,1,1,1,0,0,1,1,0,0,1,1,0,0,1,1,1,0,1,1,0,0,1,1
0,1,0,0,0,0,0,1,1,1,1,0,1,1,0,1,0,1,1,1,0,0,0,1,0,0,1,0,1,1,0,0,1,1,1,1,0,0,0,0,0,1,0,1,1,1,1,1,0,1,0,1,1,1,1,1,1,0,0,0,0,1,1,1,1,0,0,1,1,0,1,0,0,0,0,1,0,1,1,1,0,0,1,1,0,1,0,1,0,1,1,1,0,0,0,0,0,0,1,0,1
1,0,0,0,0,0,0,1,1,1,1,1,0,1,0,0,0,1,0,1,0,0,1,0,1,1,0,0,0,0,0,1,0,0,1,1,1,0,0,1,1,0,1,1,0,1,0,1,1,0,0,0,1,0,0,1,0,0,1,0,1,0,1,1,1,0,1,1,0,1,0,0,0,0,0,0,1,0,1,0,0,1,0,1,1,0,1,1,0,0,1,0,1,1,0,0,1,0,1,0,1
0,0,0,0,1,1,0,1,1,1,0,1,1,0,0,1,0,0,1,1,0,1,1,1,1,1,1,1,0,0,0,0,0,0,0,1,0,1,0,0,0,0,0,1,0,1,1,0,0,1,1,0,0,1,1,0,1,1,1,1,0,1,0,0,0,1,1,1,0,1,0,0,1,0,0,1,1,1,1,1,0,1,1,1,1,1,0,1,0,0,1,1,0,0,1,0,1,1,0,0,1
0,1,1,1,1,1,0,1,0,0,1,1,0,0,1,1,0,0,1,0,0,1,0,0,1,1,1,1,0,1,1,1,0,1,1,0,1,0,0,1,1,0,0,1,1,1,0,0,0,1,0,1,1,0,0,1,1,1,0,0,1,0,1,1,0,0,0,1,1,1,0,0,1,1,0,1,1,0,0,1,0,0,0,0,1,1,1,0,0,1,1,0,0,0,0,1,0,0,1,0,0
0,1,0,0,1,1,1,0,1,0,1,1,1,1,0,0,0,0,0,1,1,1,1,0,0,0,1,0,1,1,0,0,1,0,1,0,0,1,0,1,1,0,1,0,0,1,0,0,1,0,1,0,1,0,1,0,1,1,1,0,0,0,1,0,1,1,0,1,0,0,0,1,1,1,0,0,1,1,0,1,1,0,0,1,0,0,0,0,1,1,1,1,1,0,1,1,0,1,0,0,0
1,1,1,0,0,0,0,0,1,1,1,0,0,0,0,0,1,1,0,0,1,0,1,1,1,0,1,0,1,0,0,0,0,1,0,0,0,1,0,1,1,0,1,1,1,0,0,0,0,0,0,1,1,1,0,0,1,1,1,0,1,0,0,0,1,1,1,0,0,0,0,0,1,0,1,1,1,1,1,0,1,0,0,1,0,0,1,1,1,1,1,0,0,0,1,1,1,0,1,1,1
1,1,0,1,0,0,0,1,0,0,0,0,1,0,0,0,0,1,0,0,0,1,0,0,0,0,0,0,0,1,0,0,0,0,0,1,1,0,1,0,0,0,1,1,0,1,1,1,1,1,1,0,0,1,1,0,0,1,1,0,1,1,1,1,0,1,0,1,1,0,0,1,1,1,0,1,0,0,1,0,1,0,0,0,1,1,1,0,1,0,1,1,0,1,1,1,1,1,1,0,1
1,0,0,1,0,1,1,0,0,1,1,1,0,1,0,0,0,1,1,1,1,1,0,1,1,0,1,0,0,1,1,1,1,1,1,1,1,0,1,0,1,1,1,1,0,1,0,0,1,1,1,0,0,1,1,1,0,0,1,0,1,0,1,0,0,1,1,1,1,1,1,1,1,1,1,0,1,0,0,1,0,0,0,0,0,0,1,1,0,1,0,1,1,1,0,0,0,1,0,0,1
1,0,1,1,1,1,1,1,0,0,0,1,0,0,0,0,0,0,1,1,1,0,1,0,1,0,1,1,0,1,0,0,0,0,1,1,1,0,0,1,1,1,1,0,0,1,1,0,0,0,0,1,1,1,1,1,0,0,1,0,1,0,1,1,0,1,0,1,0,0,0,0,1,0,0,1,1,0,0,0,1,0,1,1,0,0,0,0,0,1,0,0,0,1,1,1,0,0,1,0,1
0,1,0,1,1,0,1,1,0,0,0,1,0,1,0,1,1,1,0,0,1,0,0,1,0,0,1,1,1,1,0,0,1,0,1,0,1,0,1,0,0,0,1,0,0,1,0,1,0,1,0,0,0,1,0,0,1,0,0,0,1,1,0,1,0,1,0,0,1,0,1,0,0,1,0,1,1,1,0,0,1,0,1,1,1,0,1,1,1,0,1,1,0,1,0,1,1,1,1,1,0
1,0,0,0,1,0,0,1,0,1,1,0,1,1,1,0,0,1,0,0,1,0,0,0,1,0,1,0,0,0,0,1,0,0,0,0,0,0,1,0,0,0,1,0,0,1,1,0,0,0,1,1,0,1,1,1,1,0,1,0,0,0,1,1,0,1,0,1,1,0,1,0,0,1,1,1,1,0,1,0,0,0,1,0,0,1,0,0,1,1,1,1,0,0,0,0,1,1,0,0,1
1,1,1,1,1,1,0,1,1,0,0,1,0,0,1,1,1,0,0,0,1,0,1,0,1,0,0,1,0,0,0,0,1,1,0,0,1,0,0,1,0,1,0,0,1,0,1,1,1,0,0,1,0,1,0,0,0,1,1,1,1,0,1,0,1,0,0,0,0,1,0,0,1,1,1,0,0,1,1,0,1,0,0,0,0,1,1,0,1,1,0,1,1,0,1,0,0,1,1,1,1
1,1,0,0,0,0,1,0,0,1,1,1,0,1,0,1,0,1,0,0,0,0,0,1,1,0,0,0,1,0,1,1,0,0,1,0,1,0,1,0,0,0,1,1,1,0,0,1,0,0,0,1,0,0,1,0,1,0,0,0,1,0,1,0,1,0,1,0,0,1,0,0,0,1,0,1,0,0,1,0,0,0,0,0,1,1,0,0,1,0,0,0,1,1,0,1,1,0,1,1,1
1,0,0,0,1,1,1,1,1,1,0,0,0,0,1,0,1,1,0,0,0,1,1,0,0,0,1,1,1,1,0,0,1,1,1,1,1,1,0,1,0,1,1,0,0,0,0,0,1,0,0,1,1,1,1,0,0,1,0,0,1,0,1,0,0,1,0,0,0,0,1,1,1,0,0,1,1,0,1,1,0,0,1,0,0,0,0,0,1,0,0,1,1,0,0,0,0,0,0,0,1
1,1,0,0,0,0,1,1,1,1,1,1,1,0,1,1,0,0,1,1,1,1,0,0,1,1,0,1,1,1,0,0,0,1,0,0,1,0,0,1,1,1,0,0,0,1,0,1,1,1,1,1,0,0,0,0,1,1,1,0,0,0,1,1,0,1,0,0,0,1,1,1,1,1,1,1,0,1,1,0,0,1,0,1,1,1,1,1,0,1,1,1,0,0,0,1,1,0,0,0,0
0,0,1,1,0,0,1,1,0,0,0,1,1,0,0,1,1,0,0,1,0,0,1,1,1,0,1,1,0,1,1,1,1,0,0,1,0,1,0,1,0,0,0,1,0,1,0,0,1,0,0,0,1,0,1,0,0,0,0,1,0,0,0,1,0,0,1,1,1,1,0,1,0,1,0,1,0,0,0,0,0,0,0,1,0,0,1,0,0,0,1,0,0,1,0,0,1,1,0,1,0
0,0,0,1,1,0,0,1,0,1,0,1,1,1,1,0,0,0,0,0,1,0,0,1,1,1,1,1,0,1,0,1,0,0,1,0,0,0,0,0,0,0,1,0,0,1,1,1,1,1,1,0,1,1,1,0,1,1,0,1,0,1,0,1,0,1,0,1,0,0,1,0,1,0,0,0,1,0,0,1,1,0,0,0,1,1,0,1,0,1,1,0,0,0,1,1,0,1,0,1,1
0,1,1,1,0,0,0,1,0,1,1,1,1,1,0,0,1,0,0,1,0,1,0,1,0,0,0,1,0,1,1,1,0,1,1,0,0,0,0,0,1,0,0,0,1,1,1,1,0,1,1,0,0,1,0,0,0,0,0,0,1,1,1,0,1,0,0,0,0,1,0,0,1,0,1,1,1,0,0,0,0,0,0,0,1,0,0,1,1,0,0,1,1,1,1,1,1,0,1,0,1
0,1,0,1,1,0,1,0,1,1,0,0,0,1,0,1,0,0,1,1,0,1,0,1,1,1,1,1,1,1,0,1,0,1,0,1,0,1,1,1,1,1,1,1,0,0,0,0,1,0,0,0,0,0,1,0,1,0,0,1,0,0,1,1,0,1,1,0,0,0,1,1,0,0,1,1,1,1,0,1,1,1,1,0,0,1,0,0,0,1,0,0,1,0,0,1,1,0,0,0,1
0,1,0,1,1,1,0,1,0,1,1,1,0,1,0,0,1,1,1,1,1,1,0,1,1,0,1,1,0,1,1,1,0,0,1,0,0,0,0,0,0,0,0,0,0,0,1,0,1,0,1,1,0,1,0,0,1,0,1,0,1,1,1,0,1,1,0,0,0,1,1,1,0,0,0,1,1,0,0,1,1,1,0,1,0,0,0,0,1,1,1,1,0,1,0,1,0,0,0,1,1
0,1,1,1,0,0,0,1,1,0,1,1,0,1,1,1,1,0,0,0,1,1,0,1,0,0,0,1,0,1,1,0,0,0,0,1,0,0,1,0,1,1,1,0,0,1,0,1,0,0,1,1,1,1,1,1,1,0,1,1,0,1,1,0,1,0,1,1,1,1,1,0,0,1,0,0,1,0,0,1,0,0,1,0,1,0,1,0,0,1,0,1,1,0,1,0,1,0,0,1,0
0,1,1,0,1,1,1,1,0,1,0,0,1,1,0,1,0,0,0,0,1,1,0,1,1,1,0,0,0,1,0,1,0,0,1,1,1,0,0,1,0,1,0,1,0,0,1,0,1,0,0,0,0,0,0,0,0,1,1,0,0,1,0,0,1,0,1,1,1,1,1,0,0,0,1,1,0,0,0,0,0,0,1,0,1,0,1,0,1,0,1,1,1,1,1,0,0,0,1,0,1
1,1,1,1,1,1,1,0,1,0,1,1,1,0,1,1,1,1,1,0,1,1,0,0,0,0,0,0,1,1,0,0,1,0,1,1,1,1,0,0,1,1,0,0,0,1,1,1,0,1,0,0,1,0,0,1,0,1,0,1,0,0,0,1,0,0,1,0,0,1,1,0,1,0,0,1,0,1,0,0,1,1,1,0,0,0,1,1,0,0,0,0,0,0,0,1,1,1,0,0,0
0,0,1,1,0,0,1,1,0,1,1,1,0,1,0,0,1,1,0,0,1,1,1,0,1,0,1,0,1,0,0,1,0,1,0,0,1,0,1,0,1,1,1,0,1,1,1,1,1,1,0,1,0,1,1,1,0,0,0,0,1,1,0,1,0,1,1,0,0,0,0,1,0,1,1,1,1,1,1,0,1,1,0,0,0,1,1,0,1,0,1,1,0,1,0,0,0,1,0,0,1
1,1,0,1,0,1,1,1,1,1,1,0,1,0,1,1,0,1,1,0,0,1,1,0,0,1,1,1,1,0,1,0,1,0,0,0,0,0,0,1,1,0,0,0,1,0,0,1,1,0,1,1,1,0,0,0,0,1,1,0,1,1,1,0,1,1,0,0,0,1,1,0,1,1,0,1,0,1,1,0,0,0,0,0,0,0,0,0,0,1,1,1,1,1,1,1,0,1,1,0,0
0,0,0,0,0,0,1,0,1,1,1,0,0,1,1,0,0,1,1,0,1,0,0,1,1,0,1,1,1,0,1,1,1,1,0,0,1,0,1,1,0,1,1,0,1,0,0,0,1,0,1,0,1,0,0,0,1,0,0,0,1,1,1,1,0,0,0,0,1,0,0,1,1,0,0,1,0,0,1,0,1,1,1,1,1,1,0,1,0,0,0,1,1,0,1,0,0,1,0,1,0
0,0,0,1,1,1,0,1,0,1,0,1,1,1,1,0,1,1,0,0,1,0,1,0,1,1,0,0,1,1,0,1,1,1,1,1,1,0,1,0,1,1,1,1,1,0,1,1,1,1,1,1,0,0,1,1,0,0,1,0,0,1,1,1,1,0,1,1,0,0,1,0,1,1,1,1,0,1,1,1,0,0,0,1,0,1,1,1,1,1,0,0,1,1,0,0,1,1,1,0,1
0,1,1,0,1,1,1,0,0,1,1,0,1,1,0,0,0,0,1,0,0,1,1,1,1,1,1,1,1,0,1,0,0,1,0,1,1,0,1,1,0,0,1,0,1,1,0,1,1,0,0,1,1,0,0,1,0,0,0,0,0,1,0,1,0,1,1,1,1,0,0,1,1,1,0,1,1,0,0,0,1,0,1,0,1,0,1,0,1,1,0,1,0,1,1,1,1,1,0,1,1
1,1,1,0,0,1,1,0,0,0,0,0,0,0,1,1,0,0,0,0,0,0,0,0,1,1,0,0,0,1,1,0,0,0,1,1,0,1,1,0,1,1,1,0,0,1,1,1,0,0,0,1,1,0,0,1,0,1,1,1,0,0,0,0,1,0,0,1,0,0,1,1,0,0,1,1,1,0,0,1,0,0,1,1,0,0,0,0,1,0,1,0,0,1,0,1,1,0,0,1,1
1,1,0,0,0,0,1,0,1,0,0,1,0,0,0,0,1,1,1,0,0,1,1,0,1,1,0,1,1,0,1,1,1,1,0,0,0,1,1,0,1,0,1,0,0,1,0,0,1,0,0,1,1,1,0,0,1,1,0,1,1,1,1,1,0,0,0,0,0,0,0,1,1,0,1,0,1,0,0,1,0,0,0,0,1,1,1,0,0,1,0,1,0,1,1,0,1,1,1,0,1
0,0,1,0,0,0,1,1,0,0,0,1,1,1,0,1,0,1,1,0,0,1,1,0,0,0,1,1,0,0,1,1,0,0,1,1,0,1,1,1,0,0,1,1,0,0,0,0,0,0,1,0,0,0,0,1,1,0,0,1,1,0,0,0,1,1,1,1,0,0,1,0,0,0,0,0,1,1,1,0,1,1,1,0,1,0,1,0,1,1,0,1,1,0,0,1,0,1,0,0,1
0,0,0,1,0,1,0,1,0,1,0,0,0,0,0,1,1,1,0,1,1,1,1,1,0,0,0,1,0,0,0,0,0,0,0,0,1,0,1,0,1,0,0,0,1,1,1,0,1,1,0,0,1,1,1,0,0,0,1,1,1,0,1,0,0,0,0,0,0,1,1,1,1,0,1,0,0,1,1,0,0,0,0,1,0,1,1,0,1,1,0,1,0,1,0,1,0,0,0,1,0
1,0,1,0,0,0,1,1,1,1,1,0,1,1,1,0,1,1,0,0,1,1,0,1,1,1,1,1,0,1,0,0,1,1,0,0,1,1,1,1,0,0,1,1,0,0,1,1,1,1,1,1,1,0,1,0,0,0,0,0,1,1,0,1,0,0,1,0,0,1,1,1,1,1,1,1,1,0,0,1,0,0,0,0,1,1,1,0,0,0,0,1,0,0,1,0,0,1,0,1,1
1,0,1,0,1,0,1,0,1,0,1,0,1,0,0,0,0,0,0,1,0,0,1,1,0,1,0,1,0,1,1,0,0,0,0,1,0,0,1,1,1,1,1,1,1,0,1,1,0,0,0,0,1,0,0,1,1,1,1,0,0,1,0,0,1,1,0,1,0,0,1,1,0,0,0,0,1,0,0,1,0,1,1,1,1,1,1,0,0,1,1,0,0,1,0,0,1,0,1,1,1
0,0,0,0,1,0,1,1,0,0,1,0,0,0,1,0,1,1,1,0,1,1,1,0,0,1,1,0,1,1,1,0,0,1,1,1,0,0,0,1,1,1,1,1,1,1,0,1,1,1,1,0,1,1,1,1,1,0,0,0,1,0,1,1,0,1,0,0,0,1,1,1,1,0,1,1,1,1,1,0,1,1,1,0,1,1,1,1,1,0,0,0,1,1,1,0,0,0,1,1,1
0,1,0,1,0,0,0,0,0,0,1,1,1,0,0,0,0,1,1,1,0,0,1,0,1,1,0,1,1,0,0,0,0,1,1,1,1,1,0,0,0,0,1,1,1,1,1,1,1,1,1,0,1,0,1,1,1,0,1,1,0,1,1,1,0,0,1,0,1,1,0,0,1,1,0,1,1,1,0,0,0,1,1,0,0,1,1,1,0,0,1,0,1,1,0,1,1,1,0,1,1
0,0,0,1,1,1,0,1,1,0,0,1,0,0,1,1,1,1,1,0,0,0,1,1,1,1,0,1,0,1,0,0,1,1,0,1,1,0,1,0,0,0,0,1,1,1,0,0,1,1,1,1,0,0,1,1,1,1,1,0,1,1,1,0,1,0,1,0,1,1,0,0,1,1,0,0,1,0,0,0,1,0,1,1,1,0,1,1,1,0,1,0,1,1,0,0,0,0,0,0,0
0,1,0,1,0,0,0,1,0,1,1,1,0,0,0,0,1,1,0,0,1,0,1,0,0,1,1,0,0,1,1,1,0,1,0,0,0,1,0,1,0,1,0,1,0,0,0,0,0,0,0,1,0,1,1,1,1,1,1,0,0,0,0,1,0,1,1,1,1,0,1,1,0,0,0,1,0,0,1,1,0,1,0,0,1,0,0,1,0,1,0,1,1,0,0,1,1,1,0,1,1
0,1,1,1,0,0,1,0,1,1,1,1,1,1,0,0,0,1,0,1,0,1,0,1,1,0,1,1,1,1,1,0,0,1,0,0,0,0,1,0,1,1,1,0,1,0,0,0,1,1,1,0,0,1,0,0,0,1,1,1,0,0,1,0,1,0,0,0,0,1,1,0,1,0,0,0,0,1,1,0,0,1,0,1,0,0,0,0,0,1,1,1,1,0,0,1,1,1,1,1,1
1,0,0,0,1,1,1,1,1,1,0,1,1,1,0,1,1,0,0,0,0,1,1,1,0,0,1,1,0,0,1,0,1,1,1,0,0,0,0,1,0,1,0,0,0,1,0,0,0,0,0,1,0,1,0,1,1,1,1,0,0,1,0,1,0,1,0,0,0,0,0,0,0,1,0,0,0,0,1,0,0,0,0,1,1,1,1,1,0,0,1,0,0,0,1,1,0,1,1,1,1
0,1,1,0,1,1,1,0,1,0,0,0,0,1,1,0,0,0,0,1,1,0,1,1,0,1,1,0,1,1,1,0,0,1,1,1,0,0,1,1,0,1,0,0,0,1,0,0,0,1,0,0,0,1,1,0,1,0,0,1,0,0,1,0,0,1,0,1,1,0,1,1,0,1,0,1,1,1,1,0,0,0,1,1,0,1,0,0,1,0,1,1,1,0,1,0,0,1,0,1,1
1,1,1,0,1,0,0,0,0,0,0,1,0,1,0,1,0,1,0,0,0,0,1,0,0,1,0,0,1,1,1,0,0,0,1,0,0,1,0,0,1,0,0,0,1,0,0,0,0,0,0,0,1,1,0,1,1,1,0,1,1,0,1,1,1,0,1,0,0,0,1,1,1,0,0,1,1,1,0,0,0,1,1,1,0,1,0,0,1,1,0,1,0,0,1,1,1,1,1,1,1
0,0,1,1,0,0,0,0,1,0,1,0,1,1,1,1,1,1,0,0,1,0,0,1,0,0,0,0,1,1,0,1,0,0,1,1,1,1,0,1,1,1,1,1,1,0,0,0,1,0,0,1,1,0,1,0,0,1,0,1,0,1,0,1,1,1,1,0,0,0,1,1,0,0,1,1,1,0,0,0,0,0,1,1,0,1,0,1,1,1,1,1,1,0,1,1,1,0,1,0,0
0,1,1,1,1,0,1,0,1,1,0,0,0,0,1,0,0,0,0,1,1,0,0,1,0,0,0,0,0,1,1,1,1,0,1,0,1,0,1,0,0,0,1,0,1,0,1,1,0,0,1,0,0,1,1,1,1,1,1,0,0,0,0,0,0,1,1,1,0,0,1,1,1,1,0,1,0,0,0,1,0,1,0,0,0,1,0,1,1,0,1,1,1,0,0,0,1,0,0,1,1
1,0,0,1,1,1,0,0,1,1,1,1,1,0,1,0,1,0,1,0,0,0,0,1,1,0,1,1,1,1,1,0,1,0,1,0,0,1,1,1,0,1,1,0,0,1,1,1,0,0,0,1,1,1,1,0,0,0,0,1,0,0,1,0,1,1,1,1,1,1,1,1,1,1,0,1,0,0,1,0,1,0,0,0,0,0,0,1,1,1,0,0,1,0,1,0,1,1,0,1,0
0,0,0,1,1,1,0,0,0,0,1,0,1,1,0,0,0,1,0,1,0,1,0,0,0,0,1,0,1,0,0,1,1,1,0,1,0,1,0,1,0,1,0,0,1,1,0,0,0,1,1,0,0,1,0,0,1,1,0,1,1,0,1,1,0,0,1,0,1,0,1,1,0,0,1,1,1,1,1,0,0,1,0,0,0,0,1,0,0,0,1,1,1,1,0,1,0,1,0,1,1
0,1,0,0,0,0,0,0,0,0,0,0,0,0,0,0,0,0,0,0,0,1,0,1,1,1,1,1,0,1,1,1,1,1,1,1,1,1,1,1,1,0,0,1,1,0,1,0,0,0,1,0,1,1,0,1,1,1,0,0,0,0,1,0,1,0,0,1,1,0,1,1,0,1,0,1,1,1,1,1,1,1,1,0,0,0,1,0,1,0,1,1,1,0,1,0,0,1,0,0,1
1,1,0,0,1,1,1,0,0,1,1,0,1,1,0,0,0,1,1,0,0,0,1,1,0,1,0,1,1,0,1,1,0,1,1,1,1,0,1,1,0,0,1,1,0,1,0,1,0,1,1,0,0,1,0,0,0,1,1,1,0,1,0,1,0,1,1,1,0,1,0,0,1,1,0,0,1,0,0,0,0,0,1,1,1,0,1,1,0,0,0,0,1,0,0,1,1,0,1,1,1
0,1,0,0,1,1,1,0,0,0,0,1,0,0,0,1,0,0,1,1,0,0,1,1,1,1,0,0,1,0,1,0,1,1,0,1,1,1,1,1,0,1,0,0,0,1,0,0,0,0,0,1,0,1,1,0,1,1,1,1,0,1,0,1,0,1,1,0,1,1,0,0,0,1,1,1,1,0,0,1,0,0,0,1,1,1,0,1,0,1,0,1,0,1,0,0,1,1,0,1,1
0,1,0,1,1,1,0,0,0,1,1,1,0,1,0,1,1,1,1,0,0,0,1,1,1,1,0,0,0,1,1,1,0,0,1,1,0,1,1,1,1,0,0,1,0,0,1,0,1,0,1,1,1,0,0,1,1,1,1,1,0,0,0,1,1,1,0,0,0,1,1,0,0,1,0,0,0,0,1,0,1,1,1,0,1,0,1,0,1,1,1,1,0,1,0,1,1,0,1,0,1
1,1,0,0,1,1,0,1,0,1,0,0,1,0,0,1,1,1,0,1,1,0,1,0,0,1,0,0,0,0,1,1,1,1,0,0,0,1,1,0,0,0,0,0,1,0,0,1,1,1,1,1,0,0,1,1,0,1,0,1,1,1,0,1,1,0,1,1,0,0,1,0,0,1,1,1,1,0,1,1,0,0,1,1,0,1,1,1,1,1,1,1,1,0,1,0,1,0,1,0,1
0,0,0,0,1,0,0,0,0,0,0,0,1,1,0,1,1,1,0,0,0,1,0,0,0,0,0,0,0,0,1,1,1,1,0,0,0,1,1,0,0,0,0,1,1,0,0,0,1,1,0,1,0,0,1,0,1,0,0,0,0,1,0,0,1,0,1,0,1,0,0,0,1,1,1,0,1,1,1,1,0,1,0,1,1,0,0,1,1,0,1,1,0,1,1,1,1,0,0,1,1
1,1,1,0,1,1,1,0,0,1,0,1,0,0,1,0,1,0,1,1,1,1,1,0,1,0,1,0,1,1,0,0,1,1,1,1,1,0,0,0,1,0,0,0,1,0,0,0,1,0,0,0,1,0,0,0,1,0,0,0,0,0,1,0,0,1,0,0,1,1,0,0,1,1,1,0,1,1,0,0,0,1,1,0,1,1,1,1,1,0,0,1,0,0,0,1,1,0,0,0,1
1,1,1,0,0,1,0,1,1,1,1,0,0,1,1,0,0,1,1,1,1,1,1,0,0,0,0,1,0,0,0,0,0,1,1,0,0,0,0,0,0,1,1,1,1,1,1,0,1,1,0,1,1,1,0,1,1,1,1,1,1,0,0,0,1,0,0,1,0,1,1,0,0,0,1,0,0,1,0,1,1,0,0,0,1,1,1,1,1,1,1,0,0,1,1,1,0,0,0,1,1
1,1,1,1,1,1,1,0,1,1,0,1,1,0,0,1,0,1,1,0,1,0,0,1,1,0,1,1,0,1,1,1,0,1,0,1,0,1,0,0,1,0,0,1,1,0,1,1,1,1,0,1,1,1,1,0,0,1,1,0,1,1,1,1,0,1,1,0,1,1,1,1,1,1,0,0,1,0,1,0,1,1,0,1,1,0,0,0,0,0,0,0,0,0,1,1,1,1,0,0,1
1,0,0,0,0,0,1,1,0,0,0,0,0,1,1,0,0,1,0,0,1,0,0,1,1,0,0,1,0,1,0,0,1,0,0,0,1,0,1,1,1,0,0,0,1,0,0,0,1,1,1,0,0,1,0,0,1,1,0,0,0,0,0,0,1,1,1,1,1,0,1,0,0,1,0,0,1,0,1,0,1,0,0,0,1,1,0,1,1,0,0,0,0,1,1,1,1,1,0,1,1
0,1,0,0,1,0,1,0,1,0,1,1,1,1,1,1,0,1,1,0,1,1,0,1,1,0,1,1,1,1,0,1,0,1,1,0,1,0,1,0,1,0,1,1,0,1,0,1,1,0,1,1,1,1,1,1,1,1,0,0,0,0,0,1,1,1,0,0,0,1,0,0,1,1,1,0,1,1,1,1,0,1,1,1,0,1,0,0,1,1,0,1,1,1,0,0,0,1,1,0,0
0,1,1,0,0,1,0,0,1,1,1,0,0,1,1,1,0,1,1,1,0,1,1,1,0,1,0,0,1,0,0,0,1,1,1,1,0,1,1,1,0,0,0,0,1,0,1,1,1,0,0,1,1,0,0,1,1,1,1,0,0,0,1,0,0,0,1,1,0,0,0,1,0,1,1,0,0,0,1,0,1,0,0,0,1,1,0,1,1,0,1,0,1,1,1,1,0,0,0,0,1
1,1,1,0,1,1,1,0,0,0,1,1,1,0,1,0,1,1,0,0,0,0,0,1,0,0,1,0,1,0,1,1,0,1,1,0,0,0,1,0,0,1,1,1,0,1,1,0,1,0,1,0,1,0,1,1,1,0,1,0,1,0,0,1,0,0,1,1,1,1,1,1,0,1,0,0,0,0,1,0,0,1,0,1,0,1,0,1,1,1,0,0,1,0,1,0,0,1,0,0,1
1,1,0,1,0,1,0,1,0,0,0,0,1,1,1,1,0,1,0,0,0,1,0,1,0,0,1,1,0,0,0,0,0,1,1,0,0,1,1,1,1,0,0,0,1,1,0,1,0,1,1,0,1,0,0,1,1,1,0,0,0,1,1,1,1,1,0,1,0,0,0,0,1,1,0,1,1,1,1,1,0,1,1,1,0,0,1,0,1,0,1,1,0,0,0,1,0,0,0,1,1
0,0,1,0,1,1,0,1,0,1,1,0,1,0,1,0,0,1,1,0,1,1,1,0,1,0,1,0,1,0,0,1,0,1,1,1,0,1,0,0,0,0,0,0,1,1,1,0,1,1,1,1,0,1,0,0,0,1,0,0,0,1,0,0,1,0,0,1,1,0,1,1,1,0,1,0,0,1,1,1,0,1,0,1,1,1,1,1,0,0,1,0,1,1,0,0,1,0,1,0,1
1,1,0,0,0,1,1,1,0,0,1,0,0,1,1,1,1,1,1,0,1,0,0,0,1,1,1,1,1,0,0,1,1,1,0,0,1,0,0,0,0,0,0,0,1,0,0,1,1,0,0,0,1,1,1,1,1,1,0,1,1,1,1,1,1,0,1,1,1,1,0,1,0,1,1,0,0,0,1,0,1,0,0,0,0,0,0,1,0,0,0,0,0,0,1,0,0,1,0,1,0
1,0,1,1,0,1,0,1,0,0,0,1,0,1,1,1,1,1,1,1,1,0,1,0,1,0,0,1,0,0,0,1,1,1,1,1,1,1,0,1,0,1,0,0,1,0,1,0,0,1,0,1,1,0,0,1,0,1,1,0,1,1,1,0,0,1,0,0,0,1,1,1,0,1,1,0,0,1,1,1,0,1,0,0,0,0,1,0,1,0,1,0,1,1,0,1,0,0,1,1,1
1,0,1,0,1,1,1,1,0,0,0,0,1,1,0,0,0,1,0,0,1,0,1,0,1,1,1,1,1,0,0,0,0,1,1,1,0,1,0,1,0,1,1,0,1,0,1,0,1,0,0,0,0,1,0,1,1,1,0,1,1,1,1,1,1,0,0,0,0,0,1,0,0,0,1,0,1,1,0,1,1,0,1,1,1,0,0,0,0,1,1,1,0,1,1,1,1,0,0,0,1
1,0,1,0,1,1,0,1,0,1,1,1,0,0,0,1,1,1,1,1,0,1,0,1,0,1,1,0,1,0,0,0,0,1,1,1,0,0,0,0,1,1,1,1,0,1,0,1,1,1,1,0,0,1,1,1,1,0,1,1,1,0,0,1,0,0,1,0,1,0,1,0,0,1,1,1,1,1,0,0,0,1,1,1,0,0,1,1,1,1,1,0,1,1,1,0,1,1,1,0,1
1,1,0,0,1,0,1,1,1,1,0,1,1,0,1,0,1,0,0,1,1,1,0,0,0,1,0,1,0,1,1,0,1,0,0,0,0,1,1,0,0,1,1,1,0,0,0,0,0,0,0,0,1,0,0,1,1,0,0,1,1,0,0,0,1,0,0,1,0,1,0,1,1,0,1,1,1,1,0,0,1,0,0,0,0,0,1,0,1,0,1,0,0,0,1,0,0,0,0,1,1
1,1,0,1,0,0,0,0,1,1,0,0,1,0,1,1,0,0,1,1,0,1,0,0,1,1,1,1,0,1,0,1,0,1,1,0,0,0,1,0,0,1,1,1,0,1,1,0,0,0,1,0,0,1,1,1,0,0,1,0,0,0,0,1,0,0,0,1,0,1,1,0,1,1,1,1,1,1,0,1,0,1,1,1,1,0,1,1,1,1,0,0,0,0,0,0,0,1,0,0,0
0,1,0,0,1,1,1,0,1,0,0,1,0,1,0,1,1,1,0,0,0,0,0,1,0,1,0,1,1,0,1,1,0,1,0,0,0,1,0,1,0,0,1,1,0,1,0,0,1,1,0,1,1,1,0,1,0,0,1,0,1,1,1,0,0,0,1,0,0,1,1,0,1,1,0,1,1,1,1,0,1,0,1,1,1,0,0,0,0,1,0,0,1,0,0,0,1,0,0,1,1
1,1,0,1,1,1,1,1,0,1,1,0,0,1,1,1,0,1,1,0,0,0,0,0,1,0,0,0,0,1,1,1,1,0,1,0,0,1,1,1,1,0,1,0,0,0,1,0,1,0,1,0,1,0,1,0,0,0,1,1,1,0,0,1,0,1,1,1,0,0,0,0,1,1,1,1,0,1,1,0,1,0,0,0,0,0,1,1,0,1,1,1,1,1,0,1,0,1,1,1,1
1,0,0,0,0,0,1,0,0,0,1,0,0,0,1,1,1,1,1,1,0,1,0,0,0,0,0,0,0,1,1,0,0,0,1,1,1,1,1,0,1,1,1,1,1,1,0,1,1,0,1,1,1,0,0,1,0,0,1,0,1,0,1,0,1,1,0,0,1,1,0,0,0,1,0,1,0,0,0,0,0,1,0,0,1,0,1,1,0,0,1,1,0,1,1,1,1,1,1,0,0
1,0,1,0,0,0,0,1,0,0,1,1,0,1,0,0,1,1,1,1,0,0,1,1,1,1,0,1,1,1,1,0,0,1,0,1,1,1,0,0,1,0,0,0,0,0,1,1,1,1,0,0,0,0,0,0,0,1,0,0,1,1,0,1,0,0,0,1,1,0,0,0,0,1,1,0,1,1,1,0,0,1,1,0,1,1,1,1,1,1,0,1,0,1,1,0,1,1,1,0,1
0,0,0,0,1,0,1,1,0,1,0,1,1,1,0,0,0,0,1,0,0,0,1,1,1,0,1,0,1,1,1,1,0,0,1,0,1,0,1,1,1,0,0,0,0,1,1,1,1,0,1,0,0,1,0,0,0,1,1,0,0,1,1,0,0,1,0,1,1,0,0,1,1,0,1,1,0,0,1,0,1,0,1,1,0,1,1,1,0,1,0,1,1,1,1,0,0,1,1,0,1
0,1,1,0,1,1,0,1,0,0,1,0,1,0,1,1,1,1,1,0,1,1,0,1,0,0,0,0,0,0,1,1,0,1,1,1,1,0,0,1,0,0,0,0,0,1,1,1,0,1,1,0,0,0,0,0,0,0,1,0,1,0,0,1,0,0,1,1,0,0,0,1,1,0,0,0,1,1,0,0,0,0,0,1,0,0,0,1,0,1,1,0,1,0,1,1,1,0,0,1,1
1,1,0,1,1,1,1,0,1,0,0,1,0,0,0,1,0,0,0,1,0,1,1,0,1,1,1,0,0,0,1,1,0,0,0,1,0,0,1,0,1,0,0,1,1,0,0,1,0,0,1,0,0,1,1,1,0,1,1,1,0,1,0,0,0,1,0,0,0,0,0,1,0,0,0,1,0,1,0,1,0,1,1,1,0,1,1,1,0,1,0,0,0,1,1,1,0,1,1,0,1
1,1,0,1,1,1,0,1,1,0,0,1,0,1,1,1,0,1,1,0,1,0,1,0,0,0,0,0,1,0,0,0,0,1,1,0,1,0,1,1,1,1,0,1,1,0,0,1,1,1,1,0,1,0,0,1,0,0,1,1,1,1,0,1,1,1,1,1,0,0,1,0,0,0,0,0,1,0,1,0,1,1,1,0,0,1,1,0,1,0,1,1,0,0,1,0,1,0,1,1,1
0,1,0,1,0,1,0,0,0,0,1,1,0,1,0,1,1,0,0,0,1,1,0,0,1,0,1,0,0,1,0,0,1,1,1,1,1,0,0,1,1,0,1,1,0,0,1,1,0,1,1,0,1,1,0,1,0,0,0,1,1,1,1,0,0,1,1,1,0,1,0,1,0,0,0,0,0,1,0,1,0,1,1,1,0,0,0,0,0,0,0,1,1,1,0,1,1,0,1,0,0
0,1,1,0,0,0,0,1,0,1,1,1,1,1,1,1,1,1,0,1,1,0,0,0,1,1,0,1,1,1,0,1,1,1,0,0,1,1,1,0,0,0,0,1,0,0,1,1,1,1,0,1,1,1,1,0,1,1,1,1,0,0,0,0,1,0,1,1,0,0,1,0,1,0,0,1,0,1,0,1,1,1,1,0,1,1,1,0,1,1,0,1,0,0,1,1,1,0,0,0,1
1,1,0,1,0,1,0,0,0,0,1,0,0,1,0,0,0,0,0,1,1,1,1,1,0,1,0,0,1,0,1,0,1,1,1,0,1,1,1,1,1,0,0,1,0,1,0,0,1,1,0,0,1,1,0,1,1,1,1,1,0,0,0,0,0,1,0,1,1,1,0,1,1,0,0,0,1,0,1,1,1,0,1,0,0,1,1,1,1,1,0,0,1,0,1,1,0,0,0,1,1
1,1,1,1,0,0,1,1,1,0,1,1,1,1,0,0,1,0,0,1,1,0,0,1,1,1,0,0,0,1,1,0,0,0,0,1,1,1,0,0,1,1,1,0,1,1,1,1,1,1,1,1,0,1,1,0,1,1,1,0,1,1,0,0,1,1,0,1,0,1,0,1,0,0,1,1,0,1,1,1,1,0,1,1,1,1,1,0,1,0,0,0,0,1,1,0,0,0,1,0,1
0,0,0,0,0,0,1,0,0,0,0,1,0,0,0,0,0,0,0,0,1,1,0,0,1,0,1,1,1,1,1,1,1,1,1,1,1,1,0,0,1,1,0,0,0,1,0,1,1,0,0,0,0,1,1,0,1,0,0,1,0,1,1,0,0,1,1,1,0,1,0,1,0,0,1,1,1,1,1,0,1,1,1,1,0,0,1,0,0,0,0,0,1,0,0,0,0,1,1,0,1
1,0,0,0,1,1,1,0,0,0,0,1,1,0,1,0,1,1,1,0,0,1,0,1,0,1,1,1,1,1,0,1,0,1,1,0,0,0,0,1,0,1,0,1,1,1,0,0,0,0,0,0,0,1,0,1,1,1,0,1,0,1,0,1,1,1,1,0,1,0,1,0,0,1,0,1,0,0,0,1,1,1,0,1,1,1,1,1,0,0,1,0,1,0,0,0,0,1,1,1,0
0,1,0,0,1,0,0,1,0,1,1,1,1,1,1,0,1,0,1,1,1,1,1,0,1,0,0,0,0,0,0,1,0,0,1,1,0,1,0,0,0,1,1,0,0,0,0,0,1,1,0,0,1,0,0,0,1,0,1,0,1,0,1,0,0,1,1,0,0,0,0,1,1,1,1,0,1,0,1,1,1,1,0,0,1,0,0,0,1,1,0,1,1,0,1,1,1,1,1,0,1
1,1,1,0,1,1,0,1,0,1,0,1,0,0,0,0,0,1,0,1,0,0,0,1,0,0,1,1,1,0,0,0,1,1,0,1,1,0,1,1,1,0,1,0,0,0,0,0,1,1,1,1,1,1,0,0,1,1,0,1,1,0,1,0,1,0,0,1,0,0,0,1,0,0,0,1,1,0,0,1,0,0,1,0,0,0,1,1,0,0,0,1,1,0,0,0,0,1,1,1,1
0,0,0,0,0,1,1,0,1,0,1,0,0,0,1,1,0,1,0,1,0,0,0,1,1,1,1,1,0,0,0,1,1,1,0,0,0,1,0,0,0,0,1,1,1,0,1,1,0,1,0,1,0,0,0,1,0,1,0,1,1,1,0,1,0,1,1,0,0,1,0,1,0,1,1,1,0,0,0,1,1,0,1,1,1,1,1,0,0,1,1,0,0,0,0,1,0,1,1,0,0
1,1,1,1,1,0,0,0,1,0,1,1,1,1,0,1,1,1,0,0,1,1,0,0,0,1,0,0,0,1,0,0,0,1,0,1,1,1,1,0,1,1,0,0,0,0,1,1,0,1,1,0,1,1,1,0,1,1,1,0,1,1,1,1,0,1,1,1,1,1,1,0,1,1,1,1,0,0,0,0,0,1,0,1,0,0,1,0,0,1,0,1,1,0,0,1,1,0,0,0,1
0,0,1,1,0,1,0,1,1,1,1,1,1,1,0,0,0,0,1,0,1,0,1,0,1,0,0,1,1,1,1,1,1,0,0,0,1,1,1,0,0,0,0,0,0,0,1,1,0,0,1,0,0,1,0,1,1,1,0,0,0,0,0,1,0,0,1,0,1,1,0,0,0,0,1,0,0,0,0,0,1,0,1,0,0,0,0,1,1,0,1,1,0,0,1,0,1,1,1,0,1
0,0,1,0,1,0,0,1,0,1,1,1,1,1,0,1,0,1,1,0,0,0,1,1,1,1,1,0,0,1,1,1,1,1,0,1,1,0,1,0,0,0,0,0,1,0,1,0,1,0,0,1,1,1,0,1,0,1,1,0,0,0,1,0,1,1,1,0,1,1,0,0,0,1,0,0,1,1,0,0,1,1,1,0,0,0,0,1,0,1,0,1,1,0,0,1,1,1,0,1,1
0,0,1,0,1,0,1,0,1,0,0,1,1,1,0,1,1,1,0,1,1,0,1,0,1,0,0,1,0,1,1,0,1,0,0,1,0,1,0,0,0,1,0,1,0,0,0,1,0,1,1,0,0,0,1,1,1,1,0,1,1,0,0,1,0,0,0,0,0,1,0,1,0,0,0,1,0,1,0,1,0,1,0,0,1,0,1,0,0,1,1,0,1,1,0,1,1,0,1,1,1
0,1,0,1,0,1,0,1,0,1,0,1,1,1,0,1,0,1,1,1,1,0,0,0,1,1,1,1,1,0,1,0,1,1,0,0,1,0,0,1,1,1,1,1,0,0,1,1,1,1,1,1,0,1,0,0,0,0,0,0,1,0,1,1,1,0,0,1,0,0,1,1,1,1,1,1,1,0,1,1,1,0,1,0,0,1,0,0,0,0,1,1,1,1,0,0,1,1,0,0,1
0,1,1,1,0,1,0,0,0,0,0,0,1,0,1,0,1,1,1,1,1,0,1,0,1,1,0,1,0,1,1,0,0,1,1,1,1,1,1,1,1,1,1,0,0,0,0,1,0,1,0,0,0,1,0,0,1,1,1,0,1,0,0,0,0,0,1,0,0,0,0,0,0,1,0,1,0,0,1,1,1,1,0,1,0,1,0,1,1,0,1,0,1,0,1,0,1,0,0,0,1
0,0,1,0,0,0,0,0,1,1,0,1,0,1,1,1,0,1,0,1,0,1,1,0,1,1,1,0,1,0,0,1,1,0,0,0,0,1,0,1,1,1,1,1,1,1,0,0,1,1,1,0,1,0,0,1,1,0,0,0,0,0,0,0,1,0,0,0,0,1,1,1,1,0,0,1,1,0,0,1,1,1,1,1,1,0,0,1,0,1,0,0,1,1,0,1,1,1,1,0,1
0,0,1,0,0,1,1,0,0,0,0,1,0,0,0,1,0,1,1,0,0,1,0,1,0,0,1,1,1,1,0,1,1,1,0,0,0,1,0,1,1,1,0,0,1,1,1,1,1,0,0,0,1,0,1,1,1,0,1,0,1,0,1,1,1,0,0,0,1,0,0,0,1,1,1,0,1,1,1,1,0,1,0,0,1,0,1,0,0,1,0,0,0,0,0,0,1,1,1,0,0
1,1,1,0,1,1,1,1,0,0,0,0,0,1,1,1,1,1,1,1,0,1,0,0,0,1,1,0,0,0,1,0,0,0,1,1,1,0,0,1,1,1,0,0,0,0,1,0,0,0,0,0,1,0,1,0,0,0,1,1,0,0,1,1,1,1,1,0,1,1,0,0,0,1,1,0,0,1,1,0,1,1,1,0,0,0,1,0,0,0,0,0,1,0,0,0,1,0,0,0,1
0,0,1,1,0,1,0,1,0,1,1,1,1,1,1,1,0,1,1,0,0,0,1,1,0,0,1,0,0,1,0,0,0,1,1,1,0,0,0,1,1,1,1,1,0,0,1,0,0,1,0,1,0,0,0,1,1,0,0,0,1,0,0,0,1,0,1,0,0,1,0,1,1,1,0,1,1,0,1,1,0,1,0,1,0,0,0,1,0,0,0,0,1,1,0,1,1,1,0,1,1
0,1,1,0,0,0,1,0,0,1,0,1,0,0,1,1,0,0,0,0,1,1,0,1,0,1,1,0,0,0,1,0,1,0,0,0,0,0,0,1,1,1,1,1,1,0,0,0,1,1,0,0,1,0,1,0,0,0,1,1,1,0,1,1,1,0,0,0,0,0,1,0,0,0,0,0,0,1,0,0,0,1,1,1,0,0,1,0,0,0,0,0,1,1,0,0,0,0,0,1,0
1,1,0,0,1,1,0,0,1,1,0,1,1,0,0,0,0,0,1,1,1,1,1,0,1,1,0,1,1,1,1,1,1,1,1,1,0,1,0,0,0,0,1,1,0,1,0,1,0,1,0,0,1,0,1,0,1,0,0,1,0,0,1,0,0,0,0,1,0,1,0,1,1,1,1,0,1,0,1,1,1,1,0,1,0,0,0,1,1,1,1,0,1,1,0,0,1,1,1,0,1
1,0,0,0,1,1,0,1,0,0,1,1,1,0,1,0,0,0,1,0,1,0,0,1,1,1,1,1,1,0,1,1,1,1,1,1,0,0,0,0,0,0,0,0,0,0,1,1,0,1,0,0,1,1,0,0,0,0,1,1,0,0,0,1,0,1,0,0,0,1,1,1,1,1,1,0,0,1,1,1,0,0,1,1,0,0,0,0,1,1,1,0,1,1,1,0,1,0,0,0,1
0,1,0,0,1,1,0,0,0,1,1,1,0,1,0,1,0,0,0,1,1,1,1,1,1,0,1,0,1,0,1,1,1,1,0,1,1,0,1,1,0,0,0,1,1,1,0,1,0,0,0,1,0,1,1,1,0,0,1,0,1,1,1,0,0,0,1,0,0,0,1,1,1,1,0,1,0,0,1,1,0,0,0,1,0,1,0,0,0,0,0,1,1,1,0,1,0,1,1,1,1
0,0,1,1,0,1,0,1,0,0,0,0,1,0,0,1,0,1,0,1,0,0,0,0,1,0,1,1,1,1,0,0,1,0,1,1,1,0,1,1,1,0,0,0,0,1,0,1,0,0,0,0,0,1,1,1,1,0,0,1,0,1,1,1,1,1,1,0,0,0,0,0,1,1,1,0,0,1,0,0,1,1,0,0,0,0,0,1,1,1,0,1,1,0,1,0,1,1,1,0,1
0,1,0,1,1,1,1,1,1,0,1,1,0,0,0,0,1,0,1,1,0,0,1,1,0,0,0,0,0,1,1,0,1,0,0,1,1,0,0,1,0,1,1,0,0,0,1,1,0,0,1,1,0,0,0,0,1,1,0,0,1,0,1,0,1,0,0,1,1,0,1,1,1,0,1,0,0,0,1,0,0,0,0,0,1,1,0,0,1,0,1,1,0,0,0,0,0,0,0,0,0
1,0,0,1,1,0,0,0,0,0,1,0,1,0,0,1,0,0,1,0,0,1,1,0,1,0,0,1,0,0,1,0,1,1,1,0,1,0,0,0,1,0,1,1,1,1,0,1,1,0,0,1,1,0,0,0,1,0,0,1,0,1,0,1,0,1,1,0,0,0,1,1,1,0,0,1,0,1,0,1,0,1,0,1,1,1,1,0,0,1,1,1,0,1,0,0,0,1,0,0,1
1,1,0,1,1,0,0,1,0,1,0,0,1,0,1,1,1,0,0,0,0,0,0,1,0,0,1,0,1,1,0,1,1,0,0,1,0,1,0,1,1,0,1,1,0,0,0,1,1,1,1,0,1,0,1,0,0,0,0,1,1,0,1,1,1,1,0,0,1,0,0,1,1,1,0,0,0,0,1,1,1,1,0,0,0,0,0,0,0,0,0,0,0,1,0,1,0,1,0,1,1
0,0,0,1,1,1,1,1,1,0,1,1,0,1,1,1,1,0,1,1,1,0,0,0,1,0,0,0,0,0,1,0,1,0,0,1,1,1,1,0,1,1,0,0,0,0,1,0,1,1,1,1,1,1,0,1,0,1,1,0,0,0,0,1,1,1,0,0,0,0,1,1,1,0,1,1,1,1,0,1,0,0,1,1,0,1,1,0,0,1,1,0,1,0,1,0,0,1,1,1,0
0,0,0,1,0,1,0,1,0,1,1,0,0,0,1,0,1,0,1,0,1,1,0,0,1,0,0,0,0,1,1,1,0,1,1,1,0,0,0,1,1,0,0,0,0,0,0,1,0,1,0,1,0,0,1,0,1,1,1,1,0,0,1,1,0,1,0,1,1,0,0,1,0,1,0,1,0,0,1,0,0,1,1,0,1,1,1,0,1,1,1,1,1,1,1,1,1,1,0,1,1
1,1,1,0,0,0,0,0,0,1,1,0,1,0,0,1,1,0,1,0,1,1,1,1,0,0,1,0,0,0,1,0,0,1,0,1,1,1,1,0,0,1,1,1,1,1,1,0,1,1,1,1,0,0,1,0,1,0,1,1,1,1,0,0,1,1,0,0,0,1,1,0,1,1,0,1,0,0,1,1,0,0,0,1,0,0,1,1,0,1,0,0,0,0,1,1,0,0,0,1,0
1,1,1,0,0,1,1,0,0,0,0,1,0,0,1,0,1,1,1,1,0,1,0,1,1,1,0,1,0,1,1,0,1,0,0,0,1,1,1,0,0,0,1,1,0,0,0,1,1,0,1,1,0,1,1,0,0,0,1,1,1,1,0,1,1,1,1,0,0,1,0,1,0,1,0,0,1,0,0,0,1,1,0,1,0,1,1,1,0,0,0,1,0,1,0,0,1,1,0,0,1
0,0,1,0,0,0,0,0,1,0,0,1,0,1,1,1,1,1,1,0,0,0,0,1,0,0,1,0,0,1,1,1,1,1,0,1,1,0,1,1,1,1,0,0,1,0,1,1,0,0,1,0,0,1,0,1,0,0,0,0,0,1,0,1,1,1,1,0,0,0,0,1,0,0,1,1,0,0,0,1,1,0,1,0,1,1,0,1,1,0,1,1,1,1,1,1,1,1,1,1,1
0,1,0,0,1,0,0,0,0,1,0,0,1,0,1,1,1,0,0,1,0,1,1,1,0,1,0,1,1,0,1,1,1,0,1,0,0,0,1,1,0,0,1,0,1,1,0,1,1,1,1,1,1,0,0,1,1,0,0,0,0,1,0,0,1,0,1,1,1,1,0,0,1,1,1,1,1,0,0,0,0,0,1,0,0,0,0,1,0,1,1,1,1,0,0,0,0,0,1,1,1
0,1,1,1,1,0,0,0,1,1,0,1,1,0,0,0,1,0,1,1,0,0,0,1,1,1,0,0,0,0,0,0,1,1,0,0,0,1,1,1,1,1,1,0,1,0,1,0,0,1,0,0,1,0,0,1,0,0,0,1,1,0,1,1,1,1,0,0,1,1,1,1,0,0,0,1,1,1,1,1,1,1,0,0,1,1,1,1,1,1,1,1,1,0,0,0,0,0,1,1,1
0,1,0,0,1,0,1,0,1,0,1,1,1,1,1,0,1,0,0,0,0,0,1,0,0,0,1,0,0,1,1,1,0,1,0,0,1,1,1,0,0,0,1,0,1,1,0,0,1,1,1,0,1,1,1,1,0,0,1,0,0,1,0,0,0,0,0,1,0,1,0,0,0,1,0,0,0,1,0,1,0,1,0,1,1,0,1,1,0,1,0,0,0,1,1,1,1,1,1,1,0
1,1,0,1,1,1,1,1,1,1,1,1,0,1,1,0,0,0,0,1,0,0,1,1,1,0,1,1,1,1,1,0,1,1,0,0,1,1,1,1,0,1,0,0,1,0,1,1,0,0,1,0,1,1,1,0,0,0,0,1,0,1,0,0,0,1,1,1,0,1,1,0,1,1,1,1,0,0,0,1,1,1,1,1,0,1,1,1,1,0,1,1,1,0,1,0,1,1,0,0,1
1,0,1,1,1,1,1,0,0,0,1,1,1,0,0,1,1,0,1,1,1,1,1,1,1,1,1,0,0,1,1,0,0,1,1,0,0,0,1,1,1,0,1,0,0,1,1,1,0,1,1,0,0,0,0,1,0,1,0,0,1,0,0,0,1,0,0,0,0,1,1,0,0,1,0,0,0,1,0,0,0,0,0,1,0,0,0,1,0,1,1,1,0,1,1,1,0,0,1,1,1
1,0,0,1,1,1,0,0,0,0,0,1,0,0,1,0,0,0,0,0,0,1,1,0,1,0,0,0,1,0,1,0,0,1,0,0,1,0,0,1,0,1,0,1,0,0,0,1,1,0,1,1,1,0,1,1,1,0,0,0,0,1,0,1,0,1,0,1,1,1,0,0,0,1,0,1,0,1,1,1,1,0,1,0,1,0,1,1,0,0,1,1,1,1,0,0,1,1,1,1,1
0,0,0,1,0,1,0,1,0,1,0,0,0,0,0,1,0,0,1,0,0,1,0,0,1,1,1,1,0,0,1,1,0,1,1,0,1,1,0,1,0,1,1,1,0,1,0,1,1,0,1,1,0,1,0,1,0,0,0,0,1,1,1,1,0,1,0,1,1,0,0,1,0,1,0,0,1,0,1,1,1,1,1,0,0,0,0,0,0,0,0,1,0,0,0,1,1,1,0,1,0
1,0,0,1,1,0,0,1,1,1,1,1,0,1,0,1,0,1,0,0,0,0,0,0,0,0,0,1,0,1,0,0,1,1,1,0,1,0,0,1,1,1,1,1,1,0,1,0,0,0,1,1,0,0,0,1,1,1,0,0,1,1,1,0,1,1,0,0,0,1,1,0,1,0,0,1,0,1,1,1,0,1,0,0,1,0,1,1,1,1,0,0,0,0,1,0,0,0,0,0,1
0,1,1,0,0,0,1,1,1,0,1,1,1,0,1,1,1,0,0,1,0,1,1,1,1,0,0,0,0,1,0,0,0,0,0,1,0,1,1,0,1,1,1,1,1,1,1,0,0,0,0,1,0,0,0,1,1,1,1,1,1,0,0,1,1,1,0,0,0,1,1,0,0,1,1,0,1,0,1,0,0,0,1,0,0,0,1,1,0,0,1,1,1,1,1,1,0,1,1,1,0
1,1,0,0,1,1,1,0,1,0,0,0,1,1,0,1,1,1,1,0,1,1,1,1,0,0,0,1,0,0,1,0,0,0,1,0,1,1,0,0,0,0,0,1,1,1,1,0,1,1,1,0,1,1,1,1,1,0,1,1,1,0,1,1,1,1,1,1,1,0,0,1,1,0,0,1,1,1,0,1,1,1,1,0,1,0,1,0,1,0,1,0,1,0,0,1,1,0,0,0,0
0,1,0,1,1,0,1,1,0,1,1,1,0,0,0,0,0,1,0,0,1,0,1,1,0,1,1,0,1,0,0,0,0,1,1,0,0,1,0,0,0,0,0,1,1,1,0,0,0,1,0,0,1,1,1,1,0,1,1,0,0,0,0,0,1,1,0,1,1,1,0,1,1,0,1,1,0,1,0,1,1,0,0,0,0,1,1,1,0,0,1,1,1,0,0,1,0,1,0,1,0
1,1,0,1,1,0,1,1,1,0,1,1,1,1,0,1,0,1,0,1,0,0,1,1,0,0,0,1,0,1,1,1,0,0,0,0,0,1,0,0,1,1,0,1,0,0,1,0,0,1,0,0,0,1,1,0,1,1,1,0,1,0,1,0,0,0,1,0,1,1,0,0,1,1,0,1,0,1,1,0,0,0,0,0,0,1,0,1,0,0,0,0,1,0,0,1,0,0,1,1,1
0,0,0,0,0,0,1,1,1,0,0,1,1,0,1,1,0,1,0,0,0,0,1,1,0,1,0,1,1,1,0,1,1,0,0,0,0,1,0,1,0,0,0,0,0,1,0,1,0,1,1,1,0,1,1,1,0,1,1,1,0,0,1,0,1,0,0,0,0,0,1,0,1,1,0,1,0,0,1,0,0,1,0,0,1,0,0,0,1,0,1,1,0,1,0,0,1,0,0,1,0
1,1,0,1,0,0,0,0,1,0,0,1,0,0,0,1,0,1,1,0,0,0,1,1,1,1,1,1,0,1,1,0,1,1,0,0,0,1,0,1,1,1,1,0,1,0,1,0,0,0,1,0,1,0,1,0,1,1,0,1,0,0,1,1,1,0,0,0,0,0,1,0,1,0,1,1,1,1,1,0,1,0,1,1,1,1,1,1,0,1,0,1,1,0,1,1,0,1,1,1,1
1,0,0,1,0,0,1,0,0,0,0,0,0,1,1,1,0,1,0,1,1,0,0,1,1,1,0,0,0,0,1,1,1,1,0,0,1,0,1,0,0,0,0,0,1,1,0,1,1,1,1,1,1,0,1,0,1,0,0,0,1,1,0,0,1,0,0,1,0,1,1,1,1,1,1,1,0,0,1,1,1,1,1,1,1,1,0,1,0,1,0,1,1,0,1,0,1,0,1,1,1
1,1,1,0,1,0,0,1,0,0,1,1,1,1,0,1,1,1,0,0,1,1,0,0,1,0,1,1,1,1,1,0,1,0,1,1,0,1,1,0,0,1,0,1,0,0,0,1,1,1,0,1,0,1,1,0,1,0,0,1,1,1,0,1,1,0,0,0,0,0,1,1,0,1,0,1,0,0,1,1,0,0,1,1,1,0,0,1,0,0,1,1,1,0,1,0,1,0,1,0,1
0,0,0,0,1,1,0,1,0,1,1,0,1,0,1,1,1,0,1,0,1,0,0,1,1,0,0,0,0,0,1,0,1,0,1,0,1,0,1,1,1,1,0,0,0,1,1,0,0,1,1,1,1,0,1,0,1,1,1,1,0,1,0,0,1,0,0,0,1,1,1,0,0,0,1,1,1,1,0,0,1,0,0,0,1,1,1,1,1,1,1,0,1,1,0,1,0,1,1,1,0
0,0,0,1,1,1,1,1,1,0,0,1,1,0,0,1,0,1,1,1,0,0,1,1,0,0,0,0,1,0,1,1,1,1,0,0,0,0,0,0,0,1,0,1,0,1,0,0,0,1,1,0,0,1,0,0,1,0,1,1,1,1,1,0,0,1,0,0,0,0,1,1,1,0,0,1,1,0,0,0,0,0,0,1,0,0,1,0,1,0,1,1,1,0,0,1,0,1,1,0,0
1,0,0,1,0,0,0,1,1,1,0,1,1,0,1,0,1,0,0,0,1,1,0,1,1,0,0,1,0,1,1,0,1,0,0,0,1,1,0,0,1,0,1,0,0,1,0,1,0,1,0,0,1,1,0,0,1,1,0,0,0,0,0,1,1,1,0,1,0,0,1,0,1,0,0,1,0,0,1,1,1,1,0,1,1,0,1,0,1,1,1,1,0,1,0,0,1,1,1,1,0
0,0,1,0,1,1,1,0,1,0,0,0,0,1,1,1,0,1,1,0,0,1,1,1,1,0,1,1,1,1,0,0,0,1,0,0,1,1,0,1,0,1,0,0,1,0,1,1,1,0,1,1,0,0,0,1,0,1,0,0,0,0,1,0,1,0,0,1,1,0,1,1,1,0,1,1,1,1,0,1,0,0,1,0,1,0,0,0,0,1,0,0,0,0,1,1,1,1,0,1,0
0,1,0,0,0,0,1,0,0,1,0,1,0,1,0,0,1,1,1,0,0,0,0,1,0,0,0,0,1,1,1,1,0,0,1,1,1,0,1,1,1,1,1,0,0,0,1,0,0,0,0,0,1,1,0,0,0,0,1,0,1,1,0,1,1,0,0,1,0,1,0,1,0,1,0,0,0,0,1,0,1,0,1,0,0,0,0,0,1,0,1,0,0,1,0,0,1,0,1,0,1
0,1,1,0,0,1,0,0,0,1,1,0,1,0,0,1,1,0,1,0,1,1,1,0,0,1,1,1,0,1,0,0,0,1,0,0,0,0,0,1,1,1,0,0,0,0,1,1,1,0,0,0,1,1,1,0,1,0,0,0,0,1,1,1,0,0,0,0,1,0,1,1,1,1,1,0,1,0,1,0,0,1,0,0,0,1,0,0,1,0,1,1,0,1,1,1,1,1,1,1,0
0,1,1,0,1,0,0,1,0,1,1,0,1,0,0,0,0,0,1,1,1,0,0,1,0,1,0,1,1,1,0,1,0,0,1,1,1,0,0,1,0,1,1,0,1,0,0,1,0,0,0,0,0,0,0,0,1,0,1,0,1,1,1,1,1,0,1,1,1,1,0,1,0,0,1,0,0,0,0,0,1,0,1,1,1,1,1,0,0,0,0,1,1,1,0,1,1,1,1,1,1
1,1,1,0,1,1,1,1,1,1,1,0,0,0,1,0,1,1,1,1,1,1,1,0,1,0,1,1,1,0,0,1,1,1,0,1,0,0,1,0,0,1,1,1,0,0,1,0,0,0,0,1,0,1,1,1,0,0,0,0,0,0,1,1,1,1,1,1,0,0,1,1,0,1,0,1,0,0,0,1,0,0,1,0,0,1,0,0,1,1,1,1,0,1,1,1,1,0,1,0,1
1,1,1,1,0,1,0,1,0,1,1,1,1,0,1,1,0,0,1,1,0,1,0,1,1,1,0,0,1,0,0,0,1,0,1,0,0,0,1,0,1,1,0,1,0,1,0,0,1,0,1,0,1,0,0,1,0,1,0,0,1,0,1,0,1,1,0,0,0,1,1,0,0,0,1,0,0,0,0,1,1,1,1,0,0,0,1,1,0,1,1,1,1,0,1,1,0,0,0,1,1
1,1,0,1,0,1,1,0,1,1,1,0,0,1,1,1,1,1,1,0,1,1,1,0,0,0,0,1,0,1,0,0,0,1,1,0,1,0,0,0,1,0,0,1,0,1,0,1,1,0,0,0,0,0,0,0,0,0,0,1,0,0,1,1,0,1,0,0,1,0,1,0,1,0,0,1,1,0,0,1,0,1,1,0,1,1,0,1,0,0,1,1,0,0,1,0,1,0,1,0,0
1,0,0,0,0,1,0,0,0,1,1,1,0,1,1,0,0,1,0,1,0,1,1,1,0,0,0,0,1,1,0,0,0,1,1,1,0,0,1,0,0,1,0,1,0,0,0,0,1,0,1,1,1,1,1,1,1,0,1,1,0,1,0,1,1,0,1,0,0,1,0,0,0,1,0,0,1,1,0,1,1,0,0,1,1,0,1,0,1,1,1,1,1,0,1,0,1,0,1,0,1
0,1,0,1,1,0,1,0,1,1,0,1,0,1,0,0,0,0,1,0,1,1,1,1,0,0,0,1,1,1,1,1,1,1,1,1,0,1,0,1,1,1,1,0,1,0,1,0,1,0,0,1,1,1,0,1,0,0,0,0,1,1,0,0,0,1,0,1,0,1,0,1,1,0,0,0,1,1,0,0,1,0,1,0,0,0,0,0,1,1,1,0,0,1,1,0,1,1,0,0,1
1,1,1,0,1,1,1,1,0,1,1,1,0,0,0,1,1,1,0,0,1,0,0,0,1,1,0,1,1,1,1,0,0,0,1,0,0,0,0,1,0,0,1,1,0,1,0,0,0,0,1,1,0,0,0,0,1,0,1,1,0,0,0,1,0,1,1,0,0,1,0,1,1,1,0,1,1,1,1,1,0,1,0,0,0,0,0,1,1,0,1,0,0,1,0,0,0,0,1,0,1
1,1,0,0,1,1,1,1,1,1,1,0,0,0,0,0,1,1,1,0,1,0,0,1,0,0,1,0,1,0,1,1,1,0,0,0,1,0,1,1,0,1,1,1,1,0,0,1,0,0,1,1,1,0,0,0,0,0,1,1,1,1,1,1,0,0,1,1,1,1,1,0,0,0,1,0,0,1,1,1,0,0,1,1,0,0,0,1,1,1,1,1,1,0,1,1,0,1,0,1,0
1,1,1,0,0,1,1,0,0,1,0,0,0,1,0,1,1,1,0,1,1,1,0,1,0,0,0,1,1,1,0,1,1,0,0,0,1,0,0,1,0,0,0,0,1,0,1,0,1,1,1,0,1,1,1,0,1,0,0,0,1,1,0,0,0,0,1,0,1,1,0,0,1,1,1,0,1,0,1,1,0,0,1,0,1,1,0,1,1,0,1,1,1,1,1,0,1,0,0,0,0
1,0,0,0,1,1,0,0,1,1,0,0,0,1,1,1,0,0,0,0,1,1,0,1,0,1,1,0,0,1,1,0,1,0,0,1,0,1,0,1,1,1,1,0,1,1,0,0,0,1,1,1,0,1,1,1,0,0,0,1,1,0,0,0,1,0,0,1,0,1,1,1,0,1,1,1,0,0,0,0,1,1,1,0,1,0,0,1,1,1,1,0,0,1,1,1,1,0,1,1,0
0,1,1,1,0,0,1,1,0,1,0,0,1,0,0,0,0,0,0,0,0,1,0,1,0,0,1,1,0,0,0,1,1,1,0,0,0,0,0,0,1,0,0,1,1,1,1,1,1,0,0,1,0,0,1,0,1,0,1,0,1,1,0,1,0,0,0,1,0,0,0,0,0,0,1,0,1,1,1,0,1,1,0,1,1,1,1,0,0,0,0,0,1,0,0,1,1,1,1,0,0
1,0,0,1,1,0,0,0,0,1,0,1,1,0,1,1,0,0,1,1,1,0,0,0,1,1,1,1,0,1,1,1,0,1,0,0,1,0,1,1,1,0,0,0,1,0,1,1,1,0,0,0,1,1,1,1,1,0,0,1,1,1,1,1,0,1,0,1,0,1,0,0,0,0,0,1,0,0,1,0,1,1,1,1,0,0,0,0,0,1,1,1,0,0,1,1,0,0,0,0,1
1,0,0,0,1,0,0,1,1,0,0,0,0,1,0,0,0,0,0,0,1,1,0,0,0,0,1,1,0,1,1,1,1,0,0,1,0,0,1,0,0,1,1,0,1,1,1,0,1,0,1,1,0,1,1,1,1,0,0,0,1,1,0,1,0,1,1,1,1,1,0,1,0,0,1,1,0,1,0,1,0,0,0,0,0,1,0,0,1,0,0,0,0,1,1,1,1,0,0,1,1
0,1,0,1,1,0,0,0,0,0,0,0,1,0,0,1,0,0,0,1,1,1,0,1,0,0,0,1,1,1,1,0,1,0,1,0,1,1,1,1,1,1,1,1,1,0,0,0,0,0,1,1,1,0,1,1,1,1,0,0,1,0,1,0,0,1,0,1,0,0,1,0,0,0,0,0,0,0,0,1,1,1,0,1,0,1,1,0,1,0,0,1,1,0,1,1,0,1,1,0,0
1,0,0,0,1,1,0,0,1,0,1,0,1,1,0,0,0,1,0,0,0,0,1,1,0,1,1,0,0,0,1,0,1,0,0,0,0,0,0,1,1,1,1,1,0,0,1,0,0,1,1,1,1,1,0,0,0,0,0,1,1,0,1,1,1,0,1,1,0,0,0,0,1,1,1,1,1,0,1,1,1,1,1,1,1,1,1,1,1,0,1,1,0,0,0,0,0,0,1,0,1
1,1,0,1,0,0,1,1,1,0,1,0,1,0,0,0,1,0,1,0,1,1,1,0,1,1,1,1,0,1,1,0,0,1,0,1,1,1,1,1,1,1,0,1,1,1,1,0,0,1,0,1,1,0,1,1,1,0,1,0,1,1,0,0,1,0,0,1,1,0,1,0,0,0,0,0,0,0,0,1,0,0,0,1,0,0,1,1,0,1,0,1,1,1,0,1,0,0,1,0,0
0,1,1,0,0,1,1,0,0,1,1,0,1,1,0,0,1,1,0,0,1,1,1,0,1,1,1,1,0,0,0,1,1,1,0,1,0,0,1,1,0,1,0,1,1,1,0,0,1,1,0,0,1,1,1,1,0,1,1,1,1,0,1,0,1,0,1,0,1,1,0,0,0,0,1,0,1,1,1,1,0,0,1,1,1,0,0,0,1,1,1,0,1,0,0,0,1,1,0,0,1
1,1,0,0,0,0,0,0,1,0,1,0,0,1,0,0,0,0,0,0,1,1,1,1,1,0,0,0,0,1,0,1,0,1,0,1,1,1,1,0,0,1,0,1,1,0,1,1,0,0,0,1,1,0,0,0,0,1,0,0,0,0,1,0,1,1,1,0,0,0,1,0,1,1,0,1,1,0,1,1,0,0,1,0,0,1,0,0,0,1,1,0,1,1,0,0,1,0,1,0,1
1,0,1,1,0,1,0,1,0,1,0,1,1,1,1,1,1,1,0,1,1,1,0,1,0,1,1,0,1,1,0,0,1,1,1,1,1,0,1,0,0,1,0,1,0,1,1,1,0,0,1,0,0,1,0,1,0,0,0,0,0,1,0,1,1,0,0,0,0,1,1,0,1,0,0,1,1,1,0,1,0,1,0,0,1,1,1,1,0,0,0,1,1,1,1,1,0,0,1,0,1
0,1,1,1,1,1,0,1,0,1,0,1,0,1,1,1,1,0,1,0,1,0,1,1,0,0,0,1,1,1,1,0,1,1,1,0,1,0,0,0,0,1,1,1,0,1,0,1,1,1,1,1,0,1,1,1,1,1,1,1,0,1,1,1,1,0,0,1,1,1,0,1,0,0,0,1,0,0,1,1,1,0,1,1,0,1,1,0,1,0,1,0,1,0,1,0,1,0,1,1,0
1,1,0,1,1,0,1,0,1,0,1,0,1,1,1,0,0,1,1,1,1,0,1,1,1,1,0,1,1,1,1,1,1,1,1,1,1,0,0,1,0,1,1,0,0,0,0,0,0,1,0,0,0,1,1,0,1,0,0,1,0,0,0,0,0,0,0,0,1,1,1,0,0,0,0,1,1,0,1,0,0,1,1,0,0,0,1,1,0,1,0,1,0,0,1,0,0,1,0,0,1
0,1,0,1,1,0,0,0,1,0,0,0,1,0,1,0,1,0,0,0,0,1,0,0,0,0,1,1,0,0,0,0,1,1,0,1,0,0,1,0,0,1,0,0,0,1,1,0,0,1,0,0,0,1,0,1,0,1,1,0,1,0,1,1,1,0,1,0,0,0,0,0,1,0,0,1,1,0,0,0,1,1,0,1,1,0,1,1,1,0,1,1,1,0,0,1,0,1,1,0,0
0,0,0,1,0,0,1,0,0,0,0,1,0,0,1,1,0,1,0,0,1,1,0,1,0,1,1,0,0,1,1,0,1,0,0,0,1,1,1,0,0,1,1,1,0,1,1,0,1,1,0,1,0,0,0,0,0,1,0,0,1,1,1,1,1,0,1,0,0,0,1,0,1,1,0,0,1,0,1,0,0,1,0,0,0,0,1,0,1,1,0,0,0,0,1,1,0,0,0,1,0
1,1,1,1,1,1,1,0,0,1,0,0,0,0,1,1,0,0,0,1,0,0,1,0,1,0,0,1,1,0,1,1,1,1,0,1,1,1,0,1,1,0,1,0,0,1,0,1,0,0,0,0,0,1,1,0,1,1,1,0,1,0,1,1,0,1,1,0,0,0,1,1,0,0,0,0,1,1,0,1,0,1,1,1,1,0,1,1,1,1,1,0,0,0,1,0,1,0,1,0,1
0,1,1,1,0,0,1,1,0,0,0,1,0,0,0,1,0,0,1,0,1,1,1,1,0,0,1,1,0,0,1,1,1,1,0,0,1,0,1,1,1,1,0,0,0,0,1,0,1,0,0,1,0,0,1,0,0,1,1,1,0,0,1,1,1,0,1,1,0,1,1,0,1,0,1,0,0,0,0,1,1,0,1,0,0,1,0,1,0,0,1,0,0,0,0,1,1,1,1,1,0
0,1,0,0,0,0,0,1,1,1,1,1,0,1,0,0,0,1,0,1,0,0,0,1,1,1,1,1,1,0,1,0,0,1,1,0,1,0,1,0,0,1,1,1,1,0,0,0,0,1,1,0,1,0,0,0,0,0,0,1,1,1,0,1,0,0,1,0,0,1,1,0,1,1,0,0,0,1,1,1,1,0,0,0,1,0,0,0,1,1,1,1,0,1,0,0,1,0,0,0,1
1,1,0,0,1,0,0,1,1,1,0,0,0,0,1,0,0,0,1,0,1,1,0,0,0,0,0,0,0,1,0,1,0,0,1,0,1,0,1,1,0,0,1,1,0,0,1,0,0,1,0,0,1,1,0,1,1,0,0,1,0,0,1,1,0,1,0,0,1,0,0,0,0,1,0,0,1,1,0,1,1,0,0,1,1,1,0,1,1,1,1,1,1,1,0,0,1,0,0,1,1
1,1,0,1,1,1,0,0,1,0,0,0,1,1,1,1,1,1,1,0,1,1,0,1,0,1,0,0,0,1,0,0,0,0,0,1,1,0,0,0,1,0,1,0,1,1,1,0,0,1,0,1,1,1,0,1,1,0,0,0,1,1,0,1,1,0,0,0,1,0,0,0,1,1,0,0,0,1,1,0,0,1,1,1,0,0,0,1,1,1,0,1,0,0,1,0,0,1,0,1,0
1,1,0,1,1,1,0,0,0,1,0,1,0,1,1,1,1,1,0,0,1,0,1,0,1,1,0,0,0,0,1,1,1,1,1,0,1,1,0,1,0,1,0,1,0,1,1,0,0,0,1,1,0,0,1,1,0,1,1,1,0,1,1,0,1,0,0,1,1,0,1,1,1,0,0,0,0,1,0,0,1,1,1,1,1,1,1,1,1,1,0,1,0,0,1,0,0,0,0,0,1
1,0,1,1,1,1,1,0,1,0,1,0,0,0,0,0,1,1,0,1,0,1,1,1,0,0,1,0,0,1,1,1,1,1,0,0,0,0,1,1,0,0,0,1,0,1,1,0,0,1,1,1,0,1,1,1,1,1,0,1,0,1,0,1,1,0,0,1,0,0,0,0,1,1,1,0,0,0,0,0,1,0,1,0,0,0,1,0,1,1,0,1,1,0,0,0,0,1,1,0,1
0,1,0,0,1,1,0,1,0,1,0,1,0,0,1,1,1,1,0,0,1,1,1,0,0,0,0,1,1,0,0,0,0,0,1,0,1,0,1,0,1,0,1,1,0,0,0,1,1,0,0,0,0,1,0,0,0,1,1,1,1,0,1,0,0,1,0,0,0,0,0,0,0,0,0,0,0,1,0,1,1,1,0,0,0,0,1,1,1,1,1,0,0,0,1,0,0,0,1,1,1
0,0,1,1,0,1,0,1,1,0,1,1,0,1,0,0,1,1,0,0,1,1,1,1,0,1,0,0,1,1,1,1,0,1,0,0,0,0,1,0,1,0,0,1,0,1,1,0,1,0,0,0,0,0,0,0,0,1,1,0,1,0,1,1,0,0,1,0,1,1,0,0,1,1,1,0,1,1,1,0,1,0,0,0,1,0,1,0,1,0,0,0,0,1,0,0,0,1,1,0,1
0,0,1,1,1,1,1,0,1,0,0,0,0,0,0,1,0,1,0,1,1,1,0,1,1,1,1,0,1,0,0,0,1,1,1,0,0,1,0,1,1,1,1,0,0,0,0,1,1,1,1,1,1,1,1,0,0,0,1,1,0,0,0,1,0,1,1,0,0,1,0,1,1,0,1,1,1,0,1,1,0,1,0,1,0,1,1,0,1,1,1,1,1,1,1,1,1,1,1,1,1
1,0,0,1,0,0,0,0,1,1,1,1,0,0,1,1,0,1,0,0,1,0,1,0,0,1,1,1,1,0,0,0,0,0,0,0,1,0,0,0,1,1,1,1,0,0,0,1,0,1,1,1,1,0,0,1,0,1,1,0,1,1,1,1,0,1,0,0,1,1,0,0,0,1,1,0,0,0,1,1,1,0,1,1,0,0,1,1,1,0,0,1,1,1,0,1,1,1,1,1,0
1,0,0,0,1,0,0,1,0,1,1,0,1,0,1,1,1,0,0,0,0,1,1,0,1,1,0,1,0,0,0,0,1,0,1,0,1,0,0,0,0,0,0,0,0,0,1,1,1,0,1,1,0,0,1,0,1,0,1,0,0,1,0,0,0,0,1,1,1,0,1,0,0,0,0,0,0,0,0,1,1,0,1,0,0,1,1,1,0,1,0,1,0,0,1,0,1,0,1,1,1
0,1,1,0,0,1,0,1,0,0,0,0,1,0,0,1,0,1,1,0,0,1,0,1,0,0,0,0,1,1,1,1,1,1,0,0,1,1,0,1,0,0,1,0,1,0,0,1,1,1,1,0,0,0,0,0,0,1,1,1,0,0,0,0,0,0,1,0,1,0,0,0,0,0,1,1,1,0,0,0,1,0,0,0,1,0,0,0,0,0,0,0,1,0,0,1,0,1,1,1,1
1,1,0,0,0,0,1,0,0,1,0,1,1,0,1,0,0,0,0,1,0,0,0,0,0,0,0,0,1,0,1,0,0,0,1,1,0,0,1,0,1,1,0,0,1,1,1,0,0,1,0,1,0,1,1,0,1,1,1,1,0,0,1,1,0,0,1,0,0,1,1,0,1,0,0,1,0,1,0,1,0,0,0,1,1,0,0,1,0,1,1,0,1,0,0,0,1,0,1,1,1
1,1,1,0,1,0,0,1,1,0,0,0,0,0,0,0,1,1,1,1,1,0,0,1,0,1,1,0,1,1,1,1,0,1,1,0,0,0,0,1,1,0,0,1,0,0,0,0,1,1,0,1,1,1,1,1,1,1,1,0,1,1,0,1,1,0,0,1,1,0,1,0,1,0,0,1,1,1,0,1,1,0,1,0,0,1,1,1,0,0,0,1,0,1,0,1,0,1,0,1,1
0,1,0,1,0,1,1,1,0,0,0,0,0,1,1,0,1,1,0,1,0,1,0,1,1,1,0,1,0,0,0,0,0,1,0,0,1,0,1,1,0,1,0,1,1,1,0,0,1,0,1,1,1,1,1,1,0,1,1,0,1,1,0,1,1,1,0,1,1,1,1,0,1,0,1,1,0,0,0,0,0,1,1,0,1,1,1,1,1,1,0,0,1,1,1,1,0,0,1,0,0
0,0,0,1,1,1,1,0,1,0,0,0,1,0,1,0,1,0,1,0,1,1,1,0,1,0,0,0,1,1,1,0,1,1,1,1,0,1,0,1,0,0,0,0,0,1,0,1,1,1,0,0,0,1,0,0,0,0,1,0,0,0,1,1,0,0,1,1,1,0,0,1,1,1,0,0,1,1,0,1,0,1,0,1,1,1,0,0,0,0,1,0,1,1,1,0,1,1,0,1,1
1,1,1,1,0,0,0,0,1,1,0,1,1,0,1,1,0,0,1,0,0,1,1,0,0,0,0,1,0,1,0,0,0,1,1,1,1,1,0,0,0,0,0,1,0,1,0,1,1,0,1,0,0,0,1,0,1,1,1,0,0,1,0,0,0,1,1,1,1,1,0,1,1,0,0,1,0,1,0,1,0,1,1,1,0,0,1,1,0,0,1,0,0,0,1,0,1,0,0,1,0
1,0,1,0,1,1,0,0,1,1,1,0,0,1,0,1,1,1,0,1,0,0,0,0,0,1,1,1,1,0,1,0,0,1,0,1,0,1,1,0,0,1,1,0,0,0,0,0,1,1,1,0,0,0,0,1,0,0,1,1,1,1,1,0,1,1,1,1,1,0,1,1,1,1,1,0,0,0,0,1,1,1,1,1,1,1,1,1,1,0,0,1,0,0,1,1,0,0,1,1,1
1,1,0,0,0,0,1,1,0,1,0,1,1,1,0,1,1,1,0,0,0,0,0,1,0,0,1,0,0,1,1,1,1,0,1,0,1,1,0,1,0,1,0,0,1,1,0,1,0,0,0,1,0,0,0,0,0,0,1,1,0,0,1,1,0,0,0,0,1,0,0,1,0,1,0,1,0,1,0,0,0,1,1,0,0,0,1,0,0,0,0,0,0,1,1,0,0,0,0,0,0
1,0,1,1,0,0,0,1,1,1,0,0,0,0,0,1,0,1,1,0,1,1,0,1,0,1,1,1,0,1,0,0,0,0,1,1,1,1,0,0,0,1,0,0,0,1,0,1,1,0,0,1,0,1,0,0,1,0,0,0,1,1,0,1,1,1,1,0,0,1,1,1,1,0,1,1,0,0,0,0,1,0,1,1,0,1,1,0,0,0,0,0,0,1,0,0,0,0,0,1,0
0,1,1,0,0,1,0,1,0,0,0,1,1,0,1,1,1,1,1,1,1,0,0,0,0,1,1,0,0,0,0,0,1,0,1,0,1,0,0,0,0,1,0,1,1,0,1,0,1,1,1,0,1,0,0,1,1,0,1,0,1,0,1,1,0,1,0,0,1,1,0,0,1,0,1,0,0,0,1,1,0,1,0,1,1,1,1,0,1,0,0,1,1,0,1,0,0,1,0,1,0
0,1,1,0,0,1,0,0,1,0,1,0,0,1,1,0,1,0,0,0,0,0,1,0,1,1,1,0,1,0,0,0,0,1,0,0,0,1,1,0,1,0,1,1,1,1,1,1,1,1,0,0,1,0,0,1,0,0,1,1,0,0,0,1,1,1,1,1,1,1,0,0,0,1,1,1,1,0,1,0,1,0,0,0,0,0,0,1,0,1,0,0,1,0,1,1,1,0,1,1,1
1,0,0,1,0,0,0,0,0,1,0,1,1,1,1,1,1,1,1,1,1,0,0,0,1,0,1,1,1,1,0,1,1,0,1,0,1,0,0,0,1,0,1,1,1,0,0,1,0,0,1,1,1,0,0,0,1,1,1,1,0,0,0,1,1,1,1,1,1,1,0,1,0,0,0,1,0,1,0,0,0,0,0,0,0,1,0,1,0,0,0,0,0,0,1,1,1,1,0,1,0
0,1,1,1,0,0,0,0,1,0,1,1,0,1,0,1,1,0,0,0,0,1,1,0,1,1,0,0,0,1,1,1,1,0,0,0,1,0,0,1,1,0,0,1,1,0,1,1,1,1,0,1,1,0,1,0,0,1,0,0,1,0,0,1,0,1,0,1,0,0,1,1,0,0,0,1,1,0,1,0,0,0,1,0,0,0,1,1,1,0,1,1,0,0,0,0,1,0,1,0,1
0,0,1,1,1,0,0,0,0,0,1,1,1,0,0,0,1,1,1,1,1,0,1,0,0,0,1,1,1,1,0,0,0,1,1,0,1,0,0,1,0,0,0,0,0,0,0,1,1,0,0,1,0,1,0,1,1,1,0,1,0,1,1,0,0,0,0,0,0,1,0,0,0,1,0,1,0,1,0,0,1,0,1,0,0,1,1,1,1,1,1,1,0,1,0,0,1,1,1,0,1
0,0,1,0,1,0,0,0,0,1,0,0,0,1,0,0,1,1,0,1,0,0,0,1,1,0,0,0,1,1,1,1,0,0,1,0,1,1,1,0,1,0,0,1,0,1,0,0,0,1,1,0,1,1,1,1,0,0,0,1,1,0,0,0,1,0,1,1,0,1,0,1,0,1,0,0,1,0,0,0,0,0,1,0,0,0,1,1,1,0,1,1,0,1,1,1,1,0,1,1,1
0,0,0,1,1,0,1,0,0,0,0,1,0,0,1,1,1,0,1,1,1,0,0,1,1,1,1,1,1,0,1,1,0,0,1,0,1,1,1,0,0,0,1,0,0,1,1,0,0,0,1,0,0,0,1,1,0,1,1,0,1,0,0,0,1,1,0,0,1,0,0,1,0,1,0,0,0,0,1,0,1,0,0,0,0,0,0,1,0,1,0,1,1,1,0,1,0,1,0,0,0
1,0,0,1,0,1,1,0,1,1,1,1,1,0,0,0,0,1,1,1,1,1,0,0,0,1,1,1,0,0,1,0,0,0,1,0,0,0,1,1,0,1,1,1,1,1,1,1,0,0,0,0,1,1,1,0,1,1,0,1,1,0,0,1,1,0,0,0,0,1,0,0,1,1,1,0,0,1,1,1,1,1,1,0,1,1,1,1,0,0,1,1,0,1,0,0,0,0,0,1,0
1,1,0,1,1,0,1,1,0,1,0,1,0,1,1,0,1,1,0,1,1,0,0,0,1,1,0,0,0,0,0,0,1,0,0,0,1,1,0,0,1,0,1,1,0,1,0,1,1,1,0,1,0,1,1,1,0,0,1,1,0,1,1,0,0,0,0,0,0,0,0,1,1,1,0,1,1,0,1,1,0,0,1,1,1,1,1,1,1,1,1,1,0,0,1,1,0,0,1,0,1
1,1,0,1,1,0,0,0,1,1,1,1,0,1,0,1,1,1,0,1,0,1,0,0,1,1,0,0,0,0,1,0,1,1,1,1,1,0,0,1,0,0,1,1,0,1,1,1,0,0,0,1,1,1,0,1,0,0,0,1,0,0,0,0,0,1,0,1,0,1,0,1,0,1,0,1,0,1,1,0,0,0,0,0,0,0,1,1,1,1,1,1,1,0,1,0,1,0,1,0,1
0,1,0,1,1,1,1,0,0,1,0,0,0,0,0,1,1,0,0,0,1,0,0,1,0,0,0,0,1,0,0,0,1,0,0,1,0,1,1,1,0,0,1,1,1,1,0,1,1,0,1,1,1,0,0,0,0,1,0,0,0,0,1,0,0,1,0,0,0,1,1,0,1,0,1,0,1,0,1,1,0,0,0,0,0,1,1,1,1,1,1,1,0,1,1,1,0,1,1,1,0
1,1,1,0,1,0,1,0,1,1,0,0,1,0,1,1,1,0,0,0,0,1,1,0,0,0,1,0,0,1,1,0,1,0,0,1,1,1,1,0,1,0,1,0,0,1,1,0,0,1,0,1,0,1,1,1,0,0,0,0,0,0,1,0,1,0,0,0,0,1,1,1,0,0,1,1,1,1,0,0,1,1,1,0,0,1,0,1,0,0,1,0,0,1,0,0,1,1,1,0,1
0,1,1,0,1,1,0,0,1,1,0,0,1,1,0,1,1,0,0,1,0,1,0,1,1,0,1,1,0,0,1,1,0,0,1,0,0,0,0,0,0,1,1,0,0,1,0,0,0,1,0,1,1,1,1,1,1,0,0,1,1,1,0,0,0,0,0,1,1,1,1,1,0,1,0,1,1,1,0,0,1,0,1,0,0,0,1,1,1,0,1,0,0,0,1,1,1,1,0,1,1
0,0,1,1,0,0,0,0,0,1,1,1,0,0,0,1,0,0,0,0,0,0,1,1,0,0,0,1,0,1,1,1,1,0,1,0,1,0,1,0,1,1,1,1,0,0,0,1,1,0,1,1,0,1,0,0,0,1,0,0,1,0,1,0,1,0,0,1,0,1,0,1,0,0,0,0,0,1,1,1,1,0,0,0,1,1,1,1,1,0,0,0,1,0,1,0,1,0,0,1,1
1,0,1,1,1,1,1,0,0,1,1,1,0,1,0,0,0,0,1,0,0,1,1,0,1,1,1,1,0,1,0,0,0,1,1,1,0,0,0,0,1,0,0,0,0,0,1,0,1,1,1,1,0,0,0,0,1,1,1,1,1,0,0,0,0,1,0,1,1,0,0,1,1,0,0,1,0,0,1,0,1,0,1,1,0,0,1,1,0,1,0,1,0,1,1,0,1,0,0,1,1
1,0,1,1,1,0,1,0,0,1,1,0,0,1,0,0,1,0,1,0,1,1,1,0,1,1,0,0,0,1,1,0,0,0,0,1,0,0,0,1,1,1,1,0,1,0,1,1,0,1,0,1,1,0,1,0,0,1,1,0,1,0,1,1,0,1,1,0,1,0,0,1,0,1,1,1,0,0,0,1,1,1,0,1,0,0,0,1,1,0,0,1,1,1,0,1,0,0,1,0,1
0,1,1,0,0,1,0,0,0,1,1,1,0,0,0,1,0,0,0,0,1,0,1,1,1,1,0,1,1,1,1,0,0,1,0,1,1,0,0,1,1,1,1,1,1,1,0,0,1,0,1,1,1,1,0,0,0,1,1,1,0,1,0,0,0,0,1,0,1,0,1,0,1,0,1,1,0,1,1,0,0,1,0,1,0,1,1,0,1,1,1,1,0,1,1,0,0,1,0,1,0
1,0,1,1,1,1,1,0,1,0,0,0,0,1,0,1,1,0,0,0,1,1,1,1,1,1,1,1,0,1,0,0,1,0,1,1,1,0,1,0,1,1,1,1,1,1,1,1,0,0,0,1,0,0,1,0,0,1,1,0,1,0,0,1,1,0,0,1,1,1,0,0,0,0,0,1,1,1,0,0,1,0,0,0,1,0,0,1,0,0,0,1,1,0,0,0,0,0,1,0,0
0,0,1,0,0,0,0,0,0,0,1,1,0,0,0,1,0,1,0,1,1,1,1,0,1,0,1,0,1,1,1,1,0,0,0,0,0,1,0,0,0,0,0,1,1,0,0,1,1,0,1,1,1,1,1,1,1,0,0,0,1,0,1,1,0,1,1,0,1,1,0,1,1,1,0,1,1,1,1,1,0,0,0,1,1,1,0,0,0,1,1,1,0,1,0,0,0,1,1,0,1
0,0,1,0,0,0,0,1,0,0,1,0,1,1,1,1,0,1,0,0,1,1,0,0,0,0,1,1,0,1,0,0,1,0,0,0,0,1,1,1,1,1,1,0,0,0,1,0,1,0,0,0,1,1,0,1,1,1,1,1,1,0,1,1,1,0,0,0,1,1,0,0,1,1,0,1,1,1,0,0,1,1,1,0,1,0,1,1,0,0,1,0,1,0,1,0,0,1,0,1,1
0,0,0,0,1,0,0,1,0,1,1,0,1,0,1,1,0,0,1,0,1,1,1,0,0,1,0,1,1,0,0,1,1,1,0,1,1,0,0,0,0,0,1,1,1,1,1,0,1,1,0,1,0,0,1,1,1,0,1,1,0,1,0,0,1,0,0,1,1,0,1,0,0,1,0,0,1,1,1,0,0,0,0,0,1,0,1,0,1,0,0,0,0,1,1,0,1,1,1,0,0
0,0,1,0,1,0,1,1,0,1,0,0,1,0,1,1,0,0,1,0,0,0,0,0,0,1,0,0,0,1,1,1,1,1,0,1,1,0,0,1,1,0,1,0,1,1,1,0,0,1,0,0,1,1,0,0,0,0,0,1,1,1,0,1,0,1,1,1,0,1,0,0,0,0,0,0,0,1,1,1,0,0,0,0,1,0,1,1,0,1,1,0,1,1,1,1,1,0,1,1,1
1,0,1,1,0,0,0,1,0,1,0,0,0,0,1,0,1,0,0,1,1,0,1,1,1,0,0,0,0,1,1,0,1,1,0,1,0,1,1,0,0,0,0,1,1,0,1,1,0,1,0,1,1,1,0,1,1,0,1,1,1,1,0,1,0,0,0,1,0,1,1,0,0,0,0,1,0,1,1,1,1,1,1,1,1,1,1,0,0,0,0,0,1,1,1,1,1,0,1,1,1
1,0,0,0,1,0,1,0,0,1,1,1,1,0,1,1,0,1,0,0,1,1,1,1,0,0,0,1,0,0,1,0,0,1,1,0,1,0,0,0,1,0,0,1,1,1,0,0,1,1,0,1,1,0,0,1,0,1,0,0,1,0,1,0,0,0,1,0,0,0,1,1,1,1,0,0,0,1,0,1,0,1,0,0,0,1,0,0,1,0,0,0,1,1,1,0,0,1,0,0,0
1,1,1,0,1,1,0,0,0,0,0,1,0,0,0,1,0,1,1,0,0,1,1,1,0,1,1,0,0,0,0,0,0,0,1,0,1,1,1,0,1,0,1,0,0,0,1,0,1,1,0,0,0,1,1,1,1,0,1,0,0,0,0,1,0,0,0,0,1,0,0,1,1,0,0,0,1,1,0,0,1,0,0,0,1,0,0,0,1,1,1,1,0,0,1,0,1,0,1,1,1
1,0,1,0,0,0,0,1,1,1,0,1,1,1,0,1,0,1,1,0,1,1,0,1,0,0,0,0,0,0,1,1,1,1,0,0,0,1,0,1,1,1,1,0,1,1,0,1,0,0,0,0,1,1,0,0,1,1,1,0,1,0,0,1,1,1,1,1,0,1,0,0,1,0,0,0,1,0,1,0,1,0,1,1,1,1,0,0,0,1,0,1,1,0,1,1,0,1,1,1,1
0,0,1,1,0,1,0,0,1,1,0,0,1,1,1,1,0,0,1,0,1,1,0,0,1,1,1,1,1,1,0,0,1,1,0,0,0,1,1,0,0,1,1,1,0,0,0,1,0,0,1,1,1,1,1,1,0,0,1,0,0,0,1,0,1,1,1,1,0,0,1,0,0,0,1,0,1,0,0,1,0,0,1,0,0,1,1,0,1,1,0,1,0,0,0,1,0,1,1,1,0
0,1,0,0,1,0,1,0,0,0,1,0,0,1,1,0,0,1,1,0,0,1,1,1,1,1,1,1,0,0,0,1,1,0,0,1,0,1,1,1,0,0,1,0,1,0,1,1,1,0,0,1,0,1,0,0,0,0,0,1,0,0,0,0,1,0,1,0,0,0,1,0,0,1,1,0,0,0,0,0,0,0,1,0,0,1,1,1,1,1,0,0,0,1,1,0,1,0,0,1,1
1,0,0,1,0,1,0,0,1,0,0,1,0,0,0,0,1,0,1,1,1,0,1,0,1,0,1,0,0,0,1,0,1,0,1,1,1,0,0,1,1,0,1,0,0,0,1,0,0,1,1,1,0,0,0,0,0,0,1,1,1,1,0,0,1,1,0,1,0,1,1,0,0,1,0,0,1,0,1,0,1,0,0,1,1,0,1,1,1,0,0,0,0,1,1,0,1,0,0,0,1
0,1,1,0,0,1,1,1,1,0,0,1,1,1,1,1,1,0,1,1,1,0,1,0,0,0,0,0,1,0,1,1,1,1,0,0,1,1,0,0,0,1,1,0,1,0,1,0,0,0,1,1,0,1,1,1,1,1,1,0,1,0,0,0,0,1,1,1,1,1,1,0,0,0,0,0,0,0,0,0,1,1,0,0,0,0,1,1,0,0,0,0,1,0,1,1,1,0,1,1,0
1,0,1,1,0,1,1,1,1,1,1,1,0,0,1,0,0,1,1,0,0,1,0,1,1,1,1,0,1,1,1,1,0,1,1,0,0,0,1,1,0,0,0,1,0,0,1,1,1,0,1,0,0,0,1,0,0,1,0,1,1,1,1,1,0,1,1,1,0,0,0,0,0,0,0,0,0,0,0,1,0,0,0,1,1,1,1,0,1,1,1,1,0,0,0,0,1,1,0,1,1
1,1,0,1,0,1,1,0,0,1,0,1,0,1,1,1,0,0,1,0,0,1,0,0,1,1,0,0,1,1,1,1,1,1,0,0,0,0,0,0,0,0,0,0,0,0,1,1,1,0,0,1,1,1,1,0,0,1,1,0,1,0,0,0,0,1,1,1,1,0,0,1,1,1,0,0,0,0,1,1,1,0,0,1,1,1,0,1,1,1,1,0,0,1,1,0,1,1,0,0,1
0,1,0,1,0,1,1,0,0,1,1,1,0,0,0,1,0,0,0,0,0,0,0,1,0,0,1,1,1,1,1,1,0,1,1,1,0,0,1,1,1,0,1,0,0,0,1,0,1,1,1,0,0,1,1,1,0,0,0,0,1,0,1,0,1,1,0,0,0,0,1,1,0,0,0,0,0,1,1,1,1,1,1,0,0,0,1,0,0,1,1,0,0,1,0,0,1,1,0,1,1
0,0,0,1,1,1,1,0,0,0,1,1,1,0,1,0,1,1,0,1,0,1,1,1,1,0,0,0,0,0,0,1,0,0,0,0,0,0,1,0,1,0,0,0,0,1,0,0,0,0,0,1,1,1,1,1,1,0,0,0,0,1,0,0,1,0,1,1,0,0,0,0,1,1,1,1,0,1,1,0,1,0,1,0,0,1,0,1,0,1,0,0,1,1,0,0,0,0,1,1,0
0,1,0,1,0,0,0,0,0,0,0,0,0,0,1,1,0,1,0,0,1,0,1,0,1,1,0,0,1,1,0,1,0,0,1,1,1,0,1,1,1,0,1,0,0,0,0,1,1,1,1,0,0,1,0,0,1,0,1,0,0,0,0,1,0,1,1,0,0,1,0,0,1,0,0,0,0,1,1,0,1,0,1,1,1,0,0,1,1,0,0,1,1,0,0,0,0,0,0,1,1
1,1,1,1,1,1,1,1,0,1,1,0,0,0,0,1,0,1,1,0,0,1,1,0,0,0,1,0,0,1,1,0,1,1,0,0,0,0,1,0,1,1,0,1,1,0,0,1,0,0,0,0,0,1,0,1,0,1,0,1,1,0,1,0,1,0,1,1,1,0,0,0,1,0,1,0,0,0,0,1,1,1,0,0,1,0,1,0,1,1,1,1,0,0,0,1,1,1,1,0,1
0,0,0,0,0,1,0,1,1,1,0,0,1,1,1,1,0,1,1,0,1,1,0,1,0,1,1,0,0,1,0,0,1,0,0,1,1,1,0,1,0,1,0,1,0,1,1,1,1,1,0,0,1,1,0,0,0,0,1,0,0,0,0,0,0,0,0,0,1,0,1,0,1,1,1,0,1,1,1,0,1,1,0,0,1,0,0,0,0,0,1,1,0,1,1,0,0,0,1,1,0
1,1,1,1,1,1,1,1,0,1,1,0,1,0,0,1,0,1,0,0,0,0,0,1,0,1,0,1,1,1,1,0,0,0,1,1,0,1,1,1,0,1,0,0,0,1,1,0,1,0,0,0,0,0,1,0,1,0,1,1,0,0,1,1,0,0,1,1,1,1,1,0,1,0,0,0,1,0,0,0,0,1,1,0,0,0,0,0,1,1,1,1,0,0,0,1,1,1,1,1,1
1,1,1,0,1,1,1,0,1,0,1,1,1,0,1,0,0,1,0,0,1,0,1,1,1,1,0,0,0,0,1,0,1,1,1,1,0,0,1,0,1,1,1,0,1,1,1,1,1,0,1,0,0,0,0,0,0,1,0,1,0,1,1,1,0,0,0,1,0,1,0,1,1,0,1,0,0,1,1,1,1,0,1,0,0,1,1,0,0,0,0,0,1,1,0,0,0,0,1,1,1
0,1,0,0,1,1,1,1,0,0,1,0,1,1,0,0,0,1,1,0,0,1,0,1,1,1,1,0,0,1,1,0,1,1,1,1,1,1,1,0,1,0,1,1,0,0,1,1,0,1,0,0,0,1,1,0,1,0,1,1,0,1,0,1,0,1,0,1,1,1,0,1,1,0,0,1,1,0,0,0,1,0,0,0,1,1,0,0,1,1,1,1,1,1,0,1,1,1,0,0,1
0,0,1,0,1,1,1,1,1,1,0,1,1,1,0,1,0,0,1,1,1,0,0,0,1,1,1,0,1,0,1,0,0,1,0,1,0,0,0,0,0,1,1,1,1,0,0,0,1,1,0,0,0,1,0,0,0,1,0,0,1,0,0,0,1,0,1,1,0,0,1,0,0,1,1,0,0,1,0,0,1,1,1,1,0,1,0,1,1,0,1,1,0,1,0,1,0,0,0,1,1
0,0,1,0,0,0,0,0,1,0,1,1,1,0,1,1,0,1,0,0,0,0,1,0,1,1,0,1,0,0,0,0,1,1,1,0,1,0,1,0,0,1,0,1,1,1,0,0,1,1,1,0,1,0,0,0,1,1,0,1,0,1,1,1,1,0,0,1,0,1,0,1,0,1,1,0,0,0,1,0,1,1,1,1,0,0,1,0,0,1,1,1,1,0,0,1,1,1,1,0,1
1,0,0,0,0,0,1,1,1,0,0,1,1,1,1,1,1,0,0,1,0,1,1,1,0,0,0,1,1,1,0,1,0,1,1,0,0,1,1,1,0,0,0,1,1,0,0,1,0,1,0,1,1,1,1,0,1,0,1,1,0,1,1,0,1,1,0,1,1,1,0,0,1,0,0,0,0,1,0,0,1,1,0,1,0,0,0,0,1,0,0,1,0,0,1,1,1,1,1,0,0
0,1,1,0,1,0,0,0,0,0,0,1,1,1,1,0,1,1,1,0,1,0,0,1,0,1,0,0,1,0,1,1,1,1,0,0,0,1,0,0,1,1,1,1,0,1,1,0,0,0,1,0,1,1,1,1,1,0,0,1,0,0,1,0,0,0,1,0,0,0,0,0,1,1,1,1,0,0,0,0,0,0,0,1,0,1,0,0,1,1,1,0,1,1,0,1,1,1,1,0,1
1,0,0,1,0,1,1,0,1,1,0,0,0,0,0,0,0,0,0,0,0,0,0,1,1,1,1,0,0,0,0,1,0,0,0,0,1,1,0,0,1,0,0,0,1,1,0,1,0,0,1,1,0,0,0,0,0,0,1,0,0,1,0,1,0,0,1,1,0,1,1,1,1,0,1,0,1,1,0,1,0,0,1,1,0,1,0,1,0,1,0,0,0,1,0,0,1,1,0,1,0
0,1,0,1,0,1,1,0,1,0,1,0,1,0,0,1,1,0,1,1,1,1,1,1,1,0,1,0,0,1,0,0,1,0,1,0,1,0,1,0,0,1,1,1,0,0,0,1,1,0,1,0,0,1,1,0,1,1,0,0,1,0,1,0,1,0,0,1,0,1,1,0,1,0,0,0,0,1,1,1,1,1,1,1,1,1,0,0,1,0,0,1,1,0,1,1,0,0,0,1,0
0,1,1,0,1,0,1,0,0,1,1,0,0,0,0,0,0,0,0,0,1,1,0,1,0,1,0,0,1,0,0,1,1,1,1,0,0,0,0,1,0,0,0,1,0,1,1,1,0,0,1,0,0,1,0,1,0,1,1,0,0,1,1,1,1,0,1,1,1,0,1,1,0,0,1,1,0,0,0,1,1,0,1,1,0,0,1,1,0,0,0,1,0,0,0,1,0,0,0,0,1
1,1,1,1,1,0,0,1,1,0,1,1,0,0,1,1,1,0,1,0,0,0,1,1,1,0,0,1,1,1,1,0,1,0,0,0,0,0,0,0,1,0,0,1,1,1,0,0,0,0,0,1,1,1,1,0,0,0,1,1,1,1,0,1,1,1,1,1,0,1,1,1,1,1,1,0,1,1,0,0,0,0,0,0,0,1,1,0,0,1,0,0,1,1,0,0,0,0,0,1,0
1,1,0,1,0,1,1,0,0,1,1,0,1,1,0,0,1,0,0,1,0,0,1,0,0,1,0,1,0,1,0,0,1,0,0,0,0,1,1,1,1,0,1,1,0,1,0,1,0,1,0,0,0,1,1,0,0,0,0,0,1,1,0,0,0,0,1,1,1,1,1,0,1,0,1,1,0,1,1,1,1,0,1,1,0,0,0,0,1,1,1,0,1,0,1,0,0,0,1,1,1
1,1,0,0,1,1,1,0,1,0,0,0,0,0,0,1,0,1,0,0,1,0,0,0,1,0,0,1,1,0,0,0,1,0,0,1,1,0,0,1,0,0,1,1,1,0,1,0,0,1,1,1,1,0,0,0,0,1,0,0,0,0,1,1,1,0,1,0,1,0,0,0,0,0,1,0,1,1,0,0,1,0,0,0,1,0,1,0,1,1,1,1,0,1,1,1,1,1,0,0,1
0,1,0,1,0,1,1,0,0,0,1,1,1,1,0,0,1,0,0,0,0,0,1,1,0,1,1,1,1,0,1,1,0,0,0,1,0,1,1,1,1,1,0,0,0,0,1,1,0,1,1,0,0,0,1,0,0,1,0,1,1,1,1,1,0,1,0,1,0,0,1,0,0,1,1,0,0,0,1,1,0,1,1,1,0,0,0,1,1,1,1,1,1,0,1,0,0,1,1,0,1
0,0,1,1,0,0,0,0,1,0,1,0,1,0,0,0,0,0,0,0,0,1,1,0,0,1,1,1,1,1,1,0,1,1,0,0,1,0,1,1,0,1,1,1,1,0,0,0,0,0,0,1,0,0,0,1,0,1,0,1,1,0,0,1,0,0,1,0,1,0,1,0,0,1,0,0,1,0,0,1,0,1,0,1,0,1,0,1,0,0,1,0,1,0,0,1,1,0,1,0,0
0,0,1,0,1,0,0,0,0,1,1,1,0,0,1,0,1,1,0,0,0,0,1,1,0,1,1,1,0,1,0,0,1,1,0,1,0,0,1,0,0,0,1,1,1,1,0,0,1,0,0,1,0,0,1,1,0,0,1,1,1,0,1,0,1,1,0,0,1,1,0,1,1,1,1,1,0,1,1,1,0,1,1,0,0,1,0,1,1,1,0,0,1,0,1,1,0,0,0,0,1
0,1,1,0,0,0,0,1,1,0,0,0,1,1,0,0,0,1,0,0,1,1,1,0,1,1,0,0,0,0,1,0,0,0,0,0,1,1,0,0,0,1,1,1,1,0,0,0,0,0,0,1,0,1,0,0,1,1,1,1,0,1,0,1,0,0,1,0,0,1,0,0,1,1,1,0,1,1,0,1,0,0,0,0,1,1,1,0,0,1,0,0,0,1,0,0,0,0,1,0,1
1,0,0,1,0,1,0,0,1,1,1,1,1,0,1,0,1,0,1,1,0,0,1,1,1,0,0,1,0,1,0,0,0,0,1,1,0,1,1,1,0,1,1,1,1,1,0,1,1,1,1,0,0,0,0,0,1,0,1,1,0,1,1,0,1,1,1,1,0,1,1,1,1,0,1,1,1,1,1,0,1,0,1,0,1,0,0,1,1,0,1,0,0,0,1,0,0,0,0,1,0
0,0,0,0,1,0,1,0,1,0,0,1,1,0,1,1,1,0,0,1,0,0,0,1,0,0,0,1,0,0,1,0,0,1,0,0,1,0,0,0,0,0,0,0,0,1,0,1,1,0,0,0,0,1,1,1,1,1,0,0,1,0,1,0,0,0,0,1,0,0,1,0,1,0,1,0,1,0,1,1,0,1,1,0,1,0,0,0,0,0,1,0,0,1,0,1,0,0,0,1,0
1,1,0,1,1,0,0,1,0,1,0,1,0,0,1,0,1,1,1,0,1,1,0,0,0,1,1,0,0,1,1,1,0,1,0,0,1,1,0,1,0,0,1,1,0,0,1,0,0,0,1,1,0,0,1,0,1,1,0,0,1,0,0,1,0,1,0,1,1,1,0,0,1,1,1,0,1,0,0,1,1,1,0,1,1,0,0,0,1,0,1,0,0,1,1,1,1,0,1,1,1
0,1,1,1,0,0,0,1,1,0,1,1,1,1,0,1,0,0,0,0,1,0,0,0,0,1,1,1,1,0,1,1,0,0,0,0,0,0,0,0,0,0,0,0,1,1,1,0,0,0,0,0,0,0,0,1,1,0,1,1,1,1,0,1,1,0,1,1,1,1,1,1,1,0,1,0,1,1,1,0,1,1,0,0,0,1,0,0,0,1,1,0,1,0,0,0,0,1,0,0,0
1,0,0,1,1,0,0,1,0,1,0,0,1,1,1,1,1,1,0,0,1,0,1,1,1,0,1,0,1,0,0,1,1,0,0,0,1,1,0,1,0,0,1,0,1,0,0,0,0,0,1,0,0,0,0,0,0,0,1,0,1,1,0,0,0,1,1,0,0,0,0,0,1,0,1,1,0,0,0,1,0,0,0,1,1,1,1,0,1,1,1,1,1,0,0,0,0,0,1,0,0
1,1,0,0,0,0,1,1,0,1,0,0,0,0,1,1,1,1,1,1,0,0,1,0,1,1,0,0,0,1,1,0,1,1,0,0,1,0,1,0,0,0,1,1,0,1,1,0,1,0,1,1,1,1,0,0,1,1,1,1,1,1,0,0,1,1,1,0,1,0,1,0,0,0,0,1,0,1,0,1,1,1,1,0,0,1,0,0,0,1,1,1,0,0,1,0,1,0,1,0,1
1,1,1,1,1,1,1,0,0,0,1,0,0,1,0,1,0,0,0,0,1,0,0,0,1,0,1,0,0,0,0,0,0,0,1,0,0,0,0,0,0,0,1,0,1,1,1,0,0,0,0,0,1,0,1,1,1,1,1,1,1,1,0,0,1,1,1,0,1,0,1,1,0,0,1,1,0,0,1,1,1,0,1,1,1,0,1,1,1,0,0,1,0,0,0,1,0,1,0,1,0
1,0,0,1,1,0,1,0,0,0,1,1,1,0,0,1,0,1,1,1,0,1,1,1,1,1,1,1,0,1,0,1,1,0,1,1,0,1,1,1,0,1,1,1,1,1,0,0,0,1,1,1,1,0,1,1,0,0,0,0,0,0,1,1,1,0,0,0,1,0,0,1,0,1,0,1,0,0,1,0,1,0,1,0,0,0,1,1,1,1,1,0,1,1,1,1,0,1,1,0,1
1,1,1,0,1,1,0,0,0,0,0,1,0,0,0,0,0,0,0,0,1,0,0,1,1,0,0,0,0,1,0,1,1,0,0,0,0,0,0,0,1,0,1,0,1,1,0,0,0,0,0,0,0,0,1,0,0,1,0,1,1,0,0,1,0,0,0,1,0,1,0,0,0,0,0,1,0,0,1,1,1,0,0,0,1,0,1,1,0,1,1,1,1,0,1,0,0,1,0,0,1
0,0,0,1,0,0,0,1,1,1,1,0,1,1,1,0,0,0,0,1,0,1,1,1,0,0,1,0,1,1,0,1,1,1,0,0,1,0,0,0,1,1,0,1,0,1,0,0,0,0,0,1,0,0,1,0,1,1,1,0,1,1,1,0,1,0,1,1,1,0,0,0,1,1,1,0,0,1,1,1,0,1,0,0,0,1,1,1,1,1,0,0,1,1,0,0,1,0,1,0,0
0,1,1,1,1,1,0,0,1,1,0,0,1,0,0,0,0,1,1,0,1,1,1,1,1,0,1,1,0,1,0,1,1,0,0,0,0,1,1,0,0,1,1,1,0,1,1,1,1,1,0,1,0,0,0,1,0,1,0,0,0,1,0,0,0,0,0,1,0,1,1,1,1,0,1,0,0,1,1,1,1,0,0,0,1,1,1,1,1,0,0,0,0,1,1,0,0,0,0,1,0
0,1,0,0,0,1,0,1,0,0,0,1,1,1,0,1,0,1,1,1,0,1,1,1,1,1,1,1,1,1,1,0,1,0,1,0,0,1,1,0,1,1,1,1,0,0,1,1,0,0,0,0,0,0,0,0,0,0,0,1,1,0,1,1,0,0,0,0,1,1,1,1,0,1,1,0,1,1,1,0,1,0,1,1,0,0,0,1,1,0,0,0,0,1,0,0,0,0,1,0,1
1,0,0,0,1,1,0,0,1,1,1,0,0,0,1,0,1,1,0,1,1,1,0,0,0,1,1,0,0,1,1,0,0,1,1,0,0,1,0,1,0,1,1,0,1,0,1,0,0,1,0,0,0,1,0,1,0,1,1,1,0,0,0,1,0,0,1,0,0,0,0,1,0,1,1,1,0,0,1,0,1,0,1,1,0,1,1,1,1,0,1,1,0,0,0,1,0,0,0,0,1
1,1,1,1,1,0,0,1,0,1,0,0,1,0,1,1,1,0,1,1,1,1,0,0,1,0,0,1,0,1,0,1,0,1,1,0,1,0,1,0,1,0,0,0,1,0,1,1,1,1,1,1,0,1,0,1,0,0,0,0,1,0,0,0,1,1,1,0,1,1,1,0,0,0,0,1,0,0,1,1,1,0,1,0,1,0,0,0,1,0,0,0,1,1,1,1,1,0,0,1,1
1,1,1,1,1,1,0,0,1,0,0,0,0,0,1,1,0,1,1,1,0,0,0,0,0,0,1,1,1,1,1,0,0,0,1,1,0,0,1,0,0,0,1,0,1,0,0,1,1,0,0,0,1,1,0,1,0,1,1,0,0,0,0,0,1,1,1,1,0,0,1,1,0,0,1,1,0,0,1,0,0,0,0,0,0,0,1,1,1,1,0,0,1,0,1,1,0,0,0,0,1
1,0,1,1,0,0,1,1,0,0,0,1,0,0,1,1,1,0,1,1,0,0,1,0,1,1,0,0,1,0,1,0,1,0,0,0,0,0,0,0,1,0,0,0,1,1,0,1,0,0,0,1,0,1,0,0,1,0,0,0,1,0,1,0,0,1,0,1,0,1,1,0,0,1,0,0,1,1,0,1,0,1,1,1,1,0,0,1,1,0,0,0,1,1,0,1,1,0,1,1,1
1,0,1,1,0,0,0,1,0,0,0,0,0,0,1,1,1,1,1,1,0,1,0,0,1,0,1,0,0,0,0,0,1,1,0,1,0,1,1,1,1,1,1,0,1,0,0,1,1,1,1,1,1,1,0,1,0,1,1,1,1,1,0,0,0,0,1,0,1,0,1,0,0,1,0,1,1,0,1,1,0,1,1,1,0,0,0,1,1,0,1,0,1,0,1,1,1,0,1,0,1
1,1,0,0,1,0,0,1,0,1,0,0,1,1,1,1,0,0,0,0,0,1,0,1,0,0,0,0,0,1,1,1,1,1,0,0,0,0,1,1,0,1,1,0,1,0,1,1,1,1,1,1,0,0,0,1,0,1,1,0,1,0,1,1,1,0,1,0,1,1,1,1,0,0,0,1,1,0,1,1,1,0,0,0,1,1,0,0,1,1,0,1,0,0,1,0,0,1,1,1,1
1,0,1,1,1,0,1,0,0,0,0,1,1,0,1,1,0,1,0,0,1,0,1,1,0,1,0,0,0,0,0,1,1,0,1,1,0,1,1,0,0,1,1,0,1,1,1,0,1,0,0,1,1,0,0,0,1,1,0,1,0,0,1,1,0,1,1,0,1,0,1,1,0,1,0,1,0,0,0,1,1,0,0,0,1,0,0,0,1,1,1,0,1,1,0,0,1,0,1,1,1
0,0,1,1,0,0,1,1,0,0,0,0,0,1,1,0,0,0,0,0,1,1,0,0,0,1,0,0,0,1,1,1,1,1,0,1,0,0,1,1,1,0,0,0,1,0,0,1,1,1,1,1,1,1,0,0,1,1,1,0,1,1,0,0,1,1,0,0,0,0,1,0,0,0,1,1,1,1,0,1,1,1,1,0,0,0,1,1,0,0,1,0,0,0,1,1,1,1,0,0,1
1,1,1,0,1,0,0,0,0,1,1,1,0,1,0,0,1,1,1,1,0,1,0,0,1,1,0,0,0,0,1,1,0,1,0,1,1,0,1,0,0,0,0,1,0,0,1,0,0,1,1,0,0,0,1,0,1,1,1,0,0,0,0,0,0,1,0,1,1,0,0,1,0,1,0,1,0,0,0,0,1,0,1,1,1,1,0,0,0,1,0,0,0,1,0,1,0,0,1,1,1
0,1,0,1,0,0,0,1,0,0,1,1,1,0,1,0,1,1,0,0,1,1,0,1,0,0,1,0,1,0,1,0,0,0,1,0,0,0,0,0,0,1,1,0,0,0,0,0,0,1,1,0,0,0,0,0,0,1,1,1,1,1,1,1,1,1,0,0,1,0,1,1,1,1,1,0,0,1,1,1,1,0,0,0,0,0,1,0,1,1,0,1,1,1,0,0,0,1,1,1,0
1,0,0,1,1,0,0,0,0,1,1,1,0,1,0,1,1,1,1,0,0,1,1,1,0,0,0,0,1,1,0,1,0,0,0,0,1,0,0,0,1,1,0,0,0,0,1,1,1,0,0,0,1,1,1,1,1,1,0,1,0,0,0,1,1,1,1,1,1,0,0,1,1,1,0,1,0,0,1,1,0,1,1,1,1,0,0,0,1,1,1,1,0,1,1,0,1,1,0,1,1
0,1,0,1,0,0,1,0,0,1,0,1,1,0,0,1,0,0,1,1,0,0,0,0,1,1,1,0,0,1,1,0,1,0,1,0,1,1,1,1,0,1,0,0,0,0,1,0,0,1,0,0,1,0,1,0,1,0,0,1,0,1,1,1,1,0,0,0,1,1,1,1,0,0,1,0,0,0,1,0,1,0,0,0,1,1,1,1,1,1,1,1,1,0,0,0,0,1,0,0,1
0,1,1,1,1,1,0,1,1,0,1,0,0,0,0,1,1,0,0,0,1,1,0,0,0,1,0,0,0,0,0,1,1,0,0,0,1,0,0,1,0,0,1,1,1,1,1,0,0,1,0,1,1,1,0,0,1,1,0,0,0,1,0,1,1,1,0,1,0,0,1,0,0,0,0,0,0,1,0,1,0,1,1,1,0,1,1,1,0,0,1,1,0,1,1,0,1,0,0,1,0
1,1,0,1,1,0,1,1,1,0,1,0,1,1,1,1,0,1,1,0,1,0,0,0,1,0,0,1,1,1,1,0,1,1,1,1,1,1,0,0,1,0,1,0,0,0,1,1,1,1,1,1,0,1,1,1,0,0,1,1,1,1,1,1,0,1,0,1,0,1,0,1,0,0,1,1,0,0,1,0,1,0,1,1,0,1,0,1,0,0,1,0,1,0,1,1,0,1,0,0,1
0,1,1,1,0,1,1,1,0,0,0,1,1,0,1,0,1,1,1,0,1,0,0,0,1,0,0,1,0,0,0,0,1,0,1,1,1,0,1,0,1,1,0,0,1,1,0,0,1,0,1,1,1,0,1,1,1,0,1,1,0,1,0,1,1,1,0,1,1,0,1,0,1,1,1,0,0,1,1,1,0,1,1,1,0,1,0,1,1,0,0,0,1,1,1,0,0,0,0,0,0
1,1,1,0,0,0,0,0,0,0,1,1,1,0,0,1,0,0,1,1,0,0,1,0,0,0,1,1,0,0,1,0,1,1,0,0,0,1,1,0,1,0,0,0,1,0,1,0,0,0,0,0,0,1,0,0,1,1,0,1,1,1,1,0,1,1,1,0,1,1,1,0,0,1,1,0,1,1,1,1,1,0,1,1,1,1,0,0,0,1,1,0,0,0,0,1,1,0,0,1,1
1,1,0,0,0,0,1,1,1,0,0,1,1,1,0,1,0,1,0,0,1,1,0,1,1,0,0,1,0,1,0,0,0,1,0,1,0,0,0,1,0,1,0,0,0,0,1,1,1,0,1,1,0,1,0,1,0,0,1,0,0,1,0,1,1,1,0,1,1,1,1,1,0,0,1,0,0,0,1,0,1,1,1,0,1,1,0,1,1,1,1,0,0,0,0,1,1,1,0,0,1
0,1,1,1,0,1,0,1,0,0,1,0,1,1,0,1,0,1,1,1,0,1,0,0,1,1,0,1,1,1,0,0,0,0,1,1,0,0,1,1,0,0,0,0,1,0,1,0,1,1,1,1,0,1,0,0,1,0,0,0,1,1,0,0,0,0,1,1,1,0,0,1,0,1,0,1,1,1,0,0,1,1,0,0,1,1,0,0,0,1,1,0,1,1,0,0,0,0,1,1,1
0,0,0,1,0,1,1,0,1,0,0,0,0,0,1,1,0,1,1,0,0,1,0,0,0,0,0,0,0,0,1,0,1,1,0,0,1,0,0,0,1,0,1,1,1,1,0,0,0,0,1,0,1,1,0,1,1,0,1,1,0,1,1,1,0,0,1,0,0,1,1,1,0,1,1,0,1,0,0,1,0,1,0,1,0,1,1,0,0,0,0,0,1,0,0,0,1,0,1,0,0
0,0,0,1,1,1,1,1,1,0,1,0,1,0,0,0,1,0,1,1,0,1,0,0,1,0,0,1,1,1,1,0,0,1,0,1,1,1,0,0,0,0,1,1,1,1,1,1,0,0,0,0,1,1,0,1,1,1,0,1,1,0,1,0,0,1,1,1,1,1,1,1,1,1,1,0,1,1,1,1,0,0,0,0,1,1,1,1,1,1,0,0,1,1,1,0,1,1,1,1,0
0,0,0,0,0,0,1,1,0,1,0,1,1,1,1,0,0,1,0,1,1,0,1,0,0,1,1,0,1,1,0,1,1,1,1,1,0,1,1,0,0,0,1,1,0,1,0,1,1,1,1,1,1,0,0,0,0,1,0,0,1,1,0,0,1,1,0,0,1,0,1,0,0,1,0,1,1,0,0,0,0,0,0,1,0,1,0,0,0,1,1,0,1,1,1,1,1,1,0,0,1
0,0,0,1,0,1,0,1,1,0,0,0,1,1,0,1,1,0,0,1,1,0,0,1,0,0,1,1,0,1,0,1,1,0,1,1,1,1,0,0,0,1,1,0,1,1,0,1,1,0,1,1,1,0,0,0,0,0,1,0,1,1,1,1,0,0,1,0,1,0,1,0,1,1,1,1,1,1,0,0,1,0,1,1,0,1,1,0,1,1,0,1,1,0,0,1,1,1,1,0,0
1,1,1,1,1,1,1,0,1,0,0,1,0,0,1,0,0,0,0,0,0,1,0,0,1,0,0,1,1,0,0,1,0,1,0,0,1,0,1,0,1,0,1,1,0,1,1,1,0,1,1,0,0,0,0,0,0,0,1,1,1,0,1,0,1,1,0,0,1,0,1,1,1,1,0,0,1,0,0,0,0,1,0,1,0,0,1,1,1,0,0,0,0,1,0,1,1,0,0,0,1
0,1,1,1,1,1,0,1,1,0,1,1,1,1,1,0,0,0,1,0,0,0,0,0,1,1,0,1,0,0,1,0,0,0,1,1,1,1,0,1,0,0,1,1,1,1,1,1,0,0,0,0,1,1,0,1,1,0,0,1,1,1,1,0,1,0,0,0,0,1,1,1,1,1,0,1,0,0,1,0,1,1,1,0,0,0,1,0,1,0,1,0,0,1,1,0,0,1,0,0,1
1,1,1,0,0,0,0,1,0,1,1,1,0,1,0,0,0,1,1,0,1,1,1,1,1,0,0,0,0,0,1,1,1,1,1,0,0,1,0,0,1,0,1,0,1,1,0,0,1,1,1,1,1,1,1,1,1,0,0,1,1,0,1,1,0,0,1,0,1,1,1,0,1,0,1,0,1,0,0,0,0,0,0,0,0,0,1,0,1,0,1,1,0,0,1,1,1,0,1,1,1
0,0,0,0,0,1,1,0,0,1,1,0,0,1,1,0,1,1,0,1,1,0,1,0,1,1,0,1,0,0,0,1,0,0,0,1,1,1,1,0,0,0,1,0,0,0,1,0,1,0,0,1,1,1,0,1,1,1,0,1,0,0,1,1,0,1,1,1,0,0,0,0,0,1,1,1,0,0,1,0,0,0,0,1,0,1,0,0,0,0,1,0,1,0,1,0,1,0,0,0,1
1,0,1,0,1,1,0,0,0,1,0,0,0,0,1,1,0,1,1,1,0,1,0,1,1,1,0,1,1,1,0,1,1,1,0,1,1,1,1,0,0,0,1,1,1,0,1,1,0,0,1,1,1,1,0,0,0,1,0,0,0,1,1,0,0,1,0,0,1,0,1,0,0,1,1,1,0,0,1,1,1,1,1,0,1,1,0,0,0,1,0,0,1,0,1,1,0,0,1,0,1
0,0,1,1,0,0,1,0,0,0,0,0,0,1,1,1,0,1,1,1,0,0,0,0,0,0,1,0,0,1,1,0,0,1,0,0,1,1,1,0,1,1,0,1,1,0,0,1,1,1,1,1,0,1,0,0,1,1,1,1,0,1,0,0,0,0,1,0,0,0,1,1,1,0,0,0,1,1,0,1,1,0,1,0,1,0,1,0,0,0,1,1,0,0,0,1,0,0,0,1,0
0,1,0,0,0,1,0,0,0,1,0,0,1,1,0,0,1,1,0,0,0,1,0,1,0,1,1,1,1,0,0,1,1,0,0,0,0,0,1,1,0,1,1,1,1,1,0,0,0,0,0,1,0,1,1,1,0,0,1,1,1,0,0,1,1,1,0,0,0,0,1,0,1,0,0,1,1,1,0,1,0,1,0,1,0,0,0,1,1,1,0,0,1,1,0,0,0,0,1,0,0
0,0,0,1,1,0,1,0,1,0,1,1,0,1,1,0,1,0,0,0,0,0,1,0,1,0,1,1,0,1,0,1,1,0,1,0,1,0,0,1,0,0,0,0,1,0,0,0,0,1,0,0,1,0,1,1,1,1,1,1,1,1,0,0,0,0,1,0,0,1,1,0,0,1,0,0,0,0,1,1,1,0,0,1,1,1,1,1,0,1,0,0,1,0,0,1,1,1,1,0,0
1,1,1,1,0,1,0,0,0,1,0,0,0,0,1,1,1,0,0,1,1,0,1,1,1,1,1,0,1,0,1,0,0,1,1,0,1,1,1,0,1,0,0,1,1,0,1,0,0,0,0,1,1,1,1,1,1,0,0,0,0,1,0,1,1,1,1,1,1,0,1,0,1,0,0,0,0,1,1,0,0,0,1,1,1,0,0,0,0,0,0,0,0,0,1,0,0,1,0,0,1
0,0,0,1,0,0,1,1,1,1,1,1,1,0,1,0,0,0,0,1,0,1,1,0,0,0,1,1,1,1,0,1,0,1,0,1,0,1,1,1,1,1,1,1,1,1,0,1,0,0,1,1,1,0,1,0,0,1,0,0,1,0,1,1,0,0,1,0,0,1,1,0,1,0,0,0,1,1,1,1,0,1,1,0,1,1,1,0,0,1,1,1,1,0,1,1,1,0,0,1,0
1,0,0,1,0,1,1,1,0,0,0,0,1,0,1,0,0,1,1,0,1,1,0,0,1,1,1,1,0,0,0,1,1,1,1,0,0,0,0,0,0,0,1,0,0,0,0,1,0,1,1,1,0,0,0,1,1,0,0,1,1,0,1,0,0,0,1,1,0,0,0,0,0,1,1,0,1,1,0,0,1,0,0,0,1,1,1,1,0,1,0,0,0,1,0,1,0,0,1,1,1
1,1,0,1,1,0,0,1,0,0,1,1,0,0,1,0,0,1,1,1,1,1,0,0,1,0,0,0,1,0,1,0,0,1,0,1,1,0,0,0,1,1,1,1,1,0,1,1,1,0,1,1,1,1,1,1,0,1,1,0,1,0,1,1,1,0,1,0,1,0,1,0,1,0,1,1,0,0,0,1,0,0,0,1,0,1,0,1,1,1,1,1,0,1,0,1,1,1,1,1,1
1,1,0,1,1,0,1,1,0,1,1,0,1,0,0,1,0,0,1,0,0,0,1,0,1,0,1,1,0,1,0,0,0,1,0,0,1,1,0,1,0,1,1,0,1,0,0,1,1,1,0,0,0,1,1,0,0,1,0,0,0,0,0,1,1,1,1,1,1,1,1,1,1,0,1,0,1,0,1,0,0,1,0,1,1,1,1,0,1,0,0,0,0,1,0,1,0,0,0,1,0
1,0,1,0,0,0,0,0,0,1,1,0,1,1,1,0,0,1,0,0,0,0,1,0,0,1,0,1,0,1,1,1,0,0,0,1,1,1,1,0,1,0,1,1,1,0,1,1,1,1,1,0,1,1,0,1,1,1,1,0,0,1,0,1,0,0,0,1,1,0,1,0,1,1,1,0,0,0,0,0,0,1,0,0,0,1,1,1,0,1,1,1,0,0,1,0,0,0,0,0,1
1,1,0,0,1,0,1,0,1,1,1,1,0,1,1,1,1,0,1,1,1,0,0,0,0,0,1,0,1,1,1,1,0,0,1,0,0,1,0,1,1,1,1,1,0,0,0,1,1,1,1,0,1,1,0,0,1,0,1,0,1,1,0,0,0,0,1,1,0,0,1,1,0,0,0,1,1,0,1,0,1,0,0,1,1,0,0,1,0,0,0,1,0,0,1,1,1,1,0,1,0
1,0,1,1,0,0,0,1,1,0,1,0,0,1,1,1,0,0,1,0,0,0,1,1,1,1,0,0,0,1,0,0,0,1,1,0,0,0,1,1,0,0,0,1,1,1,0,1,1,0,0,0,1,0,1,0,0,0,1,1,0,0,0,0,0,0,1,1,1,1,1,1,1,1,1,1,1,0,1,0,0,0,1,1,0,0,1,0,0,1,1,0,0,0,1,1,0,0,1,1,1
1,1,0,0,1,0,0,1,1,0,0,1,1,1,0,1,1,1,1,1,1,0,0,0,0,0,1,1,0,0,0,0,1,1,1,1,1,1,1,1,0,1,0,1,1,1,0,1,0,1,0,0,1,1,1,1,1,1,1,0,0,0,0,0,1,0,0,1,0,0,1,1,1,1,0,0,0,0,0,1,1,0,0,0,1,1,0,1,0,0,0,1,0,0,1,0,0,1,0,0,1
1,0,0,0,1,1,1,1,1,1,0,1,0,1,0,0,0,0,0,0,1,0,0,1,0,1,0,1,1,1,0,1,1,0,1,1,1,0,0,1,0,1,1,0,0,0,1,1,1,1,1,1,1,0,0,1,1,0,1,1,1,1,0,0,0,0,0,1,0,0,1,0,0,0,1,1,0,0,0,0,1,1,0,0,1,0,0,0,0,0,1,0,0,0,1,1,1,1,0,0,1
1,1,1,1,0,0,0,1,1,1,0,1,1,1,1,1,0,0,0,0,1,1,1,1,0,0,0,1,0,0,1,1,0,0,1,0,0,0,1,0,1,1,1,1,0,1,1,1,1,0,1,1,0,0,1,0,0,0,0,0,1,0,1,0,0,1,0,0,0,0,1,0,1,0,1,0,0,1,1,0,0,0,1,1,0,1,0,1,1,0,0,0,1,0,1,0,1,0,1,1,1
1,1,0,0,1,1,0,0,0,1,1,1,1,1,0,1,0,1,1,1,0,1,1,1,1,1,1,1,1,1,1,0,0,1,0,1,0,0,1,1,1,0,0,0,1,0,1,1,0,0,0,0,0,0,1,0,0,1,0,0,0,0,0,1,1,1,0,0,1,0,1,0,0,0,0,0,1,0,0,1,1,1,1,0,0,1,0,0,0,1,1,0,0,0,1,0,0,1,1,1,1
1,1,0,0,0,0,1,0,1,1,1,1,1,0,0,1,1,1,0,0,1,0,1,0,1,0,0,0,1,0,1,0,1,0,1,0,0,0,1,0,1,0,1,0,1,0,0,1,1,1,1,1,1,1,0,1,1,0,1,0,1,1,0,1,0,0,0,0,1,0,0,0,1,1,1,1,1,0,1,1,1,0,0,0,1,1,0,0,1,1,0,1,1,1,0,1,0,1,1,0,1
0,0,1,0,1,0,0,1,1,1,0,1,0,0,0,1,1,0,0,0,1,1,0,0,0,0,0,0,0,0,1,0,0,1,1,1,1,1,1,1,1,1,1,1,0,1,1,0,0,0,1,1,0,0,1,1,1,1,0,0,1,1,0,1,0,0,0,1,1,0,1,1,0,1,1,1,1,1,0,0,0,0,1,1,0,1,1,0,0,0,0,1,0,0,0,0,1,0,0,0,1
0,1,0,1,0,0,1,0,0,0,0,0,0,0,1,1,0,1,0,0,1,1,0,1,1,1,1,0,0,0,0,0,1,0,1,1,1,1,0,0,0,0,1,1,0,1,0,1,1,1,1,0,0,1,0,0,0,0,1,0,1,1,1,0,0,1,0,0,1,0,1,1,0,1,1,0,0,0,1,0,1,0,0,1,1,1,0,0,1,0,0,1,0,1,1,0,1,0,0,0,0
1,1,0,0,0,0,0,0,1,0,1,1,0,0,1,1,0,1,1,0,1,0,1,1,1,1,1,1,0,0,1,1,0,1,1,1,1,0,1,0,1,0,1,0,1,1,1,0,1,1,0,1,1,0,0,0,0,0,1,0,0,0,1,0,0,0,0,0,0,0,0,1,1,0,0,1,1,0,1,1,1,1,1,1,1,0,0,0,0,0,0,1,0,1,0,0,1,1,0,0,1
1,1,1,0,1,0,1,1,1,0,1,0,1,1,1,0,0,0,1,1,1,1,0,0,0,0,0,1,0,1,1,0,1,1,0,0,1,0,1,1,1,1,1,0,0,1,1,1,0,0,1,0,1,1,1,1,0,0,1,0,0,0,0,1,1,0,1,1,0,0,1,1,1,0,1,0,1,0,0,1,1,1,1,1,1,0,0,1,1,0,1,1,1,1,1,1,1,1,0,0,1
0,0,1,1,1,1,1,1,1,1,0,1,1,1,1,0,0,1,0,1,0,1,0,0,1,0,0,1,1,0,1,1,0,0,0,0,1,1,0,0,0,0,0,1,1,0,0,1,1,1,1,0,0,0,1,0,1,0,0,1,0,0,0,0,1,1,1,1,0,1,1,1,0,1,1,1,0,1,0,1,1,1,1,1,1,0,1,1,0,1,1,1,1,0,0,1,0,0,0,1,1
1,0,0,1,0,0,1,1,0,0,0,1,1,1,1,0,0,1,1,1,0,1,1,1,0,0,0,0,0,0,0,0,1,1,0,0,1,1,0,0,1,1,0,0,0,0,0,1,1,1,1,1,0,0,1,1,1,0,1,0,1,0,1,1,0,1,1,0,1,0,1,0,0,0,0,1,1,0,0,1,1,1,0,0,0,1,0,1,1,0,1,1,0,1,0,1,0,1,1,0,1
0,1,1,1,1,1,1,1,0,1,1,0,0,0,1,1,1,0,0,0,0,1,1,1,0,1,0,1,0,0,1,1,0,1,0,0,1,1,0,1,1,1,0,1,1,0,0,1,1,1,1,0,0,0,1,1,1,1,0,0,1,0,0,1,0,0,0,1,0,0,0,0,1,1,1,1,0,1,1,1,1,0,1,0,1,1,0,1,0,0,1,1,1,0,0,1,0,0,0,0,0
0,0,0,0,1,0,1,0,1,1,1,1,0,1,0,1,1,1,0,0,0,0,0,1,0,0,1,1,1,1,1,1,1,0,1,1,0,0,1,1,1,1,0,0,1,1,1,1,0,1,0,0,0,0,1,1,1,1,0,1,0,0,1,0,1,1,0,1,1,1,0,0,1,1,1,0,1,0,1,0,1,1,0,1,1,0,0,1,0,0,0,0,0,1,1,0,1,1,1,0,1
0,0,0,1,0,0,0,0,0,1,0,1,1,0,0,0,0,1,1,1,1,0,1,0,0,1,0,0,1,0,0,0,0,1,1,1,1,0,1,0,0,0,0,0,0,1,0,1,0,1,0,0,1,1,0,1,1,0,0,0,1,1,0,0,1,1,0,1,1,1,1,0,1,0,0,0,1,1,0,0,1,0,0,0,1,0,0,0,0,1,0,0,0,0,0,0,1,0,1,1,1
1,1,1,1,0,1,0,0,1,0,0,1,1,1,1,1,0,0,0,0,0,0,1,0,0,0,0,1,0,1,0,1,0,1,1,0,1,1,0,1,1,1,0,0,0,1,0,1,1,1,1,1,1,0,0,0,0,1,0,1,1,1,1,0,1,0,0,0,0,1,0,0,0,1,1,1,0,0,1,0,1,0,1,0,0,1,1,0,1,1,0,0,0,0,1,1,1,1,1,0,0
1,1,1,0,0,1,0,0,0,0,1,0,0,0,1,1,1,1,0,1,0,0,1,1,0,1,0,0,1,1,0,0,1,1,1,0,0,1,0,0,1,0,0,0,1,0,0,1,1,0,0,0,0,0,0,1,1,1,1,0,0,0,0,1,0,1,1,1,0,0,0,0,0,1,0,1,0,1,0,1,1,0,1,0,0,0,1,1,1,1,0,0,0,1,1,1,0,1,1,0,1
1,1,0,0,1,0,1,0,0,1,1,0,0,0,1,0,1,0,0,0,1,0,0,0,1,0,0,1,1,0,1,1,1,0,0,1,1,0,1,0,1,1,1,1,1,0,0,0,0,1,0,0,0,1,0,0,0,1,0,0,0,0,0,1,1,0,1,0,1,0,1,0,0,0,1,0,0,1,0,0,0,1,1,0,1,1,1,1,0,0,0,0,0,1,0,1,1,0,1,0,1
1,0,0,0,0,0,0,1,0,0,1,1,1,1,1,0,1,0,0,1,0,0,0,1,1,0,1,0,0,1,0,1,0,1,1,0,1,0,0,1,0,1,1,1,0,0,0,1,0,0,0,0,0,0,1,0,0,1,1,0,1,1,1,0,0,1,1,0,0,1,0,0,0,0,0,0,1,0,0,0,0,1,1,1,1,1,0,0,1,1,0,0,1,0,0,1,0,1,1,0,0
0,1,0,0,0,1,0,0,0,1,0,0,1,0,0,1,0,0,1,0,0,1,1,0,1,0,1,0,0,0,0,1,0,0,1,0,1,1,0,1,0,0,0,0,1,1,0,0,0,1,0,1,1,0,1,0,1,1,0,1,1,1,0,0,0,1,1,0,1,0,1,0,0,1,0,0,1,1,0,0,0,0,1,1,0,1,0,1,1,1,1,0,1,1,1,0,1,0,0,0,0
0,0,1,1,1,1,1,0,1,1,0,1,0,1,0,1,0,0,1,0,1,1,1,1,1,1,0,0,0,1,0,0,1,1,0,1,0,1,0,0,0,1,0,0,1,1,0,0,0,0,0,1,0,1,1,0,0,0,0,1,1,1,1,0,0,0,1,1,1,0,1,1,1,1,0,0,1,1,1,1,0,0,0,0,0,0,1,0,1,1,1,0,1,0,0,1,0,0,1,0,0
1,1,0,0,1,0,1,0,0,1,1,0,1,0,0,1,0,1,1,1,1,1,0,1,0,0,1,0,1,1,1,0,0,1,0,1,1,0,1,1,1,0,1,0,0,0,0,1,0,0,0,1,1,1,0,0,0,1,0,0,1,0,0,1,0,0,0,1,0,1,0,1,1,0,0,1,1,0,0,0,1,1,1,1,0,0,0,1,0,0,0,0,1,1,1,0,1,1,1,0,1
1,0,0,0,1,1,0,0,1,0,1,1,0,1,0,1,0,1,1,0,0,0,1,1,0,0,1,1,1,0,1,1,1,0,0,0,0,1,0,1,0,0,0,0,1,0,0,1,0,1,1,1,1,1,0,0,1,0,0,1,0,0,0,0,0,1,1,0,0,0,0,1,0,0,1,0,0,1,1,0,0,0,1,1,1,0,1,0,0,0,0,0,1,1,1,0,0,0,1,0,1
1,0,1,0,0,0,0,1,0,0,1,1,1,0,1,0,1,0,1,0,0,0,0,0,1,0,0,1,0,1,0,1,0,1,0,1,0,1,0,1,0,0,1,1,0,1,1,0,1,0,0,1,0,0,0,1,1,1,1,1,0,1,0,1,0,1,0,1,0,0,1,1,1,0,1,1,0,0,0,1,1,1,0,0,1,1,0,1,1,0,0,0,0,0,0,1,0,0,0,0,1
1,1,0,0,1,0,0,0,1,0,1,1,1,0,0,1,0,1,0,0,0,0,1,1,1,1,1,0,1,0,0,0,1,1,0,1,1,0,0,0,1,1,0,1,1,0,1,1,1,0,1,1,0,1,0,1,1,1,0,1,0,1,1,0,0,1,1,0,1,0,0,0,0,0,1,1,1,1,1,0,1,1,0,0,0,1,0,1,0,0,1,1,1,0,1,1,1,0,1,1,1
1,0,1,0,1,1,1,0,0,1,1,1,0,1,1,1,1,0,1,1,0,1,1,0,1,0,0,0,0,0,1,0,0,1,0,0,0,1,1,0,1,0,1,1,0,1,0,1,0,0,1,1,0,1,1,0,1,0,1,1,1,0,0,0,1,1,1,0,1,1,0,0,1,0,0,0,0,0,1,0,1,0,1,1,1,0,1,1,0,0,1,1,1,0,0,1,0,0,1,1,1
0,1,0,0,0,1,0,1,0,0,1,0,1,1,0,1,0,1,1,0,0,1,1,1,1,0,0,0,1,0,0,1,0,0,1,1,1,0,1,1,1,0,0,1,1,1,0,0,1,0,1,0,0,1,1,1,1,0,1,1,0,0,0,1,1,0,1,0,1,0,1,0,0,0,0,0,0,1,1,1,1,1,0,1,0,1,0,0,1,0,0,1,0,0,1,1,1,0,1,1,1
0,0,0,0,0,1,1,1,0,1,1,1,1,0,1,0,1,0,1,1,1,1,0,0,1,1,1,0,0,0,1,0,0,0,0,1,0,1,0,0,0,1,1,0,1,0,1,0,1,0,1,1,1,0,1,0,1,1,0,0,0,1,0,0,1,1,1,0,1,1,0,1,0,1,1,0,0,0,0,0,0,1,1,1,0,1,1,0,0,1,1,0,0,1,0,0,1,1,0,0,0
0,0,1,0,1,1,0,0,1,1,1,0,1,1,0,0,0,1,0,1,0,1,0,0,0,1,1,0,0,0,0,1,1,0,0,1,0,0,0,0,1,1,0,0,1,0,0,0,0,0,0,1,0,1,1,1,1,1,0,1,0,0,0,1,1,0,0,0,0,0,0,1,1,0,1,1,0,0,1,1,0,0,1,0,0,1,1,1,1,0,0,1,0,1,0,1,1,0,0,1,1
1,0,0,1,0,0,1,0,0,1,1,0,1,1,0,0,1,1,1,1,0,0,1,1,1,0,0,1,0,1,0,1,1,0,1,0,0,0,0,0,1,1,0,0,0,0,0,0,0,0,0,0,1,1,0,0,0,1,0,0,1,1,1,0,0,0,1,0,1,0,1,0,0,0,0,1,0,1,0,0,0,1,0,1,1,0,0,0,0,0,0,0,1,0,1,0,0,0,0,1,1
0,0,0,0,1,0,1,0,1,0,0,0,1,0,0,0,1,0,1,1,1,1,1,0,1,0,1,1,1,0,1,0,1,1,0,0,1,1,0,0,0,1,1,0,1,0,1,0,1,1,1,1,1,0,1,1,0,0,1,1,0,1,1,0,1,1,0,0,0,1,1,1,0,1,0,0,1,1,1,0,0,1,0,0,0,0,1,0,1,1,1,0,1,1,0,0,0,0,0,0,0
0,1,0,0,0,1,0,0,1,1,1,1,1,1,1,1,1,1,1,1,0,1,1,0,1,0,1,0,0,1,0,0,0,1,0,0,0,1,0,1,0,0,1,1,0,1,0,1,1,1,0,0,0,1,0,0,0,1,1,1,0,0,0,0,1,1,0,0,1,1,0,0,0,0,0,0,1,0,1,1,1,0,0,1,1,0,1,0,1,0,0,1,1,1,0,0,1,1,0,0,0
1,1,0,1,1,0,0,1,1,1,0,1,1,0,0,0,1,0,1,1,1,1,1,0,0,0,0,1,0,1,0,1,0,0,0,1,1,0,1,0,0,0,1,0,0,1,0,0,1,0,0,0,0,1,0,0,0,0,1,1,1,0,1,0,0,0,1,0,1,0,1,1,1,0,1,1,0,1,0,1,0,1,0,0,0,1,0,0,1,1,1,0,0,0,0,1,1,0,0,1,1
1,0,0,0,0,0,0,1,1,0,0,0,0,0,1,0,0,1,1,1,0,0,1,1,0,1,0,1,0,1,1,1,0,0,0,0,1,0,0,1,0,1,1,0,0,1,0,1,1,0,1,1,1,1,1,1,1,0,1,0,1,1,0,1,0,1,0,1,0,0,0,1,0,0,0,0,1,0,1,0,1,1,1,1,0,1,0,1,1,0,0,1,1,1,1,1,0,1,0,1,1
0,0,0,0,0,1,1,0,0,1,0,1,1,1,1,1,1,0,1,1,0,0,1,1,1,0,0,1,0,0,0,1,1,0,0,0,0,0,1,1,0,0,0,1,0,1,1,1,0,0,0,1,1,1,1,1,0,1,0,1,0,0,1,1,0,0,0,1,0,0,1,1,0,0,0,0,0,1,1,0,1,0,1,0,1,0,1,0,1,1,1,0,1,0,0,0,0,1,0,1,0
1,1,1,0,0,0,0,0,0,0,0,1,1,0,1,1,0,1,0,1,1,1,0,1,0,1,0,1,0,1,0,1,1,0,1,0,1,1,0,1,1,1,1,0,0,1,1,0,1,1,1,0,0,1,0,1,0,1,1,0,0,0,0,0,0,0,1,0,1,1,0,0,1,0,0,0,0,1,0,1,0,1,1,0,1,0,0,1,1,1,0,1,1,1,1,1,1,0,1,0,1
0,1,1,1,0,1,0,0,0,1,1,0,1,1,0,0,1,0,1,1,1,1,1,1,1,1,1,0,0,0,1,1,0,0,0,1,1,0,1,1,1,1,1,0,0,1,0,0,1,1,1,0,0,1,1,0,0,0,0,1,1,0,1,1,0,0,0,0,1,0,1,1,1,0,1,0,1,0,0,0,1,0,0,0,1,1,1,1,0,0,0,1,0,0,1,1,0,0,1,0,0
0,1,1,1,0,0,0,0,0,1,1,0,1,0,0,1,1,1,0,0,0,0,0,1,1,0,0,1,1,0,1,1,1,1,0,1,0,0,0,0,0,0,1,1,1,0,0,0,0,0,1,0,1,0,1,1,0,0,0,1,0,0,1,0,0,0,0,0,1,1,0,0,0,0,0,0,0,0,0,1,1,1,1,1,1,1,0,1,1,0,1,1,1,1,1,0,0,0,0,0,1
1,1,0,0,1,0,0,0,0,0,0,1,1,0,1,0,1,0,0,0,1,1,1,0,0,0,1,0,0,0,0,1,1,0,1,1,0,1,0,1,0,1,0,0,0,0,0,1,0,1,1,0,1,0,1,1,1,1,1,1,1,1,0,0,1,0,1,0,1,0,1,1,0,1,0,0,1,1,1,1,1,0,1,1,0,0,1,0,1,0,1,1,0,1,0,0,1,1,1,1,1
0,0,0,0,1,0,1,1,0,1,0,1,1,0,1,0,1,0,1,0,1,1,1,1,0,0,0,1,1,0,0,1,1,1,1,0,0,0,0,1,1,1,0,1,0,0,1,0,1,0,1,0,1,1,0,1,1,0,1,0,0,1,1,1,1,0,0,1,0,1,1,0,0,1,0,1,0,1,0,1,0,1,1,0,0,0,0,0,0,1,1,1,1,0,1,1,1,0,1,1,0
1,1,1,1,0,0,0,1,0,0,1,0,1,1,0,1,1,0,0,1,0,1,1,0,1,0,1,0,0,0,0,0,1,0,1,0,1,0,1,1,0,1,0,0,1,1,0,1,0,1,1,1,0,0,0,1,1,1,0,1,0,1,1,0,1,1,1,1,0,0,1,1,0,1,0,1,1,0,1,0,1,0,0,0,0,1,1,0,0,1,0,0,0,1,1,1,1,1,1,0,1
0,0,1,0,1,0,1,0,1,1,0,0,1,0,1,1,0,0,1,1,1,0,0,1,1,0,0,1,1,1,1,0,1,0,0,0,1,1,1,1,0,0,0,0,1,0,1,0,1,0,0,1,1,1,1,0,0,0,0,0,1,0,1,1,1,0,1,1,0,0,1,1,0,1,0,1,1,0,1,1,0,0,1,0,1,1,0,0,1,0,1,0,1,0,0,0,0,1,0,1,0
1,0,1,1,1,1,0,1,0,0,1,1,0,1,0,1,0,0,0,0,0,0,1,0,1,1,1,1,0,1,0,0,0,1,0,1,1,1,1,1,1,0,0,0,1,0,1,1,1,0,1,1,0,0,1,0,1,1,1,0,1,0,0,1,0,1,1,0,1,0,1,0,1,1,1,0,0,1,0,1,1,0,0,1,0,0,0,1,0,1,0,1,0,1,1,1,1,0,0,0,1
0,0,1,1,1,1,1,0,1,0,1,0,1,0,0,1,0,1,0,0,0,0,0,1,0,0,1,1,0,0,1,0,0,0,1,0,0,0,0,1,1,1,1,0,1,1,1,0,1,1,1,0,0,0,0,1,1,1,0,0,0,0,1,0,0,1,0,0,0,0,1,1,1,0,1,0,1,0,1,0,0,0,1,0,1,1,0,1,0,0,0,0,1,0,1,1,1,0,1,0,0
1,0,0,1,0,1,0,1,1,0,0,1,1,0,0,0,1,1,1,0,1,1,0,0,1,1,0,1,1,1,1,0,0,0,1,1,1,1,0,1,1,1,1,1,1,0,1,0,0,0,1,1,0,1,1,0,1,0,1,0,1,1,0,0,0,1,0,0,0,1,1,1,0,1,0,0,0,1,0,1,0,1,0,1,0,1,0,1,0,1,0,0,0,0,0,0,1,1,0,1,1
0,0,0,1,1,1,1,1,1,1,1,1,1,0,1,1,1,0,0,1,1,0,1,0,0,1,0,1,1,0,0,1,1,0,0,1,0,1,0,0,1,0,0,1,1,1,1,0,0,1,1,1,1,0,0,0,0,1,1,1,1,1,1,0,1,1,1,1,1,1,1,1,1,1,1,1,0,1,0,0,0,0,1,1,1,0,0,0,1,1,1,1,0,1,1,0,0,1,0,1,0
1,0,1,0,0,1,0,0,0,1,0,0,0,1,0,1,0,0,1,1,0,0,0,0,1,1,0,1,0,1,1,1,0,1,1,1,0,0,1,0,1,1,1,0,1,1,0,1,1,1,0,0,1,1,1,1,1,0,0,1,0,1,0,0,0,0,0,0,1,1,0,1,0,0,0,0,0,0,1,1,0,1,1,1,0,0,0,0,1,1,1,0,1,1,0,1,0,0,1,0,1
0,1,0,1,0,0,0,1,0,1,0,0,1,0,1,1,0,1,1,0,0,0,1,1,1,0,0,0,0,0,0,1,0,0,0,1,1,1,0,0,1,1,0,1,1,1,1,1,0,1,0,1,0,1,0,1,1,1,0,0,1,1,1,0,0,0,1,0,1,1,1,1,1,1,1,1,1,0,0,0,0,0,1,1,0,1,1,1,1,1,0,1,0,0,1,1,1,1,0,0,0
0,0,0,0,0,0,0,0,0,1,1,1,1,0,0,0,0,1,1,0,1,0,1,0,0,1,0,1,0,0,1,0,1,0,0,1,0,0,1,0,1,1,1,1,1,1,1,1,1,0,0,1,0,0,1,1,1,0,0,1,1,1,1,0,0,0,1,1,0,1,0,0,0,0,0,0,1,0,0,0,1,0,0,1,1,0,0,1,1,1,1,1,1,1,0,0,0,0,0,1,1
0,1,1,1,1,1,1,0,0,0,0,1,0,1,0,1,0,0,0,0,1,1,0,1,1,1,0,0,0,0,0,1,1,0,0,1,0,1,1,0,1,1,0,0,1,0,1,0,1,1,0,0,0,0,1,1,1,0,1,1,0,1,0,1,1,0,0,1,1,0,0,1,0,1,1,0,1,1,0,1,1,1,1,1,0,1,0,0,1,0,1,1,1,1,1,1,1,1,1,0,1
0,0,1,1,0,0,1,0,0,0,0,0,0,1,0,0,1,0,0,0,0,0,0,1,1,1,0,1,1,0,1,1,0,1,1,1,1,0,1,0,1,1,1,1,0,0,0,0,0,1,0,0,0,0,1,1,0,1,1,1,0,1,0,1,0,1,0,1,0,0,0,0,1,1,1,0,1,1,0,0,1,0,1,1,0,1,0,1,1,0,0,1,1,1,1,1,0,1,0,1,1
1,1,0,0,0,0,1,1,1,0,0,0,1,1,1,1,0,0,1,0,1,1,0,0,1,0,0,0,1,0,1,0,1,0,0,1,1,0,0,0,0,1,0,1,1,1,1,0,0,0,1,1,1,1,1,0,1,0,1,0,0,1,1,1,1,1,0,0,0,0,0,0,1,0,1,1,0,0,1,0,0,1,0,1,0,1,0,0,1,1,1,1,1,0,0,0,1,1,0,0,0
0,1,0,0,1,1,1,1,0,0,0,1,0,0,1,0,0,1,1,0,0,0,0,0,0,1,0,0,1,0,1,1,1,1,0,0,1,0,0,0,0,1,0,0,0,1,0,0,0,1,0,0,0,0,1,1,1,0,1,0,0,0,1,1,0,0,0,1,0,0,0,1,1,1,0,1,0,1,1,0,0,0,1,1,0,1,1,1,0,1,0,1,0,0,0,0,0,0,0,0,1
1,0,0,1,1,1,1,0,0,0,0,1,1,0,1,0,0,1,0,1,1,1,0,0,0,0,0,0,1,1,0,1,1,1,0,0,0,1,1,1,1,0,1,1,0,0,1,0,1,1,1,0,1,1,0,0,1,1,0,1,0,0,0,1,0,0,0,0,0,0,1,1,0,1,0,1,0,0,0,0,0,0,1,1,1,0,1,0,0,0,1,1,0,0,0,0,1,0,0,0,1
0,1,1,0,1,1,0,1,0,0,0,0,1,0,0,0,1,0,0,1,1,1,0,1,1,0,1,1,0,0,1,1,0,0,0,1,1,0,0,0,0,0,1,0,0,1,0,1,0,1,0,0,1,1,0,1,1,0,0,1,1,0,0,0,1,1,1,1,0,1,0,1,1,1,0,0,1,0,0,0,1,1,0,0,1,0,1,1,0,1,1,0,1,0,0,0,0,0,0,0,1
0,1,0,0,1,1,1,1,1,1,0,1,0,0,0,0,0,1,1,1,0,0,1,0,1,1,0,0,0,1,1,0,1,0,1,1,1,1,1,0,1,1,0,1,1,1,1,1,0,1,0,0,0,1,1,0,1,1,1,1,1,1,0,0,0,1,0,0,0,1,1,0,0,1,0,0,0,0,1,0,0,0,1,0,1,0,1,1,1,1,0,1,0,0,1,0,0,0,1,0,1
0,1,0,0,1,0,1,0,1,1,0,1,1,1,1,0,0,1,0,0,1,0,1,1,0,0,0,0,1,1,0,0,1,1,1,1,1,1,0,0,0,1,0,0,1,0,0,1,0,0,0,0,0,0,1,0,1,0,0,0,1,1,1,1,0,1,0,1,0,0,1,0,1,1,1,0,1,0,1,0,0,1,1,0,1,0,0,1,0,1,0,0,0,0,0,0,0,0,1,1,1
0,1,1,0,0,1,1,0,1,0,1,1,0,1,1,0,1,1,1,1,0,0,0,1,1,0,0,1,0,0,0,1,0,1,1,1,1,1,1,0,1,1,1,1,0,0,1,1,0,1,0,1,0,0,0,1,0,0,0,0,0,1,0,0,1,1,0,1,1,1,0,1,0,1,0,1,0,1,0,1,0,1,0,0,0,1,0,1,1,0,0,0,1,0,1,0,1,0,1,0,1
1,0,1,1,1,0,1,0,1,1,0,0,0,1,0,1,0,0,1,1,1,1,0,1,1,1,1,1,1,1,0,1,1,1,1,0,1,0,0,1,0,1,0,0,1,0,1,1,1,0,1,1,0,1,0,0,1,1,1,0,1,0,0,1,0,0,0,0,0,1,0,0,1,0,0,0,0,0,0,1,0,1,0,0,0,0,0,0,0,0,1,0,1,0,1,1,1,1,1,1,1
0,0,0,1,0,1,1,1,1,0,1,0,1,1,1,0,1,1,0,0,0,0,0,1,1,0,0,0,1,1,1,1,0,0,1,0,0,0,0,0,1,0,0,0,1,0,1,0,0,0,1,1,1,1,1,1,1,0,1,0,1,1,0,0,1,0,0,1,0,0,0,1,0,1,0,1,0,0,1,1,0,0,1,1,1,1,0,0,0,0,0,1,1,1,0,0,0,1,1,0,0
1,0,1,0,0,1,1,0,1,1,1,1,1,0,0,1,0,1,1,0,0,1,0,1,1,0,1,1,0,0,0,0,0,1,1,0,1,0,0,0,1,0,1,0,0,1,1,0,0,1,0,1,0,0,0,1,1,1,1,0,0,0,0,0,1,1,1,0,0,1,0,1,1,0,1,1,0,0,1,1,0,1,1,0,0,0,0,1,0,1,0,0,1,0,0,1,1,0,0,0,0
1,1,1,1,0,0,1,1,1,0,1,1,1,1,1,1,1,1,0,0,1,0,1,0,1,1,1,1,1,1,1,1,1,1,1,0,1,1,1,1,0,1,1,0,1,1,1,1,0,0,0,0,0,1,1,1,1,0,1,0,0,1,0,0,1,1,1,0,1,1,1,1,0,1,0,0,1,1,1,0,0,0,0,1,0,0,1,1,1,0,1,1,0,1,1,0,1,1,0,1,1
0,1,0,1,1,0,0,1,0,0,1,1,1,0,0,0,1,1,1,0,0,1,0,1,0,0,1,1,1,0,1,0,1,0,0,1,0,0,0,0,0,0,0,0,0,1,1,0,0,0,1,0,1,0,1,0,0,0,0,0,0,1,1,0,1,1,1,0,0,1,1,0,0,0,1,1,1,0,1,0,1,0,1,1,0,1,1,0,1,0,1,1,1,1,0,1,0,1,0,0,1
1,1,0,1,1,0,0,0,1,1,1,1,1,1,1,1,1,1,0,0,0,0,0,1,0,1,0,0,1,0,1,1,0,0,0,0,0,0,0,0,1,0,1,1,1,0,1,1,0,0,0,0,1,1,1,0,0,0,1,0,1,1,0,0,1,0,1,0,0,0,1,1,1,0,0,0,0,0,0,0,0,0,0,1,1,0,0,0,1,0,1,0,1,1,1,0,1,0,0,1,1
1,0,1,1,1,1,0,0,1,1,0,0,1,1,1,0,0,0,0,0,1,1,0,0,1,1,1,1,1,1,0,0,1,1,1,1,0,0,0,1,0,1,0,0,1,1,0,1,0,0,0,1,0,1,0,0,1,0,1,1,1,0,0,0,1,0,1,0,1,0,1,0,0,0,0,0,1,1,1,1,1,1,1,1,0,1,1,1,0,1,1,1,1,0,0,1,1,1,1,0,1
1,0,0,0,1,0,0,1,1,0,0,1,0,1,0,1,1,0,1,1,0,1,0,0,0,1,0,0,0,1,1,0,1,1,1,1,1,1,0,1,0,0,1,1,0,0,1,1,0,1,1,1,1,0,0,1,0,1,0,1,1,1,0,1,1,1,0,1,0,0,0,1,1,1,1,0,0,0,0,1,0,1,0,1,0,1,1,1,0,1,1,1,1,0,1,1,1,0,0,0,1
1,1,0,0,0,1,0,1,0,0,0,0,0,0,1,0,0,0,0,1,1,0,0,0,1,1,1,1,1,0,1,0,1,0,0,0,0,1,0,1,1,0,1,0,0,1,1,0,1,0,0,1,0,0,0,1,0,0,1,1,1,0,0,0,0,1,1,0,0,0,1,0,1,0,1,0,1,1,0,1,0,1,0,0,0,0,1,0,0,0,0,1,0,1,0,0,0,1,1,0,1
1,0,0,0,1,1,1,1,1,0,0,0,1,0,0,0,1,0,0,0,0,1,0,0,0,1,1,1,1,1,0,0,0,0,1,0,0,1,1,1,1,1,1,0,0,0,0,1,1,1,0,1,1,0,1,1,1,1,1,1,0,0,1,1,1,0,1,1,1,1,0,1,1,1,1,0,1,0,1,0,1,0,1,0,0,0,0,1,1,1,1,1,0,0,1,0,0,0,1,1,1
1,1,1,1,0,0,1,0,0,1,0,0,1,1,1,0,0,1,1,1,1,1,1,1,0,0,0,0,0,1,0,0,1,1,1,0,0,0,1,0,0,0,1,0,1,1,1,0,0,1,0,1,1,0,1,0,0,0,1,0,0,0,1,0,0,1,0,0,0,0,1,0,0,0,0,0,1,1,0,0,1,0,0,1,1,1,1,0,1,1,0,1,1,0,1,0,1,0,0,0,1
0,0,1,0,1,0,0,1,1,0,0,0,0,1,1,1,1,1,0,1,1,0,1,1,1,1,1,1,0,0,0,1,0,1,1,0,1,1,1,0,1,0,0,0,0,1,1,0,0,0,0,0,0,1,0,1,1,1,0,0,1,0,0,1,0,0,1,0,1,1,0,1,0,0,1,0,0,1,0,0,1,0,0,1,1,1,0,0,1,0,0,1,0,1,0,1,0,1,0,1,1
1,1,1,1,1,1,0,0,0,0,1,0,0,0,1,1,1,1,0,1,0,1,1,1,1,0,1,0,1,1,1,0,0,0,0,1,0,0,0,0,1,0,1,1,1,0,0,0,0,1,0,1,0,1,1,1,0,1,1,1,1,0,0,1,1,0,1,0,0,1,1,0,0,0,1,1,0,1,0,0,0,0,1,0,1,0,1,0,0,1,0,1,0,0,0,0,0,0,1,1,1
0,0,1,0,0,1,0,1,0,0,0,1,0,1,0,1,1,1,0,0,1,0,0,1,1,1,0,1,1,1,0,0,0,0,1,1,1,1,0,1,0,1,0,0,0,0,0,0,1,1,0,1,0,0,0,1,0,0,1,1,0,0,0,1,1,0,0,0,0,1,0,0,0,1,1,1,1,1,1,0,0,0,1,0,1,1,0,1,1,0,0,0,0,0,1,1,1,1,1,0,1
1,0,0,1,0,1,0,1,1,1,0,1,1,1,0,1,1,1,1,1,0,1,1,0,1,0,0,0,1,1,1,0,0,0,0,0,0,0,0,0,0,1,0,1,0,1,1,1,0,0,0,1,1,1,1,1,0,1,0,1,0,0,0,0,0,0,1,0,0,1,1,0,0,0,0,0,1,1,1,0,0,1,1,1,0,1,1,1,0,0,1,0,0,0,1,1,1,0,0,0,1
1,1,0,1,1,1,0,1,0,0,0,1,0,1,1,0,0,0,1,0,1,0,1,1,0,1,0,0,0,1,1,1,1,0,1,0,1,1,1,0,1,0,1,1,0,0,0,1,0,1,1,0,0,0,1,1,1,1,0,0,0,0,0,1,0,1,1,1,0,1,0,1,1,0,1,1,0,0,0,0,1,0,0,0,0,1,1,1,0,0,0,1,0,1,0,1,0,1,1,0,1
1,0,0,1,1,0,1,0,0,0,0,0,0,1,1,1,0,1,1,0,0,1,1,0,1,1,0,1,0,1,1,1,1,0,0,0,0,0,1,0,0,1,0,0,0,0,0,0,1,0,0,0,1,1,0,0,0,0,1,1,0,1,0,0,1,1,1,0,0,0,1,0,1,0,0,0,0,0,0,0,0,0,0,0,1,0,0,1,1,1,1,1,1,0,0,0,1,1,1,0,1
1,1,1,0,0,0,0,0,0,1,1,1,1,0,0,0,1,0,0,1,0,1,0,0,1,1,0,0,0,1,0,1,0,1,1,0,1,1,1,0,0,0,0,0,1,0,1,1,1,1,0,0,1,0,1,1,1,0,1,1,0,1,1,1,1,0,0,0,0,1,0,0,1,0,0,1,1,0,1,0,1,0,0,1,1,1,0,0,0,1,0,0,1,0,1,0,0,1,0,0,1
1,1,0,1,0,1,1,0,0,1,1,1,0,0,0,0,1,1,0,1,1,1,1,1,1,1,0,0,1,0,0,0,1,1,1,1,0,0,1,0,0,0,0,1,0,1,1,1,0,1,0,1,1,1,1,1,0,1,0,0,1,1,1,1,0,1,0,0,1,1,0,0,0,1,1,0,0,0,1,0,1,1,0,1,1,0,1,0,1,0,1,0,1,0,1,0,0,1,0,1,1
0,0,0,0,1,0,0,1,0,0,1,1,0,1,1,1,1,0,1,1,1,0,1,0,0,0,1,0,0,1,1,1,1,1,0,1,1,0,0,1,1,1,1,0,0,1,0,0,0,0,0,1,1,1,1,0,0,0,1,0,0,0,1,1,0,0,1,0,0,1,1,0,1,1,1,1,0,0,1,1,1,1,1,0,1,0,1,1,0,0,0,0,0,0,1,1,0,0,0,0,0
1,1,0,0,1,1,0,0,0,0,0,1,0,1,0,1,1,1,1,1,1,1,1,0,0,0,0,1,1,0,1,1,0,0,0,1,1,0,1,1,0,1,1,1,0,0,1,1,0,0,1,0,1,0,0,1,1,1,1,0,0,1,0,0,0,0,0,0,1,0,1,1,1,0,1,1,1,0,1,1,0,0,0,0,1,0,0,0,0,1,0,0,1,0,0,0,0,1,0,1,1
0,0,1,1,1,0,0,0,0,1,0,1,0,1,1,1,1,0,0,0,0,0,0,0,1,0,1,1,1,1,1,0,1,0,0,1,0,0,0,0,0,1,0,1,0,0,1,0,1,1,1,1,0,0,1,1,0,1,1,1,1,0,0,0,0,1,0,1,0,0,1,0,0,1,1,0,0,0,0,0,0,1,1,0,1,0,0,1,1,1,1,0,1,1,0,1,0,1,0,0,1
0,1,0,1,0,1,0,0,0,1,1,0,1,0,1,1,1,0,0,1,0,0,1,1,0,0,0,0,1,1,1,0,0,1,0,0,1,1,0,1,0,1,1,0,1,0,1,1,0,1,0,1,0,1,0,0,1,0,0,1,1,1,1,1,1,0,1,0,0,1,0,0,1,1,0,1,1,1,1,1,1,0,0,1,0,0,1,0,1,0,0,0,0,1,1,0,0,0,1,1,0
1,1,1,1,1,1,1,1,1,1,1,1,0,1,1,1,0,1,1,0,1,0,1,1,0,0,1,0,1,1,0,0,0,0,1,1,0,0,1,1,1,1,0,1,1,0,0,0,1,0,0,0,0,0,0,0,1,0,1,1,1,0,0,1,0,0,0,1,1,1,1,0,1,1,0,1,0,1,1,1,1,1,1,0,1,0,1,0,0,0,0,0,0,0,0,0,0,0,0,0,0
0,1,0,0,1,0,1,1,1,1,0,0,1,0,1,0,0,0,1,0,0,1,1,0,1,1,0,0,1,0,0,1,0,0,1,0,1,1,1,0,1,1,1,1,1,1,0,1,0,0,1,1,0,0,0,0,1,0,0,1,0,1,1,1,1,0,0,0,1,0,0,1,0,0,0,0,1,0,1,1,0,1,0,0,1,0,0,0,1,1,0,1,0,0,0,1,0,0,1,0,1
0,0,0,1,1,0,0,0,0,1,1,0,1,1,1,0,1,1,1,1,0,0,0,0,1,1,1,0,0,1,0,1,0,1,1,0,1,0,1,0,1,0,1,1,0,1,1,1,1,1,1,1,1,1,1,0,0,1,0,1,1,0,0,0,0,1,1,1,0,0,1,1,0,0,1,1,0,1,1,0,1,1,0,1,1,1,0,1,1,1,0,1,1,1,1,1,1,0,1,0,1
1,0,0,1,0,1,0,1,0,0,1,0,0,0,1,1,0,1,1,1,1,0,0,0,0,1,1,0,1,1,1,1,1,0,1,1,1,0,1,0,0,1,1,1,1,1,0,0,0,0,1,1,1,0,1,0,0,0,0,1,1,0,0,1,0,1,0,1,1,1,1,1,1,0,1,0,1,1,1,0,1,0,0,0,1,0,0,1,1,0,1,0,1,0,0,1,1,1,0,0,0
0,1,0,0,1,0,0,1,1,1,0,0,1,1,0,1,1,1,0,1,1,1,0,1,0,0,0,0,0,1,0,0,0,1,1,1,0,1,0,1,1,1,0,1,0,1,1,0,1,0,0,0,1,1,0,0,1,1,0,0,0,1,0,1,1,0,1,0,0,0,1,0,0,0,1,0,0,1,0,1,1,1,0,1,0,0,1,1,1,1,0,1,1,0,0,1,1,1,1,1,1
0,0,1,0,0,0,0,0,1,0,0,1,1,0,1,1,1,1,0,0,0,1,1,1,1,0,0,0,0,1,0,1,1,1,0,0,0,0,1,1,1,1,1,0,1,0,1,0,0,0,0,1,0,0,1,1,0,1,1,0,1,1,0,0,0,1,0,1,1,1,1,1,0,1,1,0,0,1,1,0,0,1,1,0,1,1,0,1,1,0,1,1,1,0,1,1,1,1,0,0,1
0,0,1,1,0,0,0,1,1,1,1,1,0,0,1,0,1,0,0,1,0,1,0,1,1,0,0,0,1,1,1,0,1,0,1,0,1,1,1,1,0,1,0,1,0,0,0,0,0,0,1,1,1,0,1,1,0,0,1,0,1,0,1,0,1,1,1,0,0,0,1,1,0,0,1,0,0,0,0,1,0,1,1,0,0,0,0,1,0,0,0,0,0,0,0,1,1,1,0,1,0
0,0,0,0,0,1,0,1,1,0,1,1,0,1,0,0,0,0,1,1,1,1,1,1,0,0,1,1,1,1,1,0,1,1,0,1,0,0,0,0,0,1,0,1,0,1,1,1,1,0,1,1,0,0,1,0,1,1,1,0,1,1,0,0,0,0,0,1,0,1,0,1,0,0,0,0,1,1,1,0,0,0,0,0,1,0,1,0,1,1,0,1,0,0,0,1,0,1,0,0,0
0,1,1,0,1,1,0,0,1,0,1,0,0,0,1,0,0,1,0,1,0,0,1,1,1,1,0,0,1,0,0,1,0,0,0,0,0,1,0,0,1,1,0,0,0,0,0,1,0,1,1,0,1,1,1,0,1,0,0,0,1,1,0,0,1,1,1,0,0,0,0,1,0,1,1,1,0,1,1,0,0,0,0,0,1,1,1,1,0,1,0,1,0,0,0,0,1,1,0,1,1
1,0,1,1,0,1,0,0,0,0,1,1,1,1,0,1,0,1,1,1,1,0,1,1,1,0,0,0,0,0,0,1,0,1,0,0,0,0,1,0,1,0,1,1,0,0,1,1,0,1,1,0,0,1,0,0,1,0,0,1,0,1,1,1,1,1,1,0,0,1,0,1,1,1,0,1,0,0,1,0,1,0,1,0,0,0,0,0,1,1,1,0,1,0,1,1,1,0,1,0,1
0,1,1,1,1,0,1,1,1,1,0,1,1,1,0,1,0,1,1,0,0,1,0,0,1,1,1,1,1,0,0,1,1,1,1,1,1,1,0,1,1,0,0,1,0,1,0,1,0,1,1,1,1,1,0,0,0,0,0,0,1,0,1,1,1,0,1,0,0,0,1,1,0,0,0,1,1,0,0,1,1,1,1,0,0,1,1,1,0,0,1,0,0,0,1,0,1,0,0,0,1
1,0,1,1,1,1,1,1,1,0,0,1,1,0,1,1,1,1,1,0,0,0,1,0,0,1,1,1,0,0,0,0,1,1,0,1,0,0,0,1,0,0,0,0,0,1,1,1,1,1,0,0,1,1,0,0,1,0,1,1,0,1,0,1,0,1,1,1,1,1,1,1,1,1,0,1,1,0,0,0,1,1,0,0,1,0,1,0,0,1,1,1,1,1,0,1,1,1,1,1,1
0,1,0,1,0,1,1,1,1,1,0,1,1,0,0,1,0,1,0,0,1,1,1,1,0,1,0,0,1,0,1,0,0,0,0,1,1,0,1,0,1,1,0,0,0,0,1,0,0,1,0,0,1,0,1,1,0,1,0,1,0,1,1,1,1,0,0,0,0,0,1,1,1,1,1,0,0,0,1,1,1,1,0,0,0,0,0,0,0,0,1,1,1,0,1,0,0,1,0,1,1
0,0,0,0,0,0,1,0,1,1,1,1,0,0,1,0,1,1,1,1,0,0,1,1,1,0,1,0,0,0,1,1,1,0,0,0,0,0,1,1,0,1,1,0,0,1,0,0,1,0,1,0,1,0,1,0,1,0,1,1,1,1,1,1,1,1,1,0,0,1,0,1,0,1,0,0,0,0,1,1,1,0,1,1,0,1,1,1,0,1,1,0,1,1,1,0,1,0,0,0,0
1,1,1,1,1,1,0,1,1,0,0,0,0,1,0,0,0,0,0,0,1,0,0,0,0,0,1,0,1,0,0,1,0,1,0,0,1,1,1,0,1,1,0,1,1,0,0,0,1,0,1,0,1,0,1,1,0,0,1,0,1,1,0,0,1,1,1,1,0,0,1,1,0,1,1,0,1,0,0,1,0,0,0,1,1,1,0,1,0,0,1,1,0,1,0,1,1,1,0,0,1
0,0,0,1,0,0,1,1,1,0,1,1,1,0,1,1,0,0,1,1,1,0,1,0,0,1,0,0,1,1,0,0,1,1,1,0,0,0,0,0,0,0,0,1,1,0,0,1,0,0,0,1,0,1,1,1,1,1,0,0,1,1,0,0,1,0,0,0,1,0,1,1,1,0,1,1,1,0,1,1,0,1,0,0,0,1,0,0,0,0,1,1,0,1,1,1,0,1,0,1,0
1,1,1,1,1,0,1,0,1,0,1,1,0,0,0,0,0,0,0,0,0,0,1,1,0,0,0,1,0,0,1,1,0,1,1,0,0,1,1,1,0,0,0,0,1,1,0,0,0,1,0,0,1,1,1,1,0,0,1,0,0,1,0,1,1,0,1,0,0,0,0,0,0,0,1,1,1,1,0,1,1,1,1,1,1,1,0,0,1,0,0,1,0,0,0,0,0,1,1,0,1
0,1,0,0,0,0,0,1,0,0,0,1,0,0,0,0,0,0,1,1,0,1,1,0,0,1,1,1,0,0,1,1,1,1,0,0,1,1,0,0,1,1,0,0,1,0,1,0,1,1,1,1,0,0,0,0,1,1,1,1,0,1,0,1,1,0,1,0,0,1,0,1,0,1,1,0,0,1,0,0,1,1,1,1,1,1,1,0,0,1,1,1,0,0,0,0,1,1,0,1,1
1,0,0,1,1,1,0,1,1,1,0,1,1,0,0,0,0,0,0,0,1,1,1,0,0,1,1,0,0,0,1,0,1,1,0,0,1,0,1,0,1,1,0,0,1,1,1,1,1,0,1,0,0,0,1,1,0,0,0,0,0,0,0,1,1,1,1,1,0,0,0,0,1,1,1,1,1,1,0,0,0,1,1,0,1,0,0,0,0,0,0,1,0,1,1,0,0,0,1,1,1
0,0,0,1,1,0,1,1,1,0,0,1,0,1,1,1,1,1,0,0,0,0,1,0,1,0,1,0,0,1,0,0,0,0,0,0,0,1,0,1,1,1,1,1,1,0,0,1,1,1,0,1,0,1,1,1,0,1,1,0,1,0,1,0,1,1,0,0,0,1,1,1,0,0,1,1,0,1,0,1,0,0,1,0,0,1,0,0,0,1,1,0,0,1,0,1,1,1,1,1,0
1,0,0,1,0,0,1,1,1,0,0,0,1,1,0,1,1,0,1,1,0,0,0,0,1,1,1,1,1,1,0,0,1,1,1,0,1,0,1,0,0,1,1,1,0,1,1,0,0,1,1,0,1,0,1,0,0,0,0,0,0,0,0,1,1,0,0,1,0,0,1,1,1,0,1,1,0,0,0,1,0,1,1,1,1,0,1,0,1,0,1,1,1,1,1,0,1,1,0,1,0
1,1,1,1,0,0,0,1,0,0,1,0,1,0,0,0,0,1,0,0,0,0,1,0,1,0,1,0,0,0,0,0,1,1,1,1,1,0,1,1,1,1,1,0,1,1,0,0,0,0,1,1,1,1,0,1,1,1,0,1,1,1,1,1,0,0,1,0,0,0,1,0,0,0,1,1,0,1,1,0,1,0,1,0,1,1,1,1,1,1,0,0,1,0,1,1,0,1,1,1,1
1,0,1,0,0,1,1,1,0,1,0,1,0,1,1,0,0,1,0,0,1,0,0,1,1,1,1,1,0,0,1,1,1,1,0,0,1,0,0,1,1,1,0,1,0,0,1,1,0,1,1,1,1,0,1,0,1,0,0,0,1,0,0,1,0,0,1,1,0,1,0,1,0,0,0,1,1,0,1,1,0,1,0,0,0,1,1,0,1,0,1,0,1,0,1,1,0,1,0,1,1
0,0,0,0,0,1,1,1,0,0,1,1,1,0,1,0,1,1,0,1,1,0,0,0,1,0,0,1,1,0,0,1,1,0,1,0,1,0,1,0,0,1,0,0,0,0,1,0,0,1,1,1,0,1,0,0,1,0,0,0,0,0,0,0,1,0,1,0,0,0,1,0,0,1,1,0,1,1,0,1,1,0,1,1,1,0,0,1,1,1,1,0,0,0,0,0,0,1,1,1,1
1,0,1,1,1,0,0,0,0,0,1,1,1,0,1,0,0,0,0,0,1,0,0,1,0,1,0,1,0,1,1,1,0,0,1,1,1,0,0,1,0,0,0,0,0,1,0,1,0,1,0,0,0,0,0,1,1,1,1,0,1,0,0,1,0,0,1,1,0,0,1,1,1,0,0,1,1,1,0,1,1,1,1,0,0,0,1,0,1,0,0,0,1,0,1,0,1,1,1,0,1
1,0,1,0,0,1,0,1,0,0,0,1,1,0,1,0,1,0,1,1,1,1,1,0,1,0,1,1,1,1,0,1,1,0,1,0,0,1,0,0,1,0,0,1,1,1,1,1,1,1,0,0,1,0,1,1,0,0,0,1,0,0,0,1,0,1,0,1,0,0,0,0,1,1,1,1,0,1,1,0,1,1,0,0,0,1,1,1,0,0,1,0,1,1,1,1,1,0,1,0,1
0,1,1,1,0,0,0,0,0,0,0,1,0,1,1,1,0,1,1,1,0,0,1,1,0,0,0,0,0,0,1,0,1,1,1,0,0,0,1,1,0,0,0,1,1,0,1,1,1,0,1,1,1,1,1,0,1,0,0,1,1,1,1,1,1,0,1,1,0,1,0,0,1,0,0,1,1,0,1,1,0,0,1,1,0,1,0,1,0,1,1,0,1,1,1,1,1,1,0,1,1
1,1,0,1,1,1,0,1,0,1,0,1,0,0,0,1,0,0,0,0,0,0,0,1,0,1,0,0,0,1,0,1,1,0,1,0,0,0,0,1,1,0,0,1,1,1,0,0,0,0,0,0,0,1,1,1,0,1,1,0,0,0,0,1,1,1,0,1,1,1,0,0,0,0,1,0,0,1,1,1,1,0,1,1,1,0,0,1,1,0,0,0,0,0,0,0,0,0,0,0,1
1,1,0,0,1,0,1,0,1,0,1,0,1,1,0,1,1,0,1,1,0,1,1,1,1,1,1,1,0,1,0,1,0,1,1,0,1,1,1,1,0,0,0,1,0,1,1,0,0,1,1,1,1,1,0,1,1,1,1,0,1,0,0,1,0,1,1,1,0,1,1,0,0,1,1,0,1,0,1,0,0,0,1,0,1,0,0,0,1,0,0,1,0,1,1,1,0,0,1,0,1
0,0,1,1,1,1,0,1,0,0,1,0,0,0,1,0,0,0,0,0,0,1,0,1,0,0,0,0,1,1,0,1,0,0,0,0,1,0,0,0,1,0,0,1,1,0,1,0,0,1,1,1,0,1,1,0,1,0,0,1,0,1,1,0,0,1,0,0,1,0,0,1,0,1,1,1,0,0,0,0,0,1,1,1,0,1,0,0,0,0,0,1,1,1,1,0,1,1,0,0,0
0,0,0,0,0,0,1,1,0,1,0,1,1,1,0,0,0,1,0,1,1,1,0,1,0,1,0,1,0,1,1,1,1,0,1,1,1,0,1,1,0,1,0,0,0,1,1,1,1,1,0,1,0,0,1,1,1,1,1,0,0,0,0,1,0,0,0,1,0,1,1,0,0,1,0,0,0,1,0,0,0,0,0,0,0,0,1,1,1,0,1,0,0,1,0,1,0,1,0,1,1
1,1,1,1,0,1,0,0,0,1,1,0,1,0,1,0,1,0,0,0,1,1,1,1,1,1,1,0,0,1,0,0,0,0,0,0,0,1,1,0,1,1,0,1,1,1,1,1,1,0,1,1,1,1,1,0,1,0,0,1,1,1,1,0,0,0,0,0,0,0,0,1,1,1,1,1,0,0,0,0,1,0,0,0,1,1,0,0,0,1,0,1,0,0,0,0,1,0,1,0,0
0,0,0,0,0,0,1,0,0,1,0,1,0,1,1,0,1,0,1,1,1,1,0,1,0,0,1,1,1,0,1,0,1,1,1,0,0,0,0,0,1,1,0,1,1,1,0,1,0,0,1,1,1,1,0,0,1,0,0,1,1,0,1,0,0,1,0,1,1,1,1,0,0,1,1,1,1,1,0,0,0,0,0,1,0,1,1,0,1,0,1,0,1,1,0,1,1,0,0,1,0
1,1,0,1,0,1,0,0,1,1,0,1,0,0,1,0,0,0,1,0,0,1,1,1,1,0,1,0,0,1,1,1,1,0,0,1,0,1,0,1,0,1,1,0,0,0,0,1,0,1,0,0,0,0,1,1,0,1,0,1,0,1,0,1,1,0,1,1,0,0,0,0,0,0,0,1,0,0,1,0,1,1,1,0,1,0,1,1,0,1,0,1,1,0,0,1,1,1,1,1,0
1,1,1,1,0,1,1,1,0,0,0,1,0,0,0,0,1,0,1,0,0,1,1,1,0,1,0,1,1,0,0,0,1,1,0,0,1,0,1,1,1,0,1,0,1,0,0,0,1,0,1,0,1,0,0,0,0,1,1,1,0,0,1,0,0,0,1,1,1,1,0,0,1,1,1,1,1,1,1,0,1,1,1,0,1,1,1,0,1,0,1,0,0,0,1,0,0,1,1,0,0
1,0,1,0,1,0,1,1,0,1,0,0,0,1,0,1,1,0,0,1,0,1,0,1,0,1,0,1,0,1,0,0,0,1,1,1,0,1,0,0,1,0,0,1,1,0,0,0,1,0,0,0,1,0,1,0,0,0,1,0,1,1,0,0,1,0,1,1,1,0,0,0,0,1,0,1,0,1,0,0,0,1,0,1,1,1,0,0,1,1,1,0,1,0,1,0,0,1,0,1,1
1,1,0,1,0,1,0,0,1,1,0,1,0,0,1,1,0,1,1,1,0,1,1,0,1,0,0,0,1,1,0,1,0,0,1,0,1,0,1,0,0,0,0,0,0,0,1,0,1,1,1,1,1,0,1,1,1,0,1,0,0,1,0,1,0,0,1,1,1,1,0,1,0,0,1,1,1,0,1,1,1,0,1,1,1,0,0,1,1,1,0,1,1,0,0,1,1,1,0,0,1
1,1,1,1,1,0,0,1,1,0,0,0,0,0,1,1,1,1,1,1,1,0,0,0,1,0,0,0,1,1,1,1,0,0,1,1,1,0,0,1,1,0,0,0,1,1,1,0,1,0,0,1,0,1,1,0,1,1,1,0,1,0,0,1,0,1,0,0,1,1,1,1,1,1,1,1,1,0,1,1,0,1,0,1,1,0,1,1,1,1,0,1,0,0,1,1,1,0,1,1,1
0,1,1,1,1,0,1,0,0,1,0,0,1,1,1,0,1,1,0,0,1,1,1,0,1,0,0,1,1,0,1,0,0,0,1,1,0,0,1,0,1,1,1,1,1,1,0,0,1,0,0,0,0,1,0,1,1,1,1,1,1,1,1,1,0,0,1,1,1,1,1,0,0,1,0,0,0,0,1,1,1,0,0,1,0,1,0,0,1,1,1,1,0,0,0,0,1,1,1,1,1
1,0,1,0,0,0,1,0,1,1,1,1,1,0,0,0,1,0,0,0,0,0,0,1,0,0,1,0,1,0,0,1,1,1,0,0,1,0,0,0,1,1,0,1,0,0,1,0,0,0,0,0,0,1,1,0,0,0,0,1,1,0,0,0,1,1,1,0,0,1,1,0,0,1,0,0,0,0,0,1,1,1,1,0,0,0,1,1,0,1,1,0,1,1,0,0,1,0,1,1,0
0,0,1,1,1,0,0,0,0,1,0,0,0,0,1,0,1,1,0,1,0,0,0,1,1,0,1,0,1,0,0,1,1,0,1,0,1,1,1,0,0,0,1,0,0,0,1,0,0,0,1,0,0,1,0,0,0,0,0,0,1,0,0,1,1,0,1,1,0,1,0,0,0,0,0,1,1,0,1,0,1,0,1,1,0,0,0,0,0,1,0,1,1,1,0,0,1,1,1,0,1
0,0,0,0,0,1,0,1,0,1,0,1,1,1,0,0,0,0,1,1,0,1,1,1,0,0,0,1,1,1,1,0,0,1,1,0,1,1,1,0,1,1,0,1,0,0,1,1,1,0,0,0,1,1,1,0,1,0,0,1,1,1,1,1,1,1,0,0,0,0,1,1,0,1,1,1,1,1,0,1,1,1,1,0,1,1,1,1,0,1,1,1,1,0,0,0,1,0,0,1,1
1,1,1,0,1,0,1,0,1,0,1,0,0,0,0,0,0,1,0,1,0,1,0,1,1,1,0,1,0,1,1,1,0,0,0,1,0,0,0,1,1,0,1,1,1,0,1,0,0,1,1,1,1,0,0,1,1,0,1,0,1,1,0,1,0,0,0,1,1,0,1,1,1,0,1,0,0,1,0,1,0,0,1,0,0,1,0,0,1,0,1,0,1,1,1,0,1,0,0,1,1
1,1,0,0,0,0,0,0,1,0,0,1,0,1,0,0,0,1,1,1,1,0,0,1,1,0,1,0,1,0,0,0,0,0,0,1,1,1,0,0,0,0,1,0,1,0,1,0,0,1,1,0,0,0,1,0,0,1,1,0,0,1,0,1,1,0,1,0,0,0,0,0,1,1,0,0,0,1,1,0,1,1,0,1,1,1,0,0,0,1,1,1,1,1,1,1,1,0,0,1,1
1,0,1,1,0,0,0,0,0,1,0,0,1,0,0,1,0,1,1,0,0,1,0,0,0,0,0,1,1,0,1,1,1,1,1,0,0,0,1,0,1,1,0,0,0,0,0,1,1,1,0,1,0,0,0,0,0,0,1,1,0,1,1,0,0,1,1,0,1,1,1,1,0,0,0,0,1,1,1,1,1,1,1,0,0,0,0,0,0,1,1,1,0,1,0,0,0,0,0,1,1
1,1,1,1,1,1,1,0,0,1,0,1,1,1,1,0,0,0,1,0,1,0,0,0,0,0,0,0,1,1,1,1,0,1,0,0,1,1,1,1,0,0,0,1,1,0,0,0,0,0,1,0,0,0,0,1,0,0,1,0,0,0,0,1,1,1,0,1,1,0,1,0,0,0,1,1,1,0,1,1,1,0,0,1,0,0,1,1,1,1,1,0,1,1,0,1,0,0,0,1,0
0,1,1,1,1,0,1,0,1,0,1,0,1,1,0,0,0,1,0,1,0,0,0,0,0,1,1,1,1,1,0,0,1,1,0,0,0,0,1,1,1,0,1,1,1,1,1,1,1,0,1,0,0,0,0,1,0,1,0,0,1,0,0,0,1,1,1,1,0,1,0,1,1,0,0,0,0,1,1,0,1,0,1,1,0,1,1,0,0,0,1,0,1,0,1,0,0,0,1,1,1
1,0,1,0,0,0,0,0,1,1,1,0,0,1,0,0,0,0,0,1,0,1,0,0,1,0,0,0,1,1,1,1,0,1,0,1,0,0,0,1,1,1,1,0,0,1,0,1,0,1,1,1,0,0,1,1,1,1,1,0,0,0,0,1,0,1,1,1,1,0,0,1,0,0,0,0,1,1,0,1,1,0,0,1,0,0,1,0,0,1,0,0,0,1,1,0,0,0,0,0,1
0,1,0,0,1,1,1,0,1,0,1,0,0,1,0,1,1,1,0,0,1,0,0,0,0,0,0,0,1,0,0,0,1,1,1,1,0,0,0,1,1,0,0,0,0,0,1,0,0,0,0,1,1,0,0,1,1,0,1,0,0,0,1,0,1,0,0,1,1,0,0,0,1,0,1,0,1,0,0,1,0,0,0,1,1,0,0,1,1,1,0,1,1,1,0,0,0,1,1,0,1
0,1,1,1,0,0,0,1,1,1,1,1,1,0,0,1,1,0,0,0,1,1,1,1,0,1,0,1,0,1,1,1,0,0,0,1,0,0,0,1,0,0,0,1,0,0,0,1,0,1,1,1,1,1,1,1,0,0,0,1,1,0,0,0,0,0,1,1,0,1,0,1,0,0,1,0,1,0,0,0,1,1,1,1,0,1,1,1,1,1,1,1,0,0,1,1,1,0,0,0,0
0,0,0,0,1,1,1,0,1,1,1,0,0,1,0,1,0,1,0,0,1,1,0,1,0,0,1,1,1,1,1,0,0,1,1,0,0,0,0,1,1,0,0,1,1,1,1,0,1,0,1,0,0,1,0,0,0,0,0,1,0,1,1,0,1,0,1,1,1,0,1,1,1,0,1,1,0,1,0,1,1,1,1,1,1,0,1,1,1,1,0,0,0,1,1,1,0,0,1,0,0
0,1,0,0,1,0,0,0,1,0,0,1,1,1,1,1,1,1,1,0,0,0,1,0,1,0,0,0,1,1,0,1,0,0,0,0,0,1,1,0,1,0,1,1,1,0,1,1,1,1,1,1,1,0,1,1,1,1,0,1,0,1,1,1,0,0,1,1,0,1,1,1,1,1,0,1,0,0,0,1,0,1,0,1,0,0,0,1,0,1,1,1,1,1,1,1,0,1,1,0,1
0,0,1,1,1,1,1,0,1,1,1,1,1,0,0,1,1,0,1,0,1,1,1,0,1,0,1,0,0,0,0,0,0,0,0,1,0,1,0,0,0,1,1,1,0,0,0,0,0,1,0,0,0,1,1,0,1,0,0,0,0,0,0,1,1,1,1,1,1,1,1,1,1,0,0,1,1,1,0,0,1,1,0,1,0,1,0,1,1,0,1,0,0,0,1,1,1,1,1,0,0
0,1,1,0,1,1,0,0,0,1,1,1,1,0,0,0,0,0,1,1,0,1,1,1,1,0,1,0,1,0,0,0,1,1,1,0,0,0,0,0,1,0,0,1,0,0,1,0,0,0,1,1,1,0,0,0,1,0,1,0,1,0,1,0,1,1,1,0,0,0,0,1,1,0,1,1,1,1,1,0,1,1,1,1,0,0,0,1,0,1,0,1,0,1,1,0,0,1,1,0,1
1,0,0,1,1,0,1,0,0,0,0,0,1,1,0,1,0,0,1,0,1,0,0,0,0,1,1,1,0,0,0,1,1,1,0,0,0,0,0,0,1,1,1,1,1,0,1,1,0,0,1,0,1,1,1,0,0,1,1,1,0,1,1,0,0,0,0,1,1,1,1,0,1,1,1,1,0,0,1,0,0,0,1,1,1,1,0,0,0,0,1,1,0,1,1,1,0,1,1,1,1
0,1,0,0,1,0,1,0,0,0,1,0,0,1,1,1,0,0,0,1,1,1,1,0,1,1,1,1,0,1,1,0,0,1,1,0,1,0,0,1,1,0,1,0,1,0,1,0,0,0,0,0,0,1,0,1,0,0,1,1,0,0,1,1,1,0,0,0,1,1,1,1,0,0,1,0,1,0,1,1,1,1,0,1,0,1,1,1,1,0,0,0,0,1,0,1,0,1,0,1,1
0,1,0,1,1,0,0,1,1,1,0,0,0,1,1,0,1,1,0,1,0,1,1,1,0,0,0,0,0,1,0,1,0,0,1,0,0,0,0,0,1,1,0,0,1,0,1,1,0,0,0,1,1,1,0,0,0,0,1,0,0,0,0,1,0,1,0,0,0,0,0,1,1,0,0,0,1,1,1,0,1,0,0,1,1,1,1,1,0,1,0,0,0,1,1,1,1,0,1,0,1
1,1,0,0,1,0,0,1,0,1,1,1,0,1,0,1,1,1,0,0,0,1,0,0,0,0,0,0,1,1,1,1,1,0,0,1,0,1,0,1,1,0,0,1,1,0,0,1,1,1,1,0,1,0,1,1,1,1,1,1,0,1,0,1,0,0,0,0,0,0,0,1,0,1,1,0,0,1,0,0,0,0,1,1,0,1,1,0,1,0,1,0,0,0,1,1,0,0,1,1,1
1,1,0,0,0,1,1,0,0,0,0,1,1,0,0,1,1,0,1,1,0,1,0,0,0,1,0,1,0,0,1,1,1,1,0,1,0,1,0,1,1,1,1,1,0,1,0,1,1,1,0,1,0,0,1,0,0,0,0,0,1,0,1,0,0,0,0,0,1,1,1,0,1,0,1,0,0,0,0,1,0,1,0,1,1,0,0,0,1,0,1,0,0,1,0,0,0,1,1,1,1
0,1,0,0,0,0,1,1,1,1,0,0,0,1,0,0,1,1,0,0,0,0,1,1,0,0,1,0,0,0,0,0,1,0,0,1,0,0,0,0,1,0,1,0,0,0,1,0,0,0,1,0,0,0,0,0,0,0,1,1,0,1,0,0,0,0,1,1,1,0,1,1,0,1,0,1,0,1,1,1,0,0,1,1,1,1,1,1,0,0,0,0,1,1,1,1,0,0,1,0,1
0,0,0,1,1,0,0,0,0,0,0,1,1,0,0,0,1,0,0,0,0,0,0,1,1,1,1,1,0,1,1,0,0,1,1,0,0,0,1,0,1,0,0,1,1,1,0,0,1,0,0,0,0,1,1,1,1,1,1,0,0,1,0,0,0,0,1,0,1,1,0,1,1,1,1,0,1,0,1,0,1,1,0,0,1,0,0,0,1,0,1,0,1,1,0,1,1,0,0,1,1
0,1,0,0,0,0,1,0,1,0,0,1,1,0,1,1,0,1,0,0,1,0,1,1,1,0,1,0,1,1,0,1,0,0,1,0,1,1,1,1,1,1,0,1,0,0,1,0,1,0,0,0,1,0,0,0,1,1,0,1,1,1,1,0,1,0,1,0,1,1,0,0,1,0,1,1,1,1,1,1,0,1,1,0,0,0,0,0,0,0,0,0,1,1,0,0,1,1,1,1,0
1,1,0,1,0,0,0,0,0,1,1,0,0,0,0,0,0,1,1,0,0,1,1,0,1,0,1,1,0,0,0,1,1,0,0,1,0,0,0,0,1,0,1,1,0,0,0,1,0,0,1,1,1,0,0,1,1,1,1,1,1,1,1,1,1,1,1,1,1,1,0,0,1,1,1,0,0,1,0,1,1,0,1,0,0,0,0,0,1,0,1,0,1,1,1,1,1,0,1,0,1
1,0,0,0,1,1,1,1,1,1,0,1,1,0,0,0,0,0,1,0,0,0,1,1,0,0,1,0,1,1,1,0,0,1,1,0,0,0,0,1,1,0,1,0,1,1,1,0,0,1,0,0,0,1,1,0,0,0,0,1,0,1,1,1,1,0,0,0,0,0,0,1,1,1,0,0,0,0,0,0,1,1,0,1,1,0,1,0,0,1,1,1,1,1,1,1,1,0,1,1,1
1,0,1,0,0,0,0,1,1,1,0,1,1,0,1,0,1,0,1,0,0,1,1,1,1,0,0,0,1,0,0,0,0,1,0,0,0,1,0,0,0,1,0,1,1,0,1,0,0,1,0,1,1,1,0,1,0,1,0,1,1,1,1,0,1,0,0,0,0,1,0,0,0,0,1,0,0,0,1,0,0,1,0,1,1,1,0,1,1,1,1,0,0,1,1,0,1,1,1,0,0
1,1,0,0,0,0,1,1,1,0,0,0,0,1,0,1,1,0,0,1,1,1,1,1,0,1,1,0,1,1,0,0,1,0,0,1,1,1,0,1,1,0,0,0,1,1,1,0,1,0,0,0,1,1,0,0,1,1,0,0,1,1,0,1,1,1,0,0,0,0,0,1,0,0,0,0,0,0,0,1,1,0,0,0,0,0,1,1,0,1,0,1,0,0,0,1,0,1,0,0,0
0,1,0,0,0,0,0,1,0,1,1,0,1,1,1,1,1,1,1,0,1,0,0,1,0,1,1,0,1,0,1,1,0,0,0,0,1,1,1,1,1,1,0,0,1,0,1,0,0,0,1,1,0,0,0,1,0,1,1,0,1,0,1,0,0,1,0,1,1,1,0,0,0,0,1,0,0,1,1,1,1,0,0,0,0,1,0,1,0,0,1,1,0,1,0,1,0,0,1,1,0
1,1,0,1,0,1,1,1,1,1,1,1,1,1,1,1,0,0,1,0,0,1,0,0,0,0,1,1,1,0,0,0,1,0,0,1,0,0,0,1,0,1,0,1,0,1,1,1,1,0,1,1,0,1,0,1,0,0,0,0,0,0,0,0,0,0,0,1,1,1,1,0,0,1,1,1,1,1,1,1,1,1,0,0,0,1,0,0,1,0,0,1,0,0,0,0,1,0,0,1,0
1,0,1,0,0,0,1,0,0,0,1,1,1,1,1,1,0,0,0,0,0,1,0,0,1,0,1,1,1,1,0,1,1,1,0,1,1,1,0,0,0,1,0,0,0,0,0,1,1,1,1,0,1,0,1,1,0,0,1,0,1,0,1,1,1,0,0,1,1,0,0,1,1,1,1,1,0,0,0,0,0,1,0,0,0,1,0,0,0,0,0,0,1,0,0,1,1,0,0,0,1
0,0,0,0,1,1,0,1,1,0,0,1,0,0,0,0,1,1,1,0,0,1,1,0,1,0,1,1,1,1,1,1,1,1,1,0,1,1,0,0,0,0,0,0,0,1,0,0,1,1,0,0,1,1,1,0,1,1,0,0,1,1,1,1,1,0,1,0,1,1,1,0,0,0,0,1,1,1,0,0,0,1,0,0,0,0,1,0,1,0,1,1,1,0,1,0,0,0,0,0,1
1,1,1,1,1,1,0,0,1,1,1,0,1,1,1,1,1,0,1,1,1,1,0,1,0,1,1,0,1,1,1,1,0,0,0,1,1,0,1,0,0,0,1,1,0,0,1,1,1,0,0,0,0,1,0,1,1,0,1,0,1,0,1,1,1,0,1,0,1,0,0,1,1,1,0,1,1,1,0,1,0,1,0,0,1,1,0,1,1,0,1,0,0,1,1,0,0,1,1,0,0
1,0,0,0,1,0,0,0,1,0,0,0,1,0,1,1,0,0,1,0,0,0,0,1,0,0,0,0,1,1,0,0,1,1,0,1,0,1,1,0,1,0,0,1,0,0,1,0,0,1,0,1,1,0,0,0,0,1,1,1,1,0,1,1,1,1,1,1,0,0,0,0,0,1,1,0,1,0,0,1,0,1,0,0,1,1,0,0,0,0,0,0,0,1,0,1,0,1,0,1,1
1,0,1,1,0,0,1,1,1,0,1,1,0,0,0,0,0,1,1,0,0,1,0,1,1,1,1,1,0,0,1,0,1,1,0,1,1,1,0,0,1,0,1,0,1,0,1,1,0,0,1,1,0,1,0,1,1,1,1,0,0,1,0,0,1,1,0,0,1,1,0,0,0,1,1,0,0,1,0,1,0,0,1,1,0,0,0,0,1,1,0,1,1,0,1,1,0,1,0,1,1
0,1,1,1,0,1,1,0,1,0,1,1,1,1,1,0,1,0,0,0,1,0,1,0,0,1,0,0,1,1,0,1,0,0,0,1,1,1,0,0,1,0,0,0,0,1,0,1,1,1,0,0,1,0,1,1,0,0,1,0,1,0,0,1,0,0,0,0,0,1,0,0,1,0,0,0,1,1,0,1,0,0,1,1,1,0,0,1,1,1,1,1,0,1,1,0,1,0,0,1,0
0,1,1,1,0,0,0,0,0,1,0,1,1,0,0,1,1,1,0,0,0,1,0,0,1,0,0,0,1,0,1,1,0,1,1,0,1,1,0,0,1,0,0,0,1,0,0,0,1,0,1,1,0,0,0,0,0,1,1,0,0,0,0,1,0,1,0,1,0,1,0,1,1,0,1,0,0,1,1,0,0,0,0,0,1,1,1,1,0,0,1,0,0,0,0,0,0,1,0,0,1
1,0,1,0,0,0,1,0,1,0,1,0,0,1,1,1,0,0,0,1,0,0,1,0,1,1,1,0,1,0,1,0,0,1,1,0,0,1,0,0,0,1,0,0,0,0,0,0,0,0,1,1,0,0,1,1,0,0,1,1,0,0,0,0,0,1,0,0,1,0,0,0,1,1,1,1,0,1,0,0,1,0,0,1,0,0,1,1,0,1,1,1,0,1,0,0,1,1,1,0,1
1,1,0,1,0,1,0,0,0,0,0,0,1,1,0,1,1,1,0,1,0,1,1,0,0,0,1,1,0,0,1,0,1,0,1,0,0,1,1,0,0,0,0,0,0,0,0,1,0,0,0,1,1,0,0,0,1,1,1,1,1,0,1,1,0,1,0,1,1,1,1,0,0,1,0,0,0,0,1,0,1,0,1,0,1,1,1,1,1,0,1,1,0,1,0,1,0,0,0,0,1
0,1,0,1,0,0,1,0,1,0,1,1,0,1,1,0,0,1,0,0,0,1,1,1,0,0,0,0,0,0,0,1,1,1,0,0,0,0,0,0,0,0,1,1,1,0,0,0,1,0,0,0,0,1,1,0,0,0,1,0,1,1,1,0,1,0,0,0,0,1,1,0,1,0,1,1,1,1,1,0,0,1,1,0,0,0,0,1,1,1,1,1,1,1,1,0,1,1,1,1,0
0,1,0,1,1,1,0,0,0,0,1,1,0,0,1,0,1,1,0,1,0,0,0,0,0,1,1,0,0,0,0,1,1,0,1,1,0,1,0,0,1,1,1,0,1,0,0,1,1,1,1,1,0,1,0,0,1,0,1,1,1,0,0,1,0,1,0,0,1,0,0,0,0,1,0,1,1,0,0,0,1,0,1,0,0,0,1,1,1,0,0,0,0,1,1,1,0,0,0,1,1
1,1,1,1,0,0,1,0,1,0,1,0,0,1,1,1,0,1,0,0,1,0,0,1,0,0,1,0,1,0,0,0,0,1,0,1,1,1,1,1,0,1,1,0,0,0,0,1,0,0,1,1,1,0,0,0,1,1,0,1,1,0,0,0,0,0,0,0,1,1,0,1,1,0,1,0,1,0,1,1,1,0,0,0,0,1,1,1,0,0,0,1,1,0,1,1,0,0,1,0,0
1,1,0,1,0,1,0,0,0,1,1,1,1,0,0,1,0,1,0,1,0,1,1,0,1,0,0,1,1,1,1,0,0,0,1,0,1,1,0,1,0,0,1,1,1,1,0,1,1,0,1,0,1,0,1,0,0,0,1,1,1,1,1,0,1,0,1,1,0,1,0,0,1,1,1,0,0,0,0,0,1,1,1,1,1,1,0,0,1,1,1,1,1,1,0,1,0,0,0,0,1
0,0,0,1,0,1,1,1,1,0,1,0,1,1,0,1,0,0,1,0,0,1,0,1,0,1,1,0,0,0,1,0,0,0,1,0,1,1,1,0,1,0,1,0,1,0,1,0,0,0,0,1,1,1,0,1,0,0,0,1,1,0,1,0,1,0,0,0,0,1,0,0,1,1,0,0,1,1,1,0,0,1,0,0,1,1,0,1,1,1,1,1,0,0,0,1,0,0,0,1,0
0,1,0,1,1,1,1,0,1,1,1,0,1,0,1,1,1,1,0,0,0,0,1,1,1,0,0,1,0,0,0,1,0,1,1,0,0,0,0,1,1,1,0,1,0,0,1,1,1,1,1,0,1,1,1,0,0,0,0,1,1,0,0,0,0,0,1,0,0,1,0,1,1,0,0,1,1,1,1,0,1,0,0,1,0,0,0,1,1,1,1,1,0,0,0,1,0,0,0,1,1
1,1,1,1,1,0,0,0,1,1,1,1,0,1,0,0,1,1,1,0,1,0,1,1,0,1,0,1,0,1,1,1,0,1,1,1,1,0,1,0,0,1,1,1,0,1,0,0,0,1,1,1,1,0,1,0,0,0,0,0,0,1,1,0,1,1,1,0,0,1,0,1,1,1,1,0,0,0,0,0,1,0,0,0,1,1,1,1,1,1,0,0,0,1,1,0,0,1,1,0,1
0,1,1,1,1,0,1,0,0,0,1,0,1,1,1,0,1,1,1,1,0,0,0,0,1,1,0,0,0,0,0,1,0,1,0,1,1,0,0,0,1,0,0,0,0,0,1,1,0,1,0,0,1,1,1,1,1,0,0,1,0,1,0,0,1,1,1,0,0,1,1,1,0,0,1,0,0,1,1,0,0,0,1,1,1,0,0,1,1,0,1,1,1,1,1,0,1,0,0,1,1
1,0,0,1,0,1,0,1,1,0,0,1,1,1,1,1,1,1,0,1,0,1,1,0,0,0,0,0,0,0,0,0,0,0,1,0,0,1,0,0,1,1,0,1,0,0,0,0,0,1,1,1,0,1,1,1,0,0,1,1,0,0,0,1,0,1,0,0,0,1,1,0,1,0,0,1,1,1,1,1,0,0,1,1,1,0,0,1,0,0,0,1,0,0,0,0,0,1,1,1,0
0,1,0,0,1,0,0,1,0,1,0,1,1,1,1,1,1,0,1,1,0,0,1,1,1,0,1,1,1,0,1,0,1,0,1,1,0,0,1,1,0,0,1,1,1,1,1,0,1,0,0,0,0,0,0,1,1,1,0,1,1,1,0,0,0,0,0,0,0,0,1,1,0,1,1,0,0,1,0,1,0,0,0,1,0,1,0,0,1,0,1,1,1,0,1,0,1,1,1,1,1
1,1,1,1,0,1,1,0,0,0,1,0,0,1,1,1,1,0,0,1,1,0,0,0,1,1,0,1,0,0,1,0,1,0,1,0,1,0,1,1,1,1,0,0,0,0,0,1,1,1,0,1,0,0,1,1,0,1,0,0,0,1,1,1,1,0,1,1,0,1,0,0,1,0,1,0,1,1,0,1,0,0,0,0,0,0,1,0,0,0,1,1,0,1,1,1,1,0,0,0,1
0,1,1,1,1,1,1,1,1,0,0,0,1,0,0,1,1,1,1,0,1,1,0,0,0,0,1,1,1,1,0,1,1,0,0,1,0,1,1,0,1,1,1,1,1,0,1,1,0,1,0,1,0,0,0,1,1,0,0,1,1,0,1,0,1,1,1,0,0,1,1,0,1,0,0,0,1,0,0,1,1,0,1,0,0,0,0,0,1,1,0,1,0,1,0,1,1,0,0,1,0
1,0,1,1,0,1,1,1,0,0,0,0,0,1,1,1,0,1,0,1,1,1,0,1,0,1,0,1,0,0,0,0,0,0,0,0,1,1,0,1,0,0,0,1,1,1,0,1,1,0,1,0,1,0,0,0,0,1,1,0,0,1,0,1,0,0,0,1,1,1,1,0,0,0,1,1,1,1,1,0,1,1,1,0,0,0,1,1,1,1,0,1,0,1,1,1,0,1,1,1,0
0,0,0,0,1,1,0,0,0,0,0,1,0,0,1,1,1,1,1,1,1,1,1,1,0,1,0,1,1,0,1,1,1,1,1,0,0,0,1,0,1,0,1,1,0,0,1,0,0,1,1,1,0,1,0,0,1,1,0,1,0,0,1,1,0,0,0,0,1,1,0,0,1,1,1,0,0,0,1,0,0,0,0,1,0,0,1,1,1,0,1,0,1,1,0,0,0,0,1,0,1
0,1,0,1,0,1,0,0,0,1,0,0,1,1,0,1,1,0,1,0,0,0,1,1,0,1,1,1,0,0,0,0,0,0,1,1,1,0,0,0,0,1,0,1,1,0,1,0,1,0,0,1,1,1,1,0,0,0,0,0,1,0,1,1,1,1,1,0,1,1,1,1,0,0,0,0,1,1,0,1,1,1,1,1,0,1,0,0,0,0,1,1,0,0,1,1,1,1,0,0,0
1,0,0,0,0,0,1,0,1,1,0,1,1,1,0,0,1,1,1,0,0,0,0,0,0,1,0,0,0,1,0,1,1,1,0,0,1,1,0,0,0,1,1,0,1,0,1,0,1,0,0,1,0,1,0,1,1,1,1,0,0,0,0,0,1,1,1,1,1,1,0,1,0,0,0,0,0,0,1,0,1,0,0,1,1,1,0,1,0,0,0,1,1,1,1,1,0,1,0,0,1
1,1,1,1,0,1,0,1,1,1,0,1,1,0,0,1,0,0,0,0,0,1,1,1,1,1,0,1,0,0,0,0,0,0,1,0,1,1,1,1,1,1,0,0,1,0,1,0,1,0,1,1,0,1,1,0,0,1,1,0,0,1,1,0,1,1,0,1,1,1,0,1,0,1,1,0,1,1,1,0,0,0,0,1,1,1,1,0,1,0,1,1,1,0,1,0,0,1,0,1,1
0,0,0,1,0,1,1,1,0,0,1,0,1,0,1,0,1,0,0,1,1,0,0,0,0,1,1,0,0,0,1,1,1,0,1,0,1,1,1,0,0,1,0,0,0,1,1,0,0,0,1,1,0,1,1,1,0,0,1,0,1,0,0,1,1,1,1,0,0,1,0,1,0,0,1,1,1,1,0,0,1,1,1,1,0,0,0,0,1,1,1,0,0,1,1,0,1,0,0,0,0
0,0,1,0,0,0,0,0,0,1,1,0,0,0,1,0,0,0,0,0,0,1,0,0,0,1,1,1,0,0,1,0,1,0,1,1,1,1,1,1,0,0,0,0,1,0,1,1,1,0,1,1,0,0,0,1,0,0,0,1,1,1,1,0,0,1,1,1,1,1,0,0,0,1,0,0,0,1,1,1,0,1,1,1,1,0,0,1,1,0,1,0,1,0,0,0,1,1,1,1,1
1,0,1,1,0,1,0,0,0,0,1,1,1,0,0,0,0,1,1,1,1,0,0,0,1,0,0,0,0,0,0,0,1,0,0,1,1,0,1,0,0,0,1,1,1,1,1,1,1,0,1,1,0,1,0,0,0,1,1,0,0,0,1,0,0,1,0,0,0,0,1,0,1,0,0,0,0,1,0,1,1,1,0,1,1,1,1,0,1,0,0,1,0,0,0,1,0,1,1,1,1
1,1,1,0,0,1,1,0,0,0,0,0,0,1,1,0,0,0,1,0,1,1,1,1,1,0,0,1,1,0,0,0,0,1,1,1,0,1,0,1,1,0,1,0,0,1,1,1,1,1,0,1,0,0,1,1,0,1,0,1,0,1,0,0,1,1,1,1,0,0,0,0,0,1,0,0,0,1,0,1,1,0,0,0,1,1,0,0,0,1,1,0,1,0,0,0,1,0,1,1,1
0,0,0,1,0,1,0,0,0,1,1,0,1,0,1,1,0,1,0,0,0,1,0,0,1,1,1,0,0,1,1,0,0,1,0,1,0,0,1,1,0,0,0,1,0,1,1,1,0,1,0,1,1,1,1,0,1,1,0,1,0,1,1,0,1,0,0,0,1,1,0,0,1,0,1,0,0,0,1,1,1,0,0,0,0,1,0,1,0,0,0,0,1,0,1,0,1,0,0,1,1
1,1,1,1,1,0,0,0,0,1,1,1,1,0,1,0,1,0,0,0,1,0,1,1,1,1,0,0,1,1,0,1,0,0,1,1,0,1,0,1,0,0,1,1,1,0,0,1,1,0,1,1,0,1,1,1,1,1,0,1,0,1,1,0,1,1,1,0,1,0,1,1,0,0,1,0,1,0,1,1,1,0,0,1,0,0,0,0,0,1,0,0,1,1,0,1,0,1,1,1,1
0,0,0,1,0,0,0,0,1,1,0,0,0,0,1,0,0,0,1,1,1,0,1,0,1,0,1,0,1,0,1,1,0,1,0,1,0,1,0,0,0,0,0,0,1,0,1,1,0,0,0,0,0,1,0,1,0,0,0,1,0,0,1,1,1,1,0,0,0,1,0,0,0,1,1,0,0,1,0,1,1,1,1,1,1,1,0,1,1,0,0,0,0,0,1,1,1,0,1,1,1
0,1,0,1,0,0,1,1,1,1,1,1,1,0,1,0,1,0,1,1,0,1,0,0,1,0,1,1,1,1,1,1,0,0,0,1,0,1,1,0,0,0,1,1,0,0,1,1,1,0,0,0,1,0,0,0,1,1,1,0,1,1,1,0,1,1,0,1,1,1,0,0,0,0,0,1,0,1,0,0,1,0,0,1,1,1,0,1,1,0,0,1,0,1,1,0,1,0,0,1,0
1,1,0,1,1,1,0,1,0,1,1,0,0,1,1,0,0,0,0,1,1,1,0,1,0,0,0,0,1,1,1,1,1,1,1,1,0,0,1,1,1,1,0,0,1,1,1,0,1,1,1,0,1,0,1,0,0,1,0,1,0,1,1,0,0,0,1,0,1,1,0,0,1,1,1,0,0,1,1,1,1,0,1,0,0,1,0,1,0,1,0,0,0,0,0,1,1,1,0,1,1
1,1,0,1,1,0,0,0,0,0,1,0,1,1,1,0,1,0,1,1,0,0,1,1,0,0,1,1,0,0,0,0,1,0,0,1,0,1,0,0,0,0,1,1,0,1,0,0,0,0,0,0,0,0,0,0,0,0,0,0,0,1,1,0,1,0,1,1,0,0,1,0,1,1,0,1,0,0,1,0,1,1,0,1,0,0,0,1,1,0,0,1,0,1,0,0,0,0,1,1,0
1,0,1,0,1,0,1,1,0,0,0,1,1,1,0,1,0,0,1,0,1,1,1,1,1,0,1,1,1,1,1,0,0,1,0,1,0,0,0,0,1,1,1,0,0,1,1,1,1,1,1,1,0,1,0,0,1,0,1,0,1,0,0,0,1,0,0,1,0,0,0,0,0,1,0,0,0,1,1,0,0,0,1,0,0,0,0,0,0,0,0,0,1,1,1,1,1,0,1,0,1
1,0,1,1,0,1,0,0,0,1,0,1,1,0,0,0,1,1,1,1,1,0,0,1,1,1,1,0,1,1,1,1,0,0,0,0,1,0,0,1,1,1,1,0,0,1,1,1,0,1,0,1,0,0,0,1,0,1,0,1,1,0,0,0,0,1,0,0,1,1,0,1,1,1,0,1,0,0,1,0,0,0,1,1,0,0,1,1,1,0,0,0,0,1,0,0,0,0,1,1,1
1,1,0,1,1,0,1,1,1,1,1,0,1,0,1,0,0,1,0,0,0,1,0,0,1,0,0,0,0,1,0,0,1,1,0,0,1,1,1,1,1,1,0,0,0,0,1,0,1,0,0,1,0,1,1,0,1,0,1,1,0,1,1,0,1,1,1,1,1,1,0,0,1,0,1,1,0,1,1,0,0,0,0,0,1,0,1,0,1,0,0,0,0,1,0,0,1,1,1,1,1
0,1,1,1,1,0,0,0,0,1,0,1,1,1,0,1,0,0,0,1,1,1,0,1,1,0,1,0,1,0,1,0,0,0,1,0,1,0,1,1,1,1,1,1,0,0,0,0,1,1,1,1,0,0,0,0,1,1,0,0,1,0,1,1,0,1,1,0,1,1,0,1,1,1,0,1,1,1,0,1,1,0,0,0,0,0,0,0,1,1,1,0,1,0,1,1,0,0,0,0,1
0,0,0,1,1,1,1,0,1,0,1,0,1,0,0,1,1,0,1,0,1,0,0,0,0,0,1,1,1,1,1,1,1,0,0,0,1,1,1,0,1,0,1,1,1,0,0,1,0,0,0,0,1,1,0,0,1,1,1,0,0,1,0,1,0,1,1,0,0,0,1,0,1,1,1,0,1,1,1,1,1,1,1,1,0,0,0,1,0,1,0,0,0,1,1,0,1,0,0,0,0
0,1,1,1,1,1,0,0,1,1,0,1,1,0,0,0,1,1,0,0,1,0,1,0,1,0,1,1,0,0,0,1,0,0,1,0,1,0,1,1,1,0,0,0,1,0,0,0,0,1,1,0,0,0,1,1,1,1,0,0,0,0,1,1,1,1,1,0,0,0,0,0,1,0,1,0,0,0,0,0,1,0,1,0,0,1,0,0,1,1,0,0,1,1,1,0,0,1,0,0,1
0,1,1,0,0,1,1,1,0,0,0,1,1,0,1,0,0,1,0,0,0,0,0,1,0,1,1,1,0,1,0,1,0,1,0,0,1,1,1,1,0,1,1,0,0,1,1,1,1,1,0,1,0,1,0,1,1,0,1,1,0,0,1,1,1,1,0,0,1,1,1,1,0,0,1,0,0,0,0,1,1,0,0,0,0,0,1,0,0,0,0,1,0,0,0,1,1,0,0,1,1
1,0,1,0,1,0,1,0,1,1,1,1,1,1,0,1,1,1,0,1,1,0,1,1,0,0,0,1,0,1,0,0,1,1,1,0,0,1,1,1,0,0,1,1,0,0,0,1,0,1,0,0,0,0,0,0,1,1,0,1,0,0,1,1,1,0,0,1,1,1,0,1,0,1,1,0,1,0,1,0,1,1,0,1,1,1,0,0,0,1,1,0,1,0,0,0,1,1,1,0,1
1,0,0,1,1,0,1,0,0,1,0,0,1,0,0,0,1,1,1,1,0,1,1,0,1,1,1,0,0,0,0,1,1,1,1,0,0,1,1,0,1,0,0,1,0,1,0,1,0,0,0,0,1,1,1,1,1,0,1,1,0,1,0,1,1,1,1,0,1,0,0,0,0,1,0,1,0,0,0,0,1,0,0,0,0,1,1,1,0,0,1,0,0,0,0,1,1,1,0,0,1
1,0,1,1,0,1,1,0,0,1,1,0,0,0,0,1,1,1,0,0,0,1,1,1,1,1,1,0,1,1,0,1,0,1,1,0,1,0,1,0,1,0,1,0,1,1,0,0,0,0,1,0,1,0,1,1,0,0,1,1,1,0,0,0,1,1,0,0,1,0,0,1,1,1,0,0,0,0,1,1,1,1,1,0,1,1,1,1,1,0,1,0,1,0,0,1,1,0,1,0,0
0,1,0,1,1,0,0,0,0,1,0,0,0,1,0,0,1,0,1,0,0,1,0,0,1,0,1,0,0,1,0,1,0,0,1,0,1,0,0,1,0,0,0,1,1,1,1,1,1,1,0,0,1,0,1,1,1,0,1,0,0,1,1,1,0,0,0,1,1,1,1,1,1,1,1,1,0,1,0,1,0,1,1,0,0,1,1,0,1,0,0,0,0,1,1,0,1,0,0,1,0
0,1,1,0,1,0,0,1,1,1,1,0,1,0,0,0,1,1,0,0,1,0,1,0,1,1,0,0,0,1,0,0,0,1,1,1,0,0,1,0,1,1,0,1,0,1,0,0,1,0,0,0,0,0,0,0,0,0,1,1,1,0,0,1,1,0,1,0,0,0,1,0,0,0,1,0,0,0,1,0,0,0,1,1,0,0,1,0,0,1,1,0,0,1,0,1,0,0,0,1,1
1,1,0,0,1,0,0,1,1,0,0,1,1,1,1,0,1,0,1,0,0,0,1,0,0,0,0,0,1,0,0,0,1,0,0,1,1,0,0,0,0,1,1,0,1,1,0,1,1,0,0,1,1,0,0,1,0,1,1,1,0,1,0,1,1,1,1,1,1,0,1,0,0,1,0,1,1,0,0,0,0,1,1,1,0,1,0,0,1,1,0,1,0,0,0,0,1,1,0,0,0
0,0,0,0,0,0,1,1,0,0,0,0,1,1,1,0,1,1,0,1,0,1,1,0,0,1,0,0,1,0,1,0,0,1,1,0,0,0,1,0,0,1,0,0,1,0,0,1,1,0,0,1,1,1,0,0,1,1,0,0,0,0,1,0,1,0,0,0,0,0,0,0,1,0,0,0,0,1,0,0,1,1,0,1,1,1,0,1,0,1,0,0,1,0,0,1,1,1,0,1,1
0,1,1,1,0,1,1,1,0,0,1,0,1,0,0,1,1,0,1,0,1,1,0,1,0,0,1,1,0,0,1,1,1,0,1,0,1,1,0,1,1,0,0,1,1,1,0,0,1,1,1,1,1,0,1,0,1,0,0,1,0,1,0,1,1,0,0,0,1,0,1,1,0,0,0,0,1,1,0,0,0,0,1,1,0,1,0,0,1,0,1,1,1,0,0,1,0,1,0,0,0
1,0,1,0,0,1,0,1,0,1,0,0,0,1,0,1,0,0,0,0,0,0,0,0,1,0,0,1,1,0,1,1,0,0,0,1,1,0,1,0,0,0,0,0,1,0,0,1,1,0,0,1,1,1,1,1,1,1,1,1,0,0,1,1,0,1,1,1,1,0,0,0,0,1,1,0,1,1,0,0,0,1,0,1,1,0,0,1,0,0,1,0,0,1,1,1,1,0,0,0,1
0,1,1,1,1,1,1,0,1,0,1,1,1,0,0,1,1,1,1,1,0,1,0,1,0,0,1,1,0,0,0,1,1,0,0,0,1,0,0,1,0,0,0,0,1,1,0,1,1,1,0,1,1,0,0,0,1,0,1,1,0,1,1,1,0,1,0,0,1,0,0,1,1,0,1,1,1,1,0,1,0,1,0,0,1,0,1,1,1,1,1,1,0,1,1,1,1,1,0,0,0
0,1,0,1,1,0,1,1,1,0,1,0,1,0,1,1,0,1,1,1,1,1,0,1,0,1,1,0,0,1,0,1,1,0,0,1,1,1,0,1,1,1,0,1,1,1,0,1,1,1,0,1,0,1,1,0,0,1,1,0,1,0,1,1,1,1,0,0,1,1,1,0,0,1,1,1,0,1,0,1,0,0,1,1,0,1,1,0,0,1,0,1,1,0,0,1,0,1,1,1,0
1,1,1,1,0,0,1,1,0,0,0,1,1,1,0,0,0,1,0,0,1,1,0,0,0,0,0,0,1,1,1,1,1,1,0,1,0,0,1,1,1,1,1,0,0,1,0,1,1,1,0,0,0,0,0,1,1,0,1,0,1,1,0,1,0,0,0,1,0,0,1,0,0,1,0,0,1,1,0,0,1,0,1,0,1,0,1,1,0,0,0,1,0,0,1,0,1,1,1,1,1
0,0,1,0,0,0,0,1,1,1,1,0,0,0,0,1,1,0,0,1,0,1,1,1,1,1,0,0,1,0,1,1,0,1,1,1,0,0,1,1,1,1,1,1,1,0,0,0,1,1,0,0,1,1,1,0,1,0,0,0,0,0,0,0,1,1,1,0,1,0,0,0,1,1,1,1,1,1,1,1,0,1,0,1,0,0,1,0,0,1,0,1,0,1,1,1,0,0,0,1,1
1,1,0,0,0,0,1,1,0,1,0,0,0,1,0,0,1,1,1,0,0,0,1,0,1,0,1,1,1,1,0,1,1,0,0,0,0,0,1,1,0,1,1,1,1,1,0,1,0,1,0,0,0,0,1,0,1,0,0,0,1,1,0,0,1,1,0,0,0,0,1,1,0,0,0,0,0,1,1,1,1,0,1,0,0,0,1,0,1,0,0,0,1,0,1,0,0,0,0,1,1
0,1,0,1,1,0,1,1,0,1,1,1,1,0,0,1,0,1,1,0,1,0,0,1,1,1,1,1,1,1,0,0,1,1,0,1,1,1,0,1,0,1,1,1,1,0,1,1,1,0,1,1,0,1,1,0,1,0,1,0,1,1,0,0,0,1,1,0,1,0,1,1,1,1,1,0,0,0,0,0,0,0,1,1,0,0,1,1,1,0,0,1,1,0,1,1,0,0,1,1,0
1,0,1,1,0,0,1,0,1,0,1,0,0,1,0,0,0,0,1,0,0,0,0,0,0,0,1,1,1,0,0,0,1,1,1,1,1,1,0,0,1,1,0,0,1,0,0,0,0,1,0,0,0,0,1,1,0,1,0,1,0,1,0,1,1,0,0,0,1,0,1,0,0,0,1,0,0,0,0,0,1,1,1,0,0,0,0,0,1,1,0,0,1,0,0,1,1,1,1,0,0
1,1,1,1,1,1,1,1,1,0,0,1,1,1,0,0,0,0,1,0,0,0,0,0,0,0,0,1,1,0,0,0,0,0,0,0,1,1,0,1,0,0,1,1,1,1,1,1,0,1,1,1,0,1,1,0,0,1,1,1,0,1,0,0,0,0,0,1,0,1,0,1,1,1,1,0,0,0,0,1,0,0,1,1,1,0,0,1,1,0,1,0,1,0,1,0,1,0,0,1,0
1,1,1,0,1,0,0,0,1,1,1,1,0,1,0,1,0,0,0,1,1,0,0,0,0,1,0,1,1,1,1,0,1,0,1,0,0,1,0,0,1,1,1,1,0,1,0,1,1,1,0,1,0,0,1,0,1,0,1,1,0,0,0,1,0,0,1,0,0,0,0,1,1,0,0,0,1,1,0,1,0,1,0,0,1,0,1,0,0,0,0,1,1,0,1,1,1,1,0,0,1
0,1,1,1,0,1,0,0,0,1,1,1,0,1,1,1,1,1,1,0,0,0,0,1,1,0,0,0,1,0,1,1,1,0,1,0,0,0,1,1,1,1,0,0,0,1,1,1,1,0,1,1,0,0,0,0,1,1,0,1,0,1,0,1,0,1,0,1,1,1,0,1,1,0,0,0,1,0,1,1,1,0,0,0,1,0,1,0,0,0,0,0,1,1,0,0,1,1,1,1,1
0,0,0,1,1,1,0,0,1,0,1,1,1,1,1,0,1,1,1,1,0,0,1,1,1,0,0,1,1,0,0,1,1,0,1,0,1,1,1,1,1,0,1,0,0,0,1,1,1,1,0,0,0,0,0,1,0,1,0,1,0,1,0,0,1,0,1,0,1,1,1,1,0,1,1,1,1,0,0,0,1,0,1,0,1,0,1,1,1,1,0,0,0,0,1,1,1,1,0,1,1
1,1,1,1,1,0,0,1,0,1,1,1,0,1,0,1,1,0,0,0,0,0,1,1,0,1,0,0,0,0,1,0,1,0,1,0,1,0,1,1,1,1,0,1,0,1,1,0,0,1,0,1,0,0,1,1,1,1,1,1,0,0,1,0,1,0,1,1,1,1,0,1,0,1,1,0,1,0,0,1,0,0,0,1,0,0,1,0,0,1,0,0,0,1,1,1,0,1,1,1,1
1,0,0,0,0,1,1,1,0,0,0,1,1,0,0,1,1,1,0,0,1,1,0,0,0,1,1,1,1,1,1,0,1,0,0,1,1,0,1,0,0,0,0,1,0,1,1,1,1,1,0,0,1,1,0,0,1,1,1,1,1,0,0,1,0,1,0,0,1,0,0,1,1,0,1,1,0,1,0,1,1,0,0,0,1,0,1,1,0,0,1,1,1,1,1,1,1,0,0,1,1
1,1,0,0,0,0,0,0,0,1,1,0,0,1,0,0,1,0,1,1,1,1,0,1,1,0,0,0,0,1,0,1,1,1,1,1,0,1,0,0,1,0,0,1,1,0,1,0,1,1,0,0,0,1,1,1,1,1,0,1,0,0,1,0,0,1,1,0,0,0,1,1,1,1,0,0,1,0,1,0,0,1,0,1,0,1,0,0,0,1,1,1,1,0,0,0,1,1,0,0,1
0,0,0,0,0,0,0,1,0,1,0,1,1,1,1,0,1,1,0,1,0,1,1,0,0,0,1,0,1,0,1,0,1,1,1,1,0,0,1,0,0,0,1,0,0,0,0,0,1,1,0,1,1,0,0,0,0,0,0,0,1,1,0,0,1,0,1,0,0,0,0,0,1,1,1,0,0,0,0,1,1,0,0,0,0,1,1,0,1,0,0,0,1,1,0,1,1,1,1,0,1
1,0,0,1,0,0,0,0,0,0,1,1,0,0,1,1,1,1,0,1,0,0,1,1,1,1,0,0,0,0,1,1,0,0,1,0,1,1,0,1,1,0,1,0,1,0,1,0,1,1,1,1,0,0,0,0,1,1,1,0,1,0,0,1,0,0,0,0,1,0,0,1,0,0,1,1,1,0,1,1,1,0,0,1,1,0,0,1,1,1,0,0,1,1,1,1,0,0,1,0,1
1,0,0,0,1,1,0,0,0,0,0,0,1,1,0,0,0,0,0,1,0,0,1,1,0,0,0,0,1,0,0,0,1,1,1,0,0,1,1,0,0,1,0,1,0,1,1,0,1,0,1,1,1,1,0,0,0,1,1,0,1,1,0,0,1,1,1,1,1,1,0,0,1,1,1,0,0,1,1,1,0,1,1,1,1,1,1,0,1,1,1,0,0,1,1,0,0,1,0,1,1
0,1,0,0,0,0,1,1,0,0,0,1,1,1,0,0,0,1,0,1,1,1,1,0,0,0,0,1,0,1,0,1,1,0,1,1,1,1,1,1,1,0,1,0,0,0,1,1,1,0,0,0,1,0,1,1,1,0,0,1,0,1,1,1,1,0,1,0,0,1,1,0,1,0,1,0,0,1,1,0,0,0,0,1,0,1,1,1,0,0,1,0,0,1,0,1,0,0,1,0,1
1,0,0,1,1,1,1,0,1,0,1,1,0,1,1,1,1,1,0,1,0,0,0,0,1,0,0,1,0,0,0,0,0,1,0,1,1,0,0,1,1,1,1,0,0,1,1,1,1,0,0,1,1,0,1,1,1,0,0,1,0,0,0,1,1,1,1,0,1,0,0,0,1,0,1,0,1,0,0,1,0,1,0,1,1,1,0,1,1,1,1,1,1,1,0,1,0,0,0,1,1
0,0,0,1,0,1,1,1,0,0,1,1,1,0,0,1,0,1,1,0,0,1,0,0,0,0,0,0,1,1,0,1,0,0,0,1,0,1,0,1,1,1,0,1,0,0,0,1,1,1,0,1,1,1,1,1,0,0,1,0,0,1,0,0,1,1,1,0,0,1,1,0,1,1,1,1,0,0,0,0,0,0,0,1,1,1,1,1,1,1,0,1,0,1,1,0,0,0,0,1,0
0,0,0,1,0,0,1,0,0,0,0,1,1,1,1,0,0,0,1,0,0,1,0,1,1,1,1,1,0,1,1,1,0,1,0,0,1,1,1,1,1,0,1,0,0,0,0,0,0,0,0,0,0,1,1,1,0,1,1,0,0,0,0,1,1,0,0,1,0,1,1,1,1,1,0,0,1,1,1,1,1,1,0,1,1,1,1,1,1,0,1,1,0,0,1,0,0,0,0,1,0
1,1,0,1,1,0,0,0,1,0,0,0,1,0,1,0,0,1,1,1,1,0,0,0,0,0,0,1,0,1,0,0,0,1,1,1,1,1,1,0,0,1,0,0,0,0,0,1,0,1,0,0,1,1,0,1,0,1,1,1,1,0,1,0,1,1,1,1,1,0,1,0,1,0,0,1,1,1,1,1,1,1,1,1,1,1,1,0,1,0,1,1,0,1,0,0,1,0,1,0,1
1,1,0,1,1,1,0,1,1,1,1,1,1,1,0,1,0,0,1,0,1,1,0,0,0,1,1,0,0,0,1,0,0,1,1,0,1,1,1,1,0,1,0,1,1,0,0,0,1,0,0,0,1,0,1,1,1,1,1,0,0,0,0,1,1,0,1,0,0,0,1,1,1,1,1,1,0,0,1,0,0,1,1,0,1,1,1,0,0,1,1,1,0,1,0,0,1,1,0,1,0
1,0,0,1,0,1,1,1,0,0,1,0,1,1,1,0,0,1,0,0,1,1,1,0,1,0,0,1,0,0,1,1,1,1,1,0,0,0,1,0,1,1,1,0,1,1,1,1,1,1,0,0,1,0,0,1,0,0,0,0,0,0,0,0,0,0,1,0,1,1,0,0,1,0,1,1,0,1,1,0,1,0,1,1,0,1,1,0,1,0,0,1,0,0,0,0,0,1,1,1,1
1,1,0,1,0,0,1,0,1,0,0,1,0,0,0,0,1,1,1,0,0,0,0,1,0,0,0,0,1,0,1,0,1,0,0,0,0,1,0,0,0,0,1,1,0,0,1,1,0,1,1,1,1,1,1,0,0,0,0,1,1,1,1,1,1,1,1,1,1,1,1,1,0,1,1,0,0,1,0,0,1,0,1,1,1,0,1,0,0,1,1,1,0,0,0,0,1,1,0,1,0
0,0,1,1,0,1,1,0,1,0,0,0,1,1,1,1,0,1,0,1,0,1,1,0,1,1,1,1,1,0,1,1,1,0,0,1,0,1,0,1,0,1,0,1,1,0,1,0,1,0,0,0,0,1,1,1,0,0,1,1,0,0,0,1,1,0,1,0,1,1,1,1,1,1,0,1,0,1,1,1,0,0,1,1,1,1,0,1,0,1,0,0,0,1,0,0,0,1,0,0,1
0,0,1,1,1,1,0,1,0,1,1,0,0,0,0,0,1,1,0,0,0,1,0,0,0,0,1,1,0,0,1,0,1,1,0,1,1,0,1,0,0,1,1,1,0,0,0,0,0,1,0,1,0,0,0,1,0,0,0,1,0,1,0,0,1,1,1,1,1,0,1,1,0,0,0,1,1,0,0,0,1,1,1,1,0,1,1,0,1,1,0,1,1,0,0,0,1,0,0,1,1
1,1,1,1,0,0,0,0,1,0,0,1,1,1,1,1,1,0,1,0,0,1,0,0,1,0,0,0,1,0,0,0,0,1,1,0,0,1,1,1,0,0,1,1,1,0,0,0,0,1,0,1,0,1,0,1,0,0,0,1,1,0,1,1,1,1,1,0,0,1,1,1,0,0,1,0,0,1,1,0,1,0,1,0,0,0,0,1,1,1,1,1,1,1,1,0,1,1,1,0,0
0,1,0,0,0,1,1,0,0,0,1,1,0,0,1,1,1,1,0,1,1,1,0,1,0,0,0,0,0,1,0,1,0,1,0,1,0,0,0,0,1,1,0,1,1,1,1,1,1,1,0,0,0,1,0,0,0,0,0,1,1,0,0,1,1,0,1,1,1,0,0,0,1,1,0,1,1,0,0,1,0,1,0,0,0,1,0,1,0,0,0,1,0,0,1,0,0,1,1,0,0
0,0,0,1,1,0,0,0,1,0,0,1,0,1,1,0,0,1,0,1,1,0,0,1,1,1,1,1,1,1,0,0,1,1,0,0,1,0,1,1,0,0,1,1,1,1,0,0,0,0,1,1,0,0,1,1,1,1,1,0,1,0,0,0,0,1,1,1,0,0,0,0,0,1,1,0,0,1,0,0,0,1,1,0,0,0,1,1,1,1,0,1,1,0,0,0,1,0,1,0,0
1,0,1,1,0,1,0,0,1,1,1,0,1,0,0,1,1,0,0,1,1,1,1,1,1,0,0,1,0,1,1,0,0,1,0,1,1,1,1,0,0,0,1,0,1,1,1,1,1,1,0,1,0,1,0,1,1,1,1,1,0,0,1,0,0,1,0,1,1,0,1,1,0,1,0,1,0,1,0,1,0,0,0,0,0,1,0,0,1,1,0,1,0,0,1,1,0,1,0,1,1
1,1,0,1,1,0,0,0,1,1,0,0,0,1,1,0,0,1,0,0,0,0,0,1,0,1,0,1,0,1,0,0,0,1,0,1,0,0,0,0,0,1,1,1,0,1,1,1,0,0,0,1,1,1,1,1,0,0,1,0,1,0,1,0,0,0,0,1,0,1,1,1,1,0,0,1,1,1,0,1,1,0,1,1,0,0,0,1,0,1,0,1,1,0,0,1,1,0,1,0,1
0,0,1,1,0,1,0,0,1,1,1,1,1,1,0,1,0,0,0,1,0,1,0,1,0,1,0,0,1,0,0,0,0,1,0,0,1,0,1,1,1,0,1,1,0,0,0,1,1,1,0,0,0,1,0,1,0,1,1,0,1,1,0,1,0,1,1,0,1,0,0,1,0,1,0,0,0,1,0,0,0,1,1,0,1,1,1,0,0,1,0,0,1,1,1,0,1,0,0,1,1
0,0,0,1,1,1,0,0,1,0,0,1,0,0,0,0,1,1,0,1,1,0,0,1,1,1,0,0,0,1,0,0,0,0,1,0,1,1,1,1,0,0,1,0,0,0,0,0,1,0,0,0,0,1,1,0,1,0,0,1,1,1,0,1,1,0,0,1,1,0,1,0,1,1,1,1,0,1,1,0,1,1,0,0,1,1,1,1,1,0,0,0,0,1,1,1,1,1,0,1,1
0,0,0,1,0,0,0,0,1,0,1,0,1,0,0,1,0,1,0,0,1,1,0,1,0,0,0,1,0,0,0,1,1,1,1,0,0,0,1,0,1,0,0,1,0,1,0,0,0,1,0,0,0,0,1,1,1,0,1,1,0,0,1,0,1,1,1,0,1,1,0,0,1,0,0,0,1,1,0,1,0,1,1,1,1,0,0,1,1,0,0,0,1,1,1,1,0,1,0,0,0
0,0,0,0,0,0,0,0,1,1,1,1,0,1,0,0,0,1,1,0,1,0,1,1,1,1,1,1,1,0,1,1,0,1,0,1,1,1,0,0,0,1,0,0,1,0,0,0,1,1,0,1,0,0,1,0,1,0,0,1,0,1,0,0,0,1,1,0,0,1,0,1,0,0,0,0,0,1,0,0,1,0,1,0,1,0,0,0,1,1,0,1,0,1,0,1,0,1,0,0,1
0,0,0,1,1,0,1,0,1,0,0,1,0,0,1,0,1,0,0,0,1,0,0,0,1,0,0,1,1,1,1,0,0,0,1,1,1,1,1,0,0,1,1,1,0,0,0,1,0,0,0,0,1,0,0,1,1,0,0,1,1,0,1,1,1,0,0,0,0,1,0,0,1,1,0,1,1,0,0,1,1,1,0,0,1,0,0,0,1,0,0,0,0,1,0,0,0,1,1,0,0
0,0,0,1,0,0,0,0,1,1,1,1,0,1,1,0,0,1,1,0,1,1,1,0,0,0,0,1,0,1,0,1,1,1,1,0,1,0,1,0,1,1,0,0,0,0,1,0,1,0,0,0,0,1,0,1,1,1,1,0,0,1,0,0,1,0,1,0,0,0,0,1,1,1,1,1,1,1,0,1,0,1,0,0,1,1,0,0,1,1,1,1,0,0,0,1,0,1,0,0,0
0,1,0,0,1,0,0,1,0,0,1,0,0,1,0,0,0,1,0,1,0,0,1,0,0,1,1,0,0,1,0,1,1,0,1,1,0,0,0,1,0,0,1,1,0,0,0,0,0,0,0,0,0,1,0,1,1,1,0,1,1,1,1,0,1,1,1,0,0,0,0,0,0,0,0,0,1,0,0,0,0,1,0,1,0,0,1,1,1,0,0,1,1,1,0,1,1,1,0,1,1
1,0,1,0,0,1,1,0,1,0,1,1,0,0,1,0,0,1,0,0,0,0,1,1,1,1,1,1,1,0,0,0,0,0,0,0,1,1,1,0,1,1,1,1,1,0,1,1,1,1,0,1,0,1,0,1,0,1,1,0,0,1,0,1,1,0,1,0,1,1,0,1,1,0,1,1,1,0,0,0,0,0,1,0,1,1,0,0,1,1,0,0,0,0,0,1,1,1,0,1,1
1,1,0,1,0,1,0,1,1,0,1,0,1,1,0,1,0,1,0,1,1,0,1,0,0,0,1,1,0,0,1,1,0,1,1,0,0,1,0,1,0,0,0,1,0,0,1,1,0,0,1,1,0,0,1,0,0,1,1,1,0,0,0,0,1,0,1,0,1,1,0,1,0,1,0,1,0,0,1,1,1,0,0,0,0,1,0,1,1,0,0,0,0,0,0,1,1,0,0,1,1
1,1,1,1,1,1,1,0,0,0,0,1,1,0,0,0,0,0,1,1,1,0,1,0,0,0,0,1,1,1,1,0,1,1,0,0,0,0,1,0,1,0,1,1,1,0,1,1,0,0,0,0,1,1,0,0,1,1,1,1,1,0,0,1,0,1,1,0,1,1,0,0,1,0,0,0,0,0,1,0,0,0,0,1,1,0,1,1,1,1,0,1,1,0,0,1,0,0,0,1,1
0,0,0,1,0,1,0,0,1,1,0,0,1,1,0,1,0,0,0,0,0,1,0,1,0,0,0,0,1,1,1,0,0,1,0,1,1,0,0,1,0,1,1,1,1,1,0,1,0,0,1,1,1,1,0,1,1,0,0,0,1,0,1,0,1,1,0,0,0,0,1,1,0,0,0,0,0,1,1,0,0,1,0,0,0,1,0,1,1,0,1,0,0,0,0,1,0,1,1,0,0
1,0,1,0,0,0,1,0,1,0,1,1,1,1,0,1,0,1,1,1,0,0,1,1,1,1,1,0,0,0,1,0,0,0,0,1,0,1,1,0,1,0,0,1,1,0,1,1,1,1,0,1,0,1,0,1,0,1,1,1,1,1,0,1,1,0,1,1,1,0,0,1,1,1,0,1,0,1,1,0,0,0,1,1,0,1,1,1,0,0,1,0,0,1,0,1,0,1,0,0,1
0,0,1,0,1,1,0,0,1,1,0,1,1,0,0,0,1,0,1,0,1,1,1,1,0,1,0,1,1,1,1,0,1,1,1,1,0,1,0,0,1,0,0,0,0,1,1,0,1,1,0,1,0,1,1,1,1,1,0,1,1,1,0,1,1,0,1,1,0,1,1,1,0,0,1,0,1,1,1,1,1,1,0,1,1,0,0,1,1,1,1,0,0,0,1,1,1,1,0,1,1
0,0,1,0,1,1,0,1,1,1,0,0,0,1,1,0,1,0,1,0,1,0,1,0,0,1,0,0,1,1,1,0,1,0,1,0,1,0,0,0,0,1,0,0,0,0,1,0,1,1,1,0,1,1,0,0,0,1,1,0,1,1,0,0,0,1,1,1,0,0,0,0,0,1,1,1,1,1,0,0,0,1,1,0,1,1,1,0,1,1,0,0,1,0,0,0,0,1,0,0,1
0,0,0,0,0,1,0,0,0,1,0,1,1,0,1,0,0,1,0,1,0,1,0,0,0,1,0,1,0,0,0,0,1,1,0,1,0,0,0,0,0,0,1,0,0,1,0,1,0,1,0,1,0,0,1,0,0,0,1,1,0,0,1,1,0,1,0,1,0,0,0,0,0,1,1,0,1,0,0,1,1,1,1,0,0,1,1,0,0,0,0,0,1,1,0,0,0,1,0,1,1
1,1,1,0,0,0,1,0,0,0,0,0,1,0,1,1,0,0,0,0,1,0,1,0,0,1,0,1,1,0,1,0,0,1,0,0,0,0,1,1,0,1,1,0,1,1,1,1,0,0,1,1,1,1,0,0,0,1,1,1,0,1,1,0,1,1,0,0,0,1,0,1,1,1,0,0,0,1,0,0,1,0,0,1,0,0,1,1,1,0,0,0,1,1,0,0,0,1,0,1,1
0,0,0,1,1,0,0,1,1,0,0,1,1,1,1,0,0,1,0,0,0,1,0,1,1,1,1,0,1,0,1,0,0,0,1,1,1,0,0,0,1,0,1,1,1,0,1,0,1,1,0,0,0,1,1,1,0,0,0,1,1,1,0,1,0,1,1,0,1,1,1,1,1,1,1,1,1,0,1,1,1,1,0,1,0,1,0,0,0,0,0,0,0,0,1,1,0,0,0,0,1
1,1,1,1,0,0,0,1,1,1,1,0,1,0,0,1,0,1,1,1,1,1,1,1,1,1,0,0,1,1,1,1,0,0,0,1,0,0,0,1,1,0,0,0,1,1,0,0,0,1,0,1,0,0,0,1,1,0,0,1,1,1,0,1,1,0,0,0,1,1,1,1,1,0,1,0,1,0,1,1,0,0,0,0,0,0,1,0,0,0,1,1,1,0,1,0,0,0,1,0,1
0,1,0,1,1,1,1,1,1,0,1,1,0,0,0,1,0,0,0,0,1,0,1,1,1,1,0,0,0,0,1,1,1,1,1,1,0,0,1,0,0,1,1,1,1,0,0,1,1,0,1,1,0,0,0,1,0,1,0,1,0,0,1,0,0,0,0,1,1,0,1,1,0,0,0,0,1,0,0,1,1,1,0,0,1,1,0,1,0,1,0,1,0,1,0,1,0,1,0,1,1
0,0,1,0,0,0,1,0,0,1,1,0,0,0,0,1,0,1,1,1,1,1,0,0,1,1,0,1,1,1,1,1,1,1,0,0,1,1,1,1,0,0,1,1,0,1,1,1,1,0,1,1,1,1,1,1,0,1,0,0,1,1,0,1,0,1,1,1,1,0,1,1,0,0,1,0,1,0,1,0,1,1,1,1,1,0,0,0,1,0,1,0,0,1,0,0,1,1,0,0,1
1,0,0,1,0,0,0,0,0,0,1,0,0,0,0,1,0,0,1,1,0,0,1,0,1,0,1,0,1,0,1,0,0,0,0,1,0,0,0,1,1,0,0,1,1,0,1,0,0,1,1,0,1,0,0,1,1,0,0,1,1,0,1,0,1,0,1,0,0,1,1,0,1,1,0,0,1,1,0,0,1,1,1,1,0,0,0,0,1,1,1,1,0,1,1,0,1,0,1,0,1
0,0,1,0,1,1,1,0,1,1,1,0,1,1,1,1,1,1,1,0,1,0,0,0,0,1,0,1,0,0,1,0,1,1,0,1,0,1,0,1,1,1,0,1,1,1,1,0,1,1,1,1,1,0,1,1,1,0,0,0,0,0,1,1,0,0,1,1,0,1,0,1,0,0,0,0,1,1,0,0,0,0,0,0,1,0,0,0,0,1,1,1,1,1,1,1,0,0,0,0,1
1,1,0,0,1,0,0,1,1,0,0,0,0,1,0,1,1,0,0,1,1,1,1,0,1,0,0,0,0,1,0,1,1,0,1,0,0,1,1,0,1,0,0,1,1,0,1,0,1,1,0,0,1,1,1,1,0,0,0,1,1,1,1,0,1,0,1,0,1,0,1,0,1,1,0,1,1,1,1,1,1,0,0,0,0,1,1,0,1,0,0,0,1,1,0,0,0,0,1,0,1
1,0,0,1,1,1,0,1,1,0,1,1,0,1,1,0,1,1,1,0,0,1,1,1,1,0,0,0,1,1,1,0,0,1,0,0,1,1,0,0,0,1,0,1,0,0,1,1,0,1,0,1,0,0,0,0,1,1,0,0,0,1,1,0,1,1,1,1,0,1,0,0,1,1,0,0,1,0,1,0,0,0,0,0,0,0,0,1,1,1,1,0,0,1,0,0,0,0,1,0,0
0,0,0,0,1,1,1,1,0,0,0,1,1,1,0,1,1,1,0,1,1,1,0,0,1,1,0,1,1,1,1,1,1,1,0,0,0,1,1,0,1,1,0,0,1,1,1,1,0,1,1,1,0,1,0,1,0,1,0,1,0,1,0,0,0,1,0,0,0,0,0,0,0,0,0,0,0,0,1,0,0,0,0,0,0,1,0,1,1,1,0,1,0,1,1,0,1,0,0,1,1
0,1,0,0,1,1,0,1,0,1,0,1,0,1,1,1,1,0,0,1,0,0,1,0,1,0,1,0,1,0,0,1,1,1,0,1,0,0,1,1,0,0,1,0,1,0,0,0,0,1,1,0,0,1,1,0,1,1,1,0,1,0,0,1,0,0,0,1,0,1,1,0,0,1,0,0,1,0,0,0,0,0,1,0,0,1,1,1,0,1,1,1,0,1,1,1,0,0,1,1,1
0,0,1,1,1,1,0,0,1,0,1,1,0,1,0,0,0,0,1,0,1,0,1,1,1,1,1,1,0,1,1,1,1,1,1,1,1,0,0,0,1,1,1,1,0,1,1,0,0,0,1,0,0,1,0,0,0,1,1,1,0,0,0,0,1,0,1,1,0,0,1,1,0,1,0,1,0,0,0,0,0,0,0,0,1,0,1,1,1,1,1,0,1,1,0,1,0,1,0,0,1
0,0,0,0,0,1,1,0,0,1,1,1,0,0,0,0,0,0,0,0,1,1,1,1,1,1,1,1,1,1,1,0,0,0,1,0,0,1,0,0,1,0,1,1,0,1,1,1,0,0,1,1,1,0,1,0,1,1,1,1,0,0,1,1,0,1,1,0,0,1,0,0,0,1,0,1,1,0,0,1,1,1,0,0,0,1,0,0,1,0,0,0,1,0,0,0,1,0,1,1,0
0,0,0,0,1,1,1,1,1,0,1,0,1,1,0,0,1,1,0,0,1,0,0,1,1,0,0,0,0,0,1,0,0,1,1,0,0,0,1,0,0,1,1,0,1,0,1,1,0,0,1,1,1,1,1,0,0,1,0,0,0,1,0,1,1,1,1,0,1,1,0,0,0,0,0,1,0,1,1,0,1,1,0,1,1,1,1,0,1,0,0,1,1,1,1,0,0,1,1,0,1
0,0,1,0,1,1,1,0,0,0,1,0,1,0,1,1,1,1,1,1,1,1,1,0,0,0,0,0,0,1,1,1,1,0,1,1,1,0,1,0,1,1,0,1,1,1,1,0,1,0,1,1,0,0,1,1,0,0,1,0,0,1,0,1,1,1,1,0,0,0,0,0,0,0,1,0,1,1,0,1,0,1,0,0,0,0,1,1,1,1,1,1,0,0,0,1,0,0,1,0,1
1,1,1,0,1,0,0,1,0,1,0,1,1,0,0,0,1,0,0,0,1,1,0,0,1,1,1,1,1,0,0,0,0,0,0,1,0,1,0,1,1,1,1,1,1,1,1,0,1,0,0,1,0,1,1,0,0,0,0,1,0,1,1,0,0,0,0,0,0,1,1,0,1,0,1,0,0,0,0,0,0,1,0,1,0,0,0,0,1,1,0,1,1,0,1,0,0,0,0,1,1
0,0,0,0,0,1,0,1,1,1,0,0,1,1,0,0,0,0,0,1,1,1,1,1,0,1,1,1,0,1,0,1,1,1,0,0,0,1,1,0,1,0,1,0,0,1,1,1,0,0,0,1,1,1,0,0,0,1,1,0,1,1,0,0,1,1,0,1,0,1,1,0,0,1,1,1,1,1,1,0,1,0,0,0,0,0,1,1,0,1,0,1,0,1,0,0,1,1,1,0,1
0,0,1,0,0,0,1,0,1,0,1,1,1,1,0,0,1,1,0,0,0,0,1,0,1,0,0,0,0,0,0,1,1,0,1,1,1,1,1,0,0,1,1,1,0,0,1,1,1,0,0,1,0,1,0,1,0,0,1,0,1,1,0,1,1,1,1,0,0,0,1,0,1,1,0,1,0,0,0,0,0,1,0,0,0,1,0,1,1,1,0,0,1,1,1,0,1,0,1,0,1
1,1,0,0,0,0,0,1,0,0,0,0,1,0,0,0,0,0,0,0,1,0,1,0,0,0,0,0,0,0,1,1,0,1,0,1,0,0,0,0,0,0,0,0,0,0,0,0,0,0,1,1,0,1,0,0,0,1,0,0,1,1,1,0,1,0,1,1,0,1,1,0,1,1,0,0,1,0,0,0,0,1,0,1,1,1,1,1,1,1,1,0,0,0,0,1,1,1,1,0,1
1,0,0,0,1,1,1,0,0,1,0,0,1,1,0,0,1,1,1,1,0,0,0,0,0,1,0,1,0,0,0,0,0,1,1,0,0,0,0,0,1,1,0,0,0,1,0,0,0,0,1,0,1,1,0,0,1,1,0,0,1,0,1,1,0,1,0,1,0,0,0,1,0,1,1,0,0,1,1,1,0,1,1,1,1,0,1,1,0,1,0,0,0,1,1,0,1,0,0,1,1
0,1,1,0,1,1,1,0,0,1,1,1,1,0,0,1,0,1,1,1,0,0,1,1,1,1,0,0,0,0,1,1,0,1,0,1,1,1,1,0,0,1,0,0,1,1,0,1,0,1,1,1,0,0,0,1,1,0,0,1,1,0,1,0,1,1,0,0,0,1,0,0,1,0,1,0,1,1,1,0,0,0,0,1,0,0,0,0,0,0,0,1,0,1,1,0,0,0,0,1,1
1,0,1,0,1,1,0,0,0,1,0,1,0,1,0,1,0,1,1,0,0,0,1,1,0,1,0,0,0,0,0,1,1,0,0,0,1,0,1,0,1,0,0,1,0,0,1,1,1,1,1,1,1,0,0,0,1,1,0,1,1,1,0,1,1,0,0,1,1,1,0,1,0,0,0,1,1,1,0,0,0,1,1,0,0,0,0,1,0,0,0,1,1,1,0,0,0,1,0,1,1
0,0,0,0,1,1,1,0,1,0,1,0,0,1,0,1,1,0,0,0,1,1,1,1,1,1,0,1,1,1,0,0,1,1,1,1,1,1,1,0,1,0,0,1,1,0,0,0,0,0,1,1,0,0,0,0,1,1,1,1,0,1,0,1,1,0,0,0,1,1,1,0,0,0,0,0,1,0,0,1,1,1,1,1,0,1,0,1,1,1,0,0,1,1,0,0,1,0,0,0,0
1,0,1,1,0,0,1,0,1,0,0,0,1,0,1,1,1,0,1,0,1,1,1,1,0,1,1,0,1,1,1,0,0,1,0,0,1,1,0,0,1,1,1,0,0,1,0,0,1,0,1,1,1,1,0,1,0,0,1,1,0,0,1,0,1,1,1,1,0,1,0,1,0,1,1,0,1,1,0,1,0,1,0,1,1,1,0,0,1,0,0,0,0,1,1,1,1,0,1,1,0
0,0,0,0,0,1,0,0,0,1,0,0,1,1,0,1,1,1,0,0,1,0,0,1,1,1,0,0,1,0,1,1,0,1,1,1,1,1,1,0,0,1,0,1,1,1,0,0,0,1,1,1,1,0,1,0,0,0,1,0,1,1,1,1,1,1,0,0,0,1,0,0,0,1,1,1,0,1,0,0,1,0,1,1,1,1,0,0,0,1,0,1,0,1,1,1,1,1,0,1,1
0,1,0,1,0,0,0,1,0,1,0,1,0,0,0,0,1,1,1,0,0,0,0,1,0,0,1,0,1,0,0,1,0,1,0,1,1,1,1,1,0,0,1,0,1,1,1,1,0,1,0,0,1,1,0,1,0,0,1,0,0,0,1,0,0,1,0,1,1,0,0,1,1,0,1,0,1,1,1,0,0,1,1,1,1,0,1,0,0,0,1,1,0,1,1,1,0,0,0,0,0
1,0,1,0,0,0,1,1,1,1,1,0,1,1,1,1,1,0,1,0,1,0,1,0,1,1,1,1,1,0,1,0,0,1,1,0,0,0,1,1,0,0,0,1,1,1,1,0,1,0,0,1,1,1,1,1,1,1,1,1,0,1,1,1,0,0,1,0,0,0,0,0,0,1,0,0,0,1,0,0,0,1,1,1,1,0,0,0,0,1,1,1,1,0,1,1,1,1,1,0,1
0,0,0,1,1,0,1,0,1,1,1,1,1,1,0,0,0,1,0,1,1,0,0,0,0,1,1,0,1,1,1,1,1,1,1,1,1,1,1,1,1,1,1,0,1,0,0,1,0,0,1,0,0,0,1,1,1,0,0,1,0,1,1,0,1,1,1,1,0,1,0,0,0,0,1,0,0,0,0,1,0,1,1,0,1,0,1,0,1,0,0,1,0,0,0,0,1,0,0,1,1
0,0,1,1,1,0,0,0,0,1,1,1,1,1,1,1,1,1,0,0,1,0,1,1,0,1,0,0,1,0,1,0,1,1,0,1,0,0,0,1,0,1,1,1,0,1,1,0,0,1,0,0,0,1,0,1,1,0,0,0,0,0,0,1,1,1,1,0,0,0,0,0,1,1,0,1,1,1,0,0,0,0,1,1,1,0,0,1,1,1,1,1,0,1,1,0,1,0,0,0,1
1,0,0,0,1,1,1,1,0,1,0,1,0,0,0,1,0,1,0,0,1,0,0,0,0,0,0,0,1,1,0,0,0,1,1,0,1,1,1,0,1,1,0,0,0,0,0,1,0,1,1,1,1,0,1,1,1,1,0,0,1,0,0,1,0,1,1,1,1,1,0,1,0,1,1,0,0,1,1,1,0,1,1,0,0,1,0,0,0,1,1,1,0,0,1,0,1,0,0,1,1
1,1,0,0,1,1,1,1,0,0,0,0,0,0,0,0,1,1,1,0,1,1,0,0,1,1,1,0,1,0,1,0,1,1,0,0,0,1,1,0,0,0,0,1,0,0,0,0,0,0,0,1,1,1,1,0,0,0,1,1,0,1,0,1,0,0,1,0,0,1,0,1,0,0,1,0,0,1,0,1,1,1,0,0,1,0,1,1,0,0,1,0,1,1,0,1,1,1,1,1,1
0,0,0,1,0,0,1,1,0,1,1,0,1,0,0,1,1,1,1,0,1,1,1,1,0,0,1,0,1,0,1,0,1,0,1,1,0,1,1,1,0,1,0,0,1,1,0,0,0,1,0,1,1,0,0,0,1,1,1,0,0,1,1,1,1,0,0,0,0,0,0,0,1,0,1,1,1,0,1,0,0,0,1,0,0,0,0,1,1,0,0,1,1,0,1,0,0,0,1,1,0
1,1,0,1,1,0,1,0,0,0,1,0,1,1,1,1,1,1,0,0,1,1,0,0,1,1,1,0,1,0,1,0,0,0,0,1,0,1,0,1,0,1,0,1,1,1,1,0,1,0,1,0,0,1,1,0,0,1,0,0,0,0,0,0,1,1,0,0,0,0,1,0,1,1,1,0,1,1,1,0,0,0,0,0,1,0,0,0,0,1,1,0,0,1,1,0,1,1,1,0,0
1,0,0,0,1,1,0,1,0,1,0,1,1,0,1,1,0,1,0,1,1,0,1,1,1,0,1,0,0,0,1,1,0,1,0,1,0,1,0,0,0,0,1,0,0,0,1,0,1,1,1,0,1,0,0,1,1,0,1,1,0,1,1,0,1,1,0,1,1,1,1,1,1,0,1,0,1,0,0,0,1,1,0,1,1,0,0,0,0,1,1,1,1,0,0,1,1,0,0,0,1
1,0,1,0,0,0,0,0,1,1,1,1,1,1,1,0,1,0,1,0,1,0,0,1,1,1,1,1,1,0,0,1,1,0,1,1,0,1,1,1,0,1,1,1,0,1,1,0,0,1,0,1,1,1,0,1,0,0,0,1,0,1,0,0,1,0,1,1,0,0,0,0,1,0,1,1,0,0,1,1,1,1,0,0,0,1,1,0,1,1,0,1,0,0,0,0,0,1,0,0,1
0,1,1,0,0,0,0,1,1,0,1,0,1,1,1,0,1,0,1,1,1,0,0,1,0,0,1,0,1,1,0,1,1,0,0,1,1,0,1,1,0,1,1,1,1,1,1,0,1,1,1,1,0,1,1,0,1,0,0,0,0,0,1,1,1,0,1,0,1,1,0,1,0,0,0,0,1,1,0,1,0,1,0,0,1,0,0,1,1,1,1,0,0,1,0,1,1,1,1,0,0
0,1,1,0,0,1,0,0,0,0,1,0,0,0,0,1,1,0,0,1,1,1,1,0,0,0,1,0,0,1,1,0,1,1,0,0,0,1,1,1,1,1,1,1,0,0,1,1,0,0,0,0,1,0,1,1,1,0,1,0,0,1,1,0,0,0,1,1,1,1,0,0,1,1,0,0,0,0,1,0,1,0,1,1,0,0,0,1,1,0,1,0,1,1,0,0,1,0,1,0,1
1,0,1,0,0,0,0,0,1,1,0,1,1,0,1,1,1,1,0,0,1,1,0,1,1,0,0,1,0,1,1,0,0,1,0,1,1,0,1,0,1,0,1,1,1,0,0,1,1,1,1,0,0,1,0,0,0,1,0,1,1,1,0,1,1,1,1,1,1,1,0,0,0,0,0,0,1,0,1,1,1,0,1,0,1,1,1,1,0,1,1,1,1,1,0,1,1,1,0,0,1
0,0,0,0,1,0,1,0,1,0,0,0,1,1,1,1,1,0,1,1,1,0,0,1,0,1,0,1,1,1,1,1,1,1,1,0,1,0,0,0,0,0,0,0,0,1,1,0,0,1,0,0,0,0,0,1,0,0,1,0,0,0,0,0,0,0,1,0,1,0,0,0,1,0,0,0,0,0,0,0,1,1,0,1,1,1,1,1,0,0,0,0,1,0,0,1,0,1,1,0,0
0,1,0,0,1,1,1,1,1,0,0,1,1,0,0,1,0,1,1,0,0,0,1,0,1,0,0,0,1,1,1,1,1,0,0,1,0,0,1,0,1,1,0,0,0,1,0,1,0,0,1,0,0,0,0,0,0,0,1,1,0,0,0,0,1,0,1,1,0,1,0,1,1,1,1,0,0,0,1,0,1,0,1,0,0,1,1,0,1,0,1,0,0,1,0,0,0,1,0,1,1
1,0,0,1,1,1,1,1,0,0,1,0,0,1,1,1,1,1,0,1,1,1,0,1,1,1,0,0,1,1,0,1,0,0,0,1,1,0,0,0,1,0,1,1,0,0,0,1,0,0,1,1,1,0,1,1,1,0,0,1,0,0,1,0,0,0,1,1,1,0,0,1,1,1,0,0,1,0,0,1,0,1,0,1,0,1,0,1,1,0,1,1,0,0,0,1,1,0,0,1,1
0,1,0,0,0,1,0,1,1,1,1,1,0,0,0,0,0,1,1,0,0,0,0,0,0,0,1,0,1,0,1,1,0,1,0,1,0,1,1,0,0,0,1,1,1,1,0,1,0,0,0,0,1,0,1,0,1,1,0,1,1,1,0,0,1,0,1,1,1,1,1,1,1,0,0,0,1,0,1,1,0,0,1,1,0,0,0,1,1,1,1,1,1,0,1,1,1,1,1,1,1
1,1,0,1,1,0,0,0,0,0,0,0,1,0,1,0,1,0,1,0,0,1,1,0,0,0,1,0,1,0,1,0,0,0,1,0,1,0,0,1,1,1,0,0,0,0,0,1,1,1,0,1,0,0,1,1,0,1,0,1,1,1,1,0,1,1,1,0,1,0,0,1,1,1,1,1,1,1,1,1,0,0,0,1,0,1,0,0,1,0,1,1,0,1,0,1,0,1,0,1,1
0,1,1,1,0,0,1,0,1,1,0,0,0,1,0,0,1,1,1,0,1,1,0,0,1,1,0,0,0,1,1,1,0,0,0,0,0,0,1,0,0,1,0,0,0,0,0,1,1,1,1,0,1,0,0,1,1,1,1,0,0,0,1,1,1,0,1,0,0,1,1,1,1,1,1,1,1,1,1,0,0,0,1,1,1,1,0,1,0,1,1,1,0,1,0,0,0,1,1,1,1
1,1,1,1,1,0,0,1,0,1,1,0,1,1,0,0,1,1,1,1,1,1,0,0,0,1,0,1,1,0,1,0,1,1,1,0,1,1,0,1,1,1,0,1,1,0,1,1,0,1,1,1,1,0,0,0,1,1,0,0,1,1,0,0,1,1,1,0,0,1,1,0,0,1,1,1,1,0,1,1,1,0,0,0,0,0,1,0,0,0,0,0,1,1,0,0,1,1,0,0,1
1,1,1,1,0,0,1,0,0,0,1,0,1,1,1,1,1,1,1,1,1,0,1,1,0,0,0,1,1,1,1,1,1,1,0,1,0,0,0,1,0,0,0,0,1,0,1,0,1,0,0,0,0,0,0,1,1,0,1,0,0,1,1,0,1,0,1,1,1,1,0,1,0,1,1,0,0,0,1,0,1,0,1,0,1,0,1,1,0,1,1,1,0,0,1,0,0,0,1,1,1
0,1,0,0,1,1,1,0,0,1,1,1,1,0,1,1,0,0,1,0,0,0,1,1,0,0,1,1,1,0,0,0,1,1,1,1,0,0,0,0,1,0,0,0,0,0,1,1,1,0,0,0,1,0,1,0,0,1,1,1,0,1,0,1,0,1,0,1,0,1,0,0,1,0,0,1,1,1,1,1,0,1,0,0,0,1,0,1,0,1,0,0,0,1,1,1,0,0,0,1,1
1,1,0,1,0,0,1,0,1,1,0,0,1,0,1,0,0,0,1,0,1,0,1,0,0,1,0,1,1,0,0,1,0,1,1,0,0,0,0,1,1,0,1,0,0,0,1,0,0,0,0,1,0,1,1,0,1,0,1,1,0,1,1,0,0,0,1,1,0,0,1,0,0,1,1,0,1,1,0,1,1,1,0,1,0,0,1,1,1,0,1,1,1,1,0,1,0,0,1,0,1
0,1,0,0,1,1,1,0,1,0,0,1,0,1,0,1,1,0,0,1,1,0,1,1,1,1,0,1,0,0,1,0,1,1,1,1,1,1,1,0,0,0,0,0,1,1,1,1,1,0,1,1,1,0,0,0,1,1,0,1,1,1,0,0,1,0,1,0,0,0,0,0,1,1,1,0,1,0,1,0,1,1,0,0,0,0,1,1,1,1,1,1,0,0,1,1,0,1,1,1,1
0,1,0,1,1,1,1,1,1,0,0,0,0,1,1,1,0,1,1,1,1,1,0,0,1,0,0,1,0,0,0,1,1,1,1,0,1,0,0,0,0,1,0,1,1,0,0,1,1,0,0,1,1,0,0,1,1,0,0,1,1,1,1,1,1,0,1,0,1,1,1,1,1,0,0,1,0,1,1,1,0,1,0,0,0,0,0,0,0,0,1,0,0,0,0,1,1,0,1,0,0
1,1,0,0,1,0,0,0,0,1,1,0,1,0,1,1,0,0,1,0,1,0,0,0,0,1,1,0,0,1,0,0,0,0,1,1,1,0,1,0,0,1,0,1,0,1,0,0,0,0,0,0,1,1,0,0,1,0,1,1,0,1,0,0,1,0,0,1,0,0,0,1,0,1,0,1,0,1,1,1,1,0,0,0,1,0,0,0,0,1,1,0,1,1,1,0,1,0,0,1,0
0,1,1,1,1,1,1,0,0,1,0,0,0,0,0,1,0,1,0,0,1,1,1,0,0,1,1,0,0,1,1,1,1,0,0,0,1,1,1,1,0,0,1,0,0,1,1,1,0,0,0,0,0,0,0,0,0,1,0,0,0,1,1,0,1,0,1,0,1,0,1,1,1,1,1,1,0,0,0,1,0,1,1,0,0,0,1,0,1,1,0,1,0,0,0,1,0,1,1,1,1
1,0,0,0,1,1,0,1,1,1,1,1,1,0,1,1,1,1,0,1,1,0,0,0,0,0,0,0,0,0,1,0,1,0,0,1,0,0,1,1,1,0,0,1,0,0,1,0,1,0,1,1,0,1,1,0,1,1,0,1,1,0,0,0,1,1,0,0,1,0,0,1,0,1,1,0,1,0,0,1,1,0,0,1,1,0,1,0,1,1,1,1,0,1,0,0,0,0,0,1,1
1,1,1,0,0,0,1,1,0,1,1,1,0,0,0,1,0,0,1,1,0,0,0,1,0,0,0,0,0,1,1,0,1,1,1,0,0,1,0,1,0,1,0,0,0,0,0,1,1,0,0,1,1,0,1,1,0,1,0,1,1,1,1,1,1,1,1,1,1,1,1,0,0,0,0,1,1,0,0,1,0,0,1,1,0,1,1,1,1,1,0,1,1,0,1,1,0,1,0,1,1
1,1,0,0,0,0,1,1,1,1,1,0,0,0,1,0,0,0,0,1,1,0,0,0,0,1,0,1,0,0,1,1,1,1,1,1,0,1,1,1,0,0,0,1,0,0,0,0,1,0,1,0,0,1,0,1,1,0,1,0,1,1,1,0,0,0,1,0,1,0,0,1,0,1,0,0,1,0,0,0,0,0,1,0,1,1,1,1,0,0,1,1,1,1,0,1,0,0,0,1,1
0,0,0,0,0,0,0,0,1,0,0,0,1,1,0,0,1,0,1,0,1,1,0,0,1,1,1,0,1,1,0,1,1,0,0,1,1,0,1,0,1,0,0,1,0,0,1,1,1,0,1,0,1,1,0,0,0,0,1,0,1,1,0,0,0,1,0,1,0,1,1,1,1,0,0,1,0,0,0,0,0,1,0,1,0,0,1,1,0,0,0,0,0,1,0,0,1,1,0,1,1
1,0,0,0,0,1,0,0,0,0,1,1,1,0,0,0,1,1,1,1,0,0,1,0,0,1,0,1,1,1,0,1,1,1,1,1,1,1,1,0,1,0,0,1,0,0,0,0,1,1,1,0,1,0,1,0,1,1,1,1,1,0,1,0,0,1,0,0,1,1,1,0,0,1,1,0,1,0,0,1,0,0,0,0,1,1,0,0,0,0,1,1,0,0,1,0,1,0,1,1,1
1,0,0,1,1,0,0,1,0,0,1,1,1,0,0,0,1,0,0,0,1,0,1,1,0,1,1,1,1,0,0,0,0,1,1,1,1,0,1,0,0,0,1,1,0,1,1,1,0,0,1,0,0,0,1,0,0,0,0,0,0,0,1,1,0,0,0,1,0,1,0,1,1,0,0,0,1,1,1,0,1,0,0,0,0,1,1,1,1,0,1,0,1,1,1,1,0,0,1,1,1
1,0,0,0,1,1,1,1,1,0,1,1,0,0,0,0,1,1,1,0,0,0,0,0,1,0,0,1,0,0,0,1,0,1,1,0,1,1,0,0,1,1,1,0,0,1,0,1,0,1,0,1,1,0,1,1,0,1,1,0,1,0,1,1,1,0,1,0,0,1,0,1,0,1,1,0,0,0,0,1,0,1,1,0,0,0,1,0,0,1,1,1,0,0,0,1,1,1,1,1,1
1,1,1,1,1,0,1,0,1,1,1,0,1,1,0,1,0,0,0,0,0,1,0,1,0,1,0,1,0,1,0,0,1,1,0,1,1,1,1,0,0,1,1,0,1,1,0,1,0,0,1,0,0,1,0,0,1,1,1,1,0,1,1,1,1,1,1,1,1,0,1,0,1,1,1,1,0,0,1,1,0,1,1,1,0,1,1,0,0,0,1,1,1,0,1,1,1,0,1,1,0
0,0,1,1,0,1,0,1,0,0,0,0,1,0,1,1,1,0,1,1,0,1,0,1,0,0,1,0,1,1,0,1,1,0,0,1,0,0,0,1,1,1,0,0,0,0,1,0,1,1,0,1,0,0,1,1,0,1,1,0,0,0,0,1,1,1,0,1,0,0,1,0,1,0,1,1,1,0,1,0,0,0,0,0,0,0,0,1,0,1,1,0,0,0,0,0,1,1,0,1,0
0,0,0,0,0,1,1,1,0,1,0,0,0,0,1,0,1,1,1,1,0,0,1,1,0,1,1,0,1,1,1,0,1,0,0,1,1,1,0,0,0,1,0,1,0,0,1,0,0,0,0,1,1,0,0,1,1,0,1,0,1,0,0,1,1,0,1,1,1,1,1,1,0,0,0,0,1,0,0,0,0,0,1,0,0,1,0,1,0,0,0,1,0,0,1,0,1,0,0,1,0
0,1,1,0,0,0,1,0,1,0,1,0,0,1,1,0,0,0,0,1,0,0,0,1,0,0,1,1,0,0,0,0,0,0,1,1,1,0,1,1,0,0,1,0,0,1,0,0,1,1,1,0,1,1,0,1,1,1,0,0,0,0,1,0,0,1,1,1,1,1,0,0,1,1,1,1,0,0,1,1,1,1,0,1,0,0,0,0,0,1,0,1,1,1,1,0,0,1,0,0,0
1,1,1,0,1,0,1,1,0,0,1,0,0,1,1,0,0,0,0,1,1,0,1,0,0,1,1,1,0,1,0,0,0,1,0,1,1,1,0,0,1,0,0,1,0,0,0,0,1,0,0,0,1,1,1,0,1,1,0,0,0,0,0,1,1,0,0,1,0,0,1,1,0,0,0,1,1,1,1,1,0,0,1,1,0,0,1,1,1,1,0,0,0,1,1,1,0,0,0,0,1
0,1,1,0,1,1,1,0,1,0,0,0,0,1,0,1,1,0,0,1,0,0,1,1,0,0,1,1,0,1,0,1,0,0,0,0,1,0,1,0,1,1,1,0,0,0,0,1,1,0,0,0,1,0,1,0,1,0,0,0,0,0,0,0,0,1,0,0,0,0,0,0,0,1,1,1,1,0,0,0,0,1,1,0,1,0,1,0,1,0,1,1,1,0,1,1,1,0,0,1,0
1,0,0,0,0,1,1,0,0,1,0,1,1,0,1,1,1,1,1,0,1,0,0,1,0,0,0,0,1,1,1,0,0,0,1,1,1,0,0,0,1,0,1,1,1,1,1,0,0,0,0,1,0,0,1,0,1,1,0,1,0,0,0,1,1,0,1,1,0,1,0,1,1,0,0,1,1,0,0,1,0,1,1,0,1,1,0,0,1,0,0,0,1,0,0,0,0,0,1,1,0
1,0,1,1,1,0,0,0,0,0,0,0,0,1,1,0,0,1,0,0,0,0,0,1,1,1,1,1,0,0,0,1,1,1,1,1,1,0,1,1,1,0,0,1,0,0,0,1,1,1,1,1,0,0,0,0,0,1,0,1,1,0,1,1,0,1,0,1,0,1,1,1,0,0,1,1,1,0,0,1,0,1,1,1,1,1,1,1,1,0,1,0,0,0,0,0,0,0,1,0,1
0,0,1,0,1,1,1,1,0,1,0,1,0,0,0,1,0,1,0,0,1,0,0,1,1,0,1,0,0,0,0,0,0,0,1,0,0,0,0,1,1,0,1,1,0,0,1,1,0,1,0,0,0,1,1,1,1,1,1,1,1,0,1,1,1,0,1,0,0,1,1,1,1,0,0,1,1,0,1,1,1,1,1,0,1,0,0,0,0,0,0,1,1,1,1,0,1,1,0,0,1
1,0,0,1,1,0,0,1,0,0,1,0,1,1,0,1,0,1,1,1,0,1,1,0,1,1,0,0,1,1,0,1,0,0,1,1,1,1,1,1,0,1,1,1,0,1,0,0,0,1,1,1,1,1,0,1,0,0,1,0,1,1,0,0,0,1,0,0,1,0,0,1,1,1,0,1,1,0,0,1,1,0,1,0,1,0,1,1,1,0,0,0,1,1,1,1,0,0,0,1,1
0,0,0,0,0,1,0,0,1,0,0,1,0,0,1,0,0,0,0,0,0,1,1,1,0,1,1,0,1,1,0,0,1,0,1,0,1,0,1,1,0,1,1,0,1,1,1,1,1,1,1,1,1,1,1,1,0,0,1,0,1,1,0,1,0,0,0,1,0,0,1,1,1,1,1,0,1,0,0,0,0,1,0,0,1,0,0,1,0,1,1,0,1,1,0,0,1,0,1,0,0
0,0,1,1,1,1,1,1,1,0,1,0,1,0,1,0,0,1,0,1,1,0,0,0,0,1,0,0,0,0,0,1,1,0,0,1,1,1,0,0,1,0,0,0,1,1,1,1,1,1,0,0,0,1,0,0,0,1,1,0,1,1,1,1,0,0,0,0,1,1,1,0,0,0,1,1,1,1,1,0,0,0,0,1,0,1,0,0,0,1,1,0,1,1,0,0,1,1,0,1,1
1,0,0,0,0,0,0,0,1,0,0,0,0,0,1,0,0,1,0,0,0,0,0,1,1,1,0,0,0,1,0,0,0,1,0,0,1,0,0,1,1,0,1,1,0,0,0,0,1,0,1,1,0,0,0,1,0,1,1,0,0,1,0,1,0,1,0,0,0,1,0,1,1,0,0,1,1,1,1,1,1,0,1,0,0,1,0,0,1,1,0,0,0,0,1,0,0,0,1,0,1
0,0,1,1,1,0,0,1,1,0,0,0,1,1,0,0,0,1,0,0,0,0,0,0,1,1,1,1,1,1,1,1,1,0,1,0,1,1,0,0,1,0,1,0,1,1,0,1,0,1,0,1,1,1,0,0,1,1,0,0,1,0,1,0,1,0,1,0,0,0,1,1,0,1,0,1,1,0,0,0,1,1,1,1,1,0,0,1,1,0,0,1,0,1,1,1,0,1,0,0,1
0,1,1,0,0,1,0,1,1,0,1,0,1,1,0,0,1,1,0,1,1,0,0,0,0,1,0,0,1,1,0,1,0,0,0,0,1,0,0,1,0,0,0,0,0,1,0,1,1,1,0,1,0,1,1,1,0,0,1,1,0,0,0,1,1,0,0,1,0,0,0,1,0,1,1,1,1,0,1,0,0,1,1,0,0,1,1,1,0,1,0,0,1,1,1,1,0,0,1,1,1
0,0,0,1,0,1,0,0,1,0,0,0,0,0,1,1,0,0,0,1,1,0,0,0,0,0,1,1,0,1,0,0,1,1,1,1,0,1,0,0,1,1,0,0,0,1,0,1,0,1,1,1,0,0,0,1,0,0,1,1,1,1,0,1,1,1,0,1,1,0,1,1,0,0,1,0,1,1,0,0,0,1,0,1,0,0,1,1,1,0,0,1,0,0,0,0,1,0,1,1,0
1,0,0,0,1,1,1,1,0,1,1,1,1,1,1,0,1,1,0,1,0,0,0,1,0,1,1,0,0,1,1,0,0,1,0,0,0,0,1,0,1,0,0,0,0,0,0,0,0,1,0,1,0,1,0,0,0,1,1,0,1,0,1,0,1,0,1,0,1,1,0,1,1,0,1,0,1,1,0,0,1,0,1,0,0,1,0,0,1,1,1,0,1,1,0,0,1,1,0,0,1
1,0,1,0,1,0,1,1,1,0,0,0,0,0,0,1,0,0,1,0,1,0,0,0,1,1,0,0,0,1,1,0,1,0,0,0,0,1,0,1,1,1,0,1,0,1,1,0,0,0,0,0,0,1,0,0,0,1,1,0,0,1,1,1,1,0,1,1,0,0,0,0,1,1,1,0,0,0,0,0,1,0,0,1,0,1,0,0,0,0,0,1,1,0,0,1,1,1,0,0,1
1,1,0,0,1,1,1,0,0,1,1,0,1,0,0,1,0,0,1,0,1,0,1,0,0,0,1,1,0,0,0,1,0,0,0,0,1,0,0,1,1,0,0,0,1,1,1,1,1,1,1,1,0,0,0,0,0,1,1,0,0,1,0,1,1,0,1,1,1,0,0,0,1,1,0,0,0,1,0,0,1,1,1,0,0,1,1,1,1,0,1,0,0,0,0,0,0,0,1,0,0
1,0,1,1,0,0,0,1,0,0,0,1,1,1,0,1,1,1,0,0,0,0,0,0,0,0,0,1,1,0,0,0,0,0,1,0,1,0,1,1,1,0,0,0,0,0,1,0,1,1,0,1,1,0,0,1,1,0,1,0,1,1,1,0,1,1,0,0,0,0,1,1,1,1,0,1,1,1,1,1,0,1,0,0,1,0,0,0,0,1,0,1,1,1,1,1,0,1,1,0,1
1,0,1,1,0,0,0,1,0,0,1,1,1,1,0,0,1,1,1,1,1,0,0,0,0,1,0,1,0,1,1,1,1,1,1,1,0,1,1,0,1,0,0,1,0,1,1,1,0,0,0,0,0,1,1,0,1,1,0,0,1,0,0,1,0,1,0,0,0,0,0,0,0,1,1,1,0,1,0,0,1,0,1,1,0,0,0,1,1,0,1,1,1,0,1,0,0,0,0,0,1
1,1,1,1,0,0,0,0,0,0,0,0,0,1,0,1,1,1,0,1,0,0,1,0,0,1,1,1,0,0,1,0,0,0,0,0,1,0,1,1,1,1,0,0,0,1,0,1,0,0,1,0,1,1,1,1,1,1,0,0,0,0,1,1,1,1,0,0,1,1,0,0,1,1,1,1,1,1,1,0,1,0,1,1,0,1,1,1,0,1,0,0,1,1,1,0,0,0,1,1,1
0,1,0,0,1,0,1,0,1,0,1,0,0,0,0,0,1,1,0,0,0,1,1,1,0,0,0,0,0,0,0,0,1,1,0,0,1,1,1,0,0,0,0,1,0,1,1,1,1,0,1,0,0,1,1,0,0,1,1,1,0,1,1,1,1,0,1,1,1,1,0,0,1,1,1,0,1,1,0,0,0,1,0,1,1,1,1,0,1,1,1,0,0,1,0,1,1,1,1,1,1
0,1,0,0,1,0,1,1,0,1,1,0,1,1,1,0,1,0,0,1,1,1,1,0,0,0,1,1,1,1,1,1,0,1,0,0,1,0,0,1,1,1,0,1,1,1,0,0,0,0,1,1,1,1,1,1,0,1,0,0,1,0,1,0,1,0,1,1,0,0,0,1,0,1,1,0,0,0,0,0,0,0,1,0,0,1,0,1,1,0,0,1,0,1,1,1,0,0,0,0,0
1,1,1,0,1,0,0,0,1,1,1,0,0,0,1,0,0,0,0,1,1,1,1,0,0,0,0,1,0,0,1,0,1,0,0,0,1,0,0,0,1,0,0,0,1,1,0,1,0,1,0,0,0,1,1,1,0,1,0,0,1,0,0,0,1,0,1,1,1,1,1,1,0,0,0,1,1,0,0,0,1,0,0,0,0,0,0,1,1,0,0,0,1,0,0,1,0,1,0,1,1
1,1,0,0,0,0,0,1,1,1,1,0,1,1,1,0,1,1,1,1,0,1,0,1,0,0,1,0,1,1,0,1,1,1,0,0,0,1,1,1,1,1,0,0,0,1,1,0,1,1,0,0,1,1,1,1,0,1,1,0,1,1,0,1,0,1,0,1,1,0,1,0,0,0,0,0,0,0,0,0,0,1,0,1,1,0,1,1,1,0,0,1,0,0,0,1,0,1,0,0,1
1,1,0,1,0,1,1,1,0,0,1,1,0,1,0,1,0,0,1,1,1,0,0,0,1,1,1,0,0,0,1,0,1,1,1,1,0,0,0,0,0,1,1,1,0,1,0,0,1,1,1,0,1,1,1,0,1,1,0,0,0,1,0,0,0,0,0,0,1,1,1,1,0,1,1,1,0,1,0,1,0,0,0,1,0,0,0,1,0,0,0,1,1,1,1,0,1,1,1,1,1
0,1,0,1,1,0,1,1,0,0,1,1,1,1,1,1,0,1,0,1,1,0,0,1,0,1,1,0,0,1,1,1,1,0,0,0,1,0,0,1,0,0,0,0,0,1,0,1,0,0,0,1,1,1,1,1,0,0,0,0,1,1,1,0,0,0,1,0,0,1,0,0,0,1,0,1,0,1,1,1,0,1,1,1,0,0,1,0,0,0,1,1,0,1,1,1,1,0,0,1,0
0,0,1,0,1,1,0,0,1,0,0,1,0,1,0,1,1,0,1,1,1,0,0,1,1,1,0,0,0,0,0,0,0,0,1,0,0,1,1,1,0,0,0,1,0,1,0,1,0,0,1,0,1,1,0,1,1,0,1,1,1,1,0,0,0,0,0,1,0,0,0,0,1,1,0,1,0,1,1,1,1,0,0,1,1,1,1,1,1,0,1,0,1,0,1,1,0,1,0,1,1
1,1,1,1,1,0,0,1,1,0,0,0,1,1,1,1,1,0,1,0,0,0,0,1,0,1,0,0,1,0,1,0,0,1,1,0,0,1,0,0,0,0,0,0,0,0,1,1,0,1,1,0,0,1,0,0,0,1,1,1,1,1,1,0,0,0,1,1,1,0,1,0,0,0,0,0,1,1,0,1,0,0,0,1,0,0,1,0,1,1,1,1,0,0,0,0,0,1,0,1,1
0,1,0,0,0,1,1,0,0,1,1,1,1,1,1,1,1,0,1,1,1,0,1,1,0,0,0,1,0,0,0,0,0,1,1,0,0,0,1,1,0,1,1,1,0,1,1,0,1,0,0,1,1,0,1,0,0,0,0,0,1,0,1,0,0,1,0,1,0,0,1,0,0,1,0,1,0,1,1,1,0,0,1,0,1,0,0,0,0,0,0,1,1,0,1,1,0,1,0,0,0
0,1,0,0,0,1,0,0,0,1,1,0,1,0,0,1,0,0,1,1,1,0,1,1,1,0,0,1,1,1,0,1,0,0,1,0,0,1,1,1,1,0,0,0,1,0,0,0,0,0,1,0,1,0,0,1,0,1,0,0,0,0,1,0,0,0,1,1,0,1,0,1,0,0,0,1,1,0,0,1,1,1,0,1,0,0,0,1,1,1,0,1,0,0,1,1,0,0,0,1,0
0,1,0,0,1,1,1,1,0,1,0,0,0,0,0,0,0,0,0,1,0,1,0,1,0,1,1,0,0,1,0,0,0,1,1,1,0,1,0,1,0,0,0,0,0,1,0,0,1,0,0,0,1,1,1,1,1,0,1,1,1,1,1,0,0,0,0,1,1,1,1,1,0,1,0,1,0,0,0,0,0,0,0,0,0,1,1,0,1,0,0,0,0,1,0,0,1,1,0,0,1
0,1,0,1,0,0,1,0,1,0,0,1,1,0,0,1,0,0,1,1,0,1,0,1,0,1,1,0,0,0,1,1,0,0,1,0,0,1,1,0,0,0,1,1,0,1,0,0,1,0,1,1,0,1,1,1,1,1,0,1,0,1,0,0,0,0,0,0,1,1,0,1,0,1,0,0,0,0,1,1,0,1,0,1,0,1,0,0,0,1,1,1,0,0,1,1,1,1,0,1,0
0,0,0,0,1,1,1,1,0,1,1,0,1,1,1,0,0,1,1,0,1,0,0,0,0,0,1,0,0,1,0,1,1,1,1,1,0,1,1,0,0,0,0,0,0,1,0,1,1,1,0,0,0,0,1,1,0,0,1,0,0,0,1,0,0,0,0,1,0,1,0,1,1,0,0,1,0,1,1,0,0,0,1,1,0,0,1,0,0,1,1,0,1,1,1,0,1,1,0,1,1
1,1,0,1,0,0,0,1,1,0,0,0,0,1,0,1,1,0,1,1,0,1,1,1,0,1,0,0,1,1,0,0,1,0,0,1,1,1,0,0,1,0,1,0,1,1,1,0,1,1,0,0,0,0,0,1,1,0,1,1,0,1,1,1,0,1,0,1,1,0,0,1,1,0,0,0,0,1,1,1,1,1,0,1,0,0,0,0,0,0,1,1,0,0,0,1,0,0,1,1,0
1,1,0,1,0,1,1,1,0,1,1,0,1,0,1,1,1,0,0,1,0,0,0,1,1,1,1,0,0,1,1,0,1,0,1,1,1,0,0,0,0,0,1,1,0,1,0,0,1,0,0,0,1,0,1,0,0,1,1,1,0,1,0,0,0,1,0,0,1,1,1,0,0,1,1,0,1,0,1,1,1,1,1,1,0,0,1,1,1,0,0,1,1,1,0,1,0,1,1,1,0
0,1,1,1,0,1,1,1,0,1,1,0,1,0,0,1,0,1,0,1,0,1,1,1,1,1,0,0,1,0,1,1,0,0,1,0,0,0,1,1,0,0,1,1,1,0,1,1,0,0,0,1,1,0,0,1,1,1,1,1,1,0,1,1,1,1,0,0,0,0,0,1,0,0,1,1,1,0,0,0,0,1,0,0,1,1,1,0,1,1,1,0,0,0,1,0,1,1,0,0,1
1,0,1,1,1,1,0,0,1,0,1,0,1,0,1,1,1,1,1,1,1,1,1,1,0,0,0,0,1,0,0,1,1,0,1,1,0,1,0,0,1,0,0,0,0,0,1,0,0,1,0,0,1,0,1,1,0,0,1,0,0,0,0,1,0,1,0,0,1,0,0,1,0,0,0,0,1,1,1,1,0,0,0,1,1,0,1,0,1,0,1,0,0,1,1,1,0,0,1,1,1
1,0,1,0,0,1,0,0,0,1,0,1,0,1,1,0,0,0,0,1,0,1,1,0,1,1,0,1,0,0,0,1,0,1,1,1,1,1,0,0,1,1,1,0,1,0,0,1,0,1,1,0,1,0,0,1,0,0,1,0,1,1,1,0,0,1,0,1,1,0,0,1,0,1,1,0,1,0,1,1,1,0,0,0,1,1,1,0,0,1,0,1,1,1,1,1,0,0,0,0,1
1,0,0,1,1,0,0,0,0,0,1,1,1,0,1,0,0,0,1,1,1,0,1,1,1,1,0,1,1,1,1,1,0,0,0,1,1,1,1,0,1,1,0,1,0,1,1,1,0,0,1,0,1,0,0,0,1,1,1,0,1,1,0,0,1,1,0,0,0,1,0,1,0,0,0,0,0,0,1,0,0,0,1,1,0,1,0,0,1,1,0,1,0,0,0,0,1,1,0,0,1
0,0,0,0,1,0,1,1,1,1,0,1,1,0,0,0,0,0,1,1,0,1,0,1,0,0,0,0,1,1,0,0,1,0,1,0,0,1,1,0,1,0,0,1,0,1,0,1,0,1,1,1,1,1,1,1,0,0,0,1,1,0,0,1,1,1,0,1,0,0,1,1,0,1,1,1,0,1,1,0,0,0,1,1,1,1,0,1,1,0,1,1,1,1,1,1,0,0,0,1,1
1,0,0,0,0,1,1,0,0,1,0,0,1,0,0,1,0,0,0,1,0,1,1,1,0,1,1,1,1,0,0,0,1,0,1,0,0,1,1,1,0,0,0,1,1,0,1,1,1,0,1,1,0,0,0,1,0,0,1,1,0,0,1,1,0,0,1,1,0,1,0,0,1,1,0,1,1,0,0,1,0,1,1,1,1,1,0,0,1,1,1,0,0,1,1,1,0,0,0,1,1
0,0,1,0,1,0,1,0,0,0,1,0,0,0,0,1,1,1,0,1,0,1,0,0,0,1,1,0,1,1,1,1,0,1,1,0,1,0,0,0,1,0,0,0,0,0,0,1,1,1,0,0,1,0,1,1,0,1,1,0,0,0,1,1,1,1,0,0,0,0,0,0,1,1,1,0,1,0,0,0,0,1,0,1,1,1,1,1,0,1,1,0,1,0,1,1,0,0,1,0,1
1,0,0,0,1,1,0,1,0,1,1,1,0,1,1,0,1,1,0,0,1,0,1,1,1,0,0,1,1,0,0,0,1,1,0,1,0,1,1,0,0,0,1,0,0,0,0,0,1,1,0,0,0,1,1,1,0,0,0,0,1,0,1,0,1,1,0,0,0,1,1,1,1,1,0,0,1,1,1,0,0,1,1,1,1,1,1,1,1,0,1,1,1,0,0,1,1,0,0,1,1
1,1,0,0,0,1,0,1,0,1,0,0,1,1,1,1,0,1,0,0,1,1,0,0,0,1,1,1,0,1,1,1,0,1,1,1,1,1,1,0,0,1,1,0,1,1,1,0,0,0,0,1,0,1,1,0,1,0,1,1,1,1,0,1,1,0,0,1,0,1,0,1,1,1,0,0,0,0,1,1,0,0,1,1,1,1,0,0,0,0,1,0,0,1,0,1,0,1,1,0,1
0,0,0,1,1,1,0,1,0,1,1,0,0,1,1,1,1,0,0,1,0,1,0,1,1,0,1,0,0,0,1,0,0,1,1,0,0,0,1,0,0,0,0,0,0,1,1,1,0,1,1,1,0,0,1,1,1,1,0,0,0,1,0,0,0,1,1,0,0,0,0,1,0,0,1,0,0,0,1,1,1,0,0,1,0,0,0,0,1,1,1,0,1,0,1,1,0,0,1,1,1
1,0,0,0,0,0,0,0,1,0,1,0,1,0,1,0,1,1,1,1,1,1,1,0,0,1,0,1,0,0,0,0,1,0,0,0,1,0,0,1,0,0,0,0,0,0,0,1,0,1,0,1,1,0,1,0,0,0,0,0,1,1,0,1,1,0,0,0,1,0,1,0,0,0,1,0,0,1,1,1,0,1,1,1,0,0,0,0,0,0,0,0,1,1,1,0,1,0,1,1,0
1,0,1,1,0,1,0,0,1,0,1,1,0,0,1,0,0,0,1,1,1,0,0,0,1,0,0,0,1,1,1,0,1,1,1,0,0,0,0,1,0,0,1,0,0,0,1,1,1,0,0,1,0,1,1,0,0,0,0,1,0,1,0,0,0,0,1,1,1,0,1,1,0,1,1,1,0,1,0,0,1,1,0,0,0,0,1,1,0,1,1,1,0,0,1,0,1,0,0,0,1
0,1,1,1,1,1,1,0,1,0,0,0,1,1,1,0,0,1,1,0,0,1,0,0,1,0,1,1,0,0,0,0,1,1,0,0,1,0,0,1,0,1,0,1,1,1,0,1,1,0,0,1,1,0,0,1,1,1,1,1,0,1,1,1,0,0,0,1,0,1,1,0,1,0,1,0,1,1,1,0,1,1,0,0,0,0,0,0,0,0,1,1,1,1,0,0,1,0,0,1,0
0,1,0,0,1,0,1,1,1,1,0,0,1,1,0,0,0,0,0,0,0,1,1,0,0,0,0,0,1,1,0,0,1,0,1,0,0,1,1,1,0,0,0,0,1,0,0,1,0,0,0,0,1,1,1,1,0,1,1,1,1,1,1,1,0,1,1,0,0,0,1,1,0,1,0,0,0,1,0,1,1,0,0,0,0,1,0,1,1,0,0,1,1,0,1,1,0,0,0,0,1
1,1,0,0,1,0,0,1,1,1,0,1,1,1,1,1,0,0,1,0,0,0,0,1,0,1,1,0,1,0,1,1,1,0,1,1,0,0,0,1,0,1,0,0,0,0,0,0,0,0,1,1,0,1,0,0,0,0,1,1,0,0,1,0,1,0,0,0,0,1,0,0,0,0,1,1,0,0,0,1,1,1,1,0,0,0,1,0,0,0,1,1,0,0,0,1,0,1,1,0,1
0,0,1,0,1,0,1,0,0,1,0,0,0,0,0,1,0,0,0,0,1,0,0,1,1,0,1,1,1,0,0,0,0,1,1,1,0,0,1,1,1,0,0,1,1,1,1,0,1,0,1,1,1,0,1,1,1,1,1,1,0,0,0,1,1,0,1,0,0,0,1,0,0,0,0,1,0,1,1,0,0,1,1,0,0,1,1,0,1,0,0,0,1,0,0,1,1,1,0,0,1
1,0,0,1,1,1,0,1,1,0,1,0,0,0,1,1,1,1,0,0,1,0,1,0,0,0,1,0,1,0,0,0,1,0,0,0,0,1,1,1,1,1,0,0,1,0,1,1,1,1,1,1,1,0,0,1,0,0,1,0,0,0,0,0,1,0,0,0,1,0,1,0,1,1,0,1,1,1,1,0,0,1,0,1,1,0,0,0,0,1,0,1,0,0,1,1,0,1,1,0,1
0,1,1,1,0,0,0,0,1,0,1,0,0,1,1,0,0,1,1,0,1,1,1,1,0,0,1,1,0,0,0,0,1,1,1,1,0,0,0,0,0,0,1,0,0,1,1,1,1,0,1,0,0,0,1,1,0,1,0,0,0,0,0,0,1,1,0,0,0,0,1,1,1,1,0,0,1,0,0,1,0,1,1,1,0,1,0,1,1,0,1,0,1,1,0,0,0,0,0,0,0
0,0,1,0,1,0,1,1,1,0,1,1,0,0,1,1,1,1,0,1,1,0,0,1,0,1,1,1,0,0,1,0,1,1,0,0,0,1,1,0,1,0,1,0,0,1,1,1,0,1,1,0,0,1,1,0,0,1,0,1,1,1,0,0,0,0,0,1,1,0,1,1,0,1,0,0,1,1,0,0,1,1,1,1,1,1,0,0,0,0,0,0,1,1,0,0,0,0,1,0,1
0,0,0,1,0,1,0,1,1,0,0,0,0,1,1,0,0,1,0,1,1,1,1,1,0,1,0,1,1,1,1,0,0,1,1,1,0,0,1,0,1,1,0,1,0,1,0,0,0,1,1,1,0,1,1,1,0,1,0,0,0,0,0,1,1,0,0,0,0,1,1,0,0,0,1,0,1,1,1,0,1,0,1,0,0,1,1,0,0,1,0,1,1,0,0,0,0,1,1,1,1
1,1,0,1,0,0,1,1,0,0,0,1,1,1,1,1,1,1,0,0,1,0,1,1,1,0,1,0,1,1,0,1,1,1,0,0,1,0,1,1,0,1,0,1,1,1,1,0,0,0,0,0,0,0,1,0,1,0,1,1,1,0,0,0,1,1,1,0,0,1,1,1,1,0,1,1,0,1,0,1,1,0,1,1,0,1,1,0,1,0,0,1,1,1,0,1,0,1,1,0,0
0,1,1,0,1,1,1,1,1,0,0,0,1,0,1,0,1,0,1,0,0,1,0,0,1,1,0,0,1,0,0,1,0,1,0,1,0,1,0,1,1,1,1,0,1,1,1,1,0,1,0,1,0,0,1,1,0,1,0,1,1,0,0,0,0,0,0,1,0,0,0,1,1,1,0,1,1,1,0,0,1,1,0,0,0,0,1,1,1,0,0,0,1,1,0,1,1,1,0,1,1
1,1,1,0,0,0,1,0,1,0,0,0,1,1,1,1,1,1,1,0,1,1,0,0,0,0,1,0,0,1,1,1,0,0,0,1,0,1,0,1,1,1,1,1,0,1,0,0,1,0,0,0,0,0,1,1,0,0,0,1,1,1,0,1,0,0,0,1,1,0,1,1,1,0,1,1,0,0,0,0,1,1,1,1,0,0,0,1,0,1,0,1,1,0,1,1,1,0,1,0,0
1,1,1,0,0,0,1,1,0,1,1,0,0,0,0,0,0,0,0,0,1,0,1,0,0,0,1,0,0,0,1,1,0,0,0,0,0,0,1,0,1,1,1,1,1,1,0,1,1,1,0,1,1,1,0,0,1,0,1,0,0,0,0,1,0,1,1,1,0,1,1,1,0,0,1,1,1,1,0,1,0,0,0,0,1,0,1,1,0,0,0,0,0,1,1,1,0,0,0,0,1
0,1,1,1,1,0,0,1,1,1,0,1,0,0,1,1,0,0,0,0,0,1,1,1,1,1,0,0,0,1,1,0,0,1,0,1,1,0,0,0,1,0,0,1,1,0,1,0,0,0,0,1,1,1,1,1,0,1,1,1,0,1,1,0,1,0,1,0,0,0,0,1,0,0,1,1,0,0,0,0,0,1,0,0,0,0,0,1,1,0,1,1,1,1,1,0,1,1,1,1,1
1,0,1,1,1,0,1,0,0,0,0,1,1,1,1,0,0,0,1,1,1,0,1,1,1,1,1,1,0,0,0,1,1,0,1,0,1,0,1,1,0,0,0,0,1,0,1,1,0,1,0,1,0,0,1,1,0,0,1,0,0,1,1,1,1,0,0,0,1,0,0,1,1,0,0,1,0,1,0,0,0,1,1,1,1,0,1,0,0,1,0,0,0,0,0,1,1,0,0,1,1
1,1,0,1,1,1,0,0,1,1,0,0,1,1,1,1,1,0,1,1,1,0,1,1,1,0,1,0,0,1,0,0,0,1,0,1,0,1,0,1,1,0,0,1,1,0,0,0,0,0,1,1,1,0,0,1,0,0,0,0,1,0,1,1,1,1,0,0,1,0,0,0,0,0,1,0,0,0,0,0,1,0,0,0,0,1,0,1,1,0,1,1,1,1,0,1,1,0,0,1,0
1,1,1,0,0,1,0,0,1,1,0,1,0,1,1,0,1,1,1,1,1,1,1,0,1,0,0,0,1,1,0,0,1,0,0,1,1,1,1,1,1,0,0,0,0,0,0,0,1,0,0,1,0,1,1,1,0,1,0,0,0,1,0,0,1,0,1,0,1,0,1,0,0,1,1,1,1,1,0,0,0,0,0,1,1,0,1,1,0,1,0,0,1,0,0,1,0,1,0,1,1
1,1,1,0,0,0,0,0,1,1,0,0,1,1,0,0,1,0,1,1,1,1,1,0,0,0,1,1,0,0,0,1,0,0,0,0,0,0,1,0,0,1,1,0,0,1,1,0,1,0,1,0,0,1,1,0,0,0,1,0,1,0,0,1,0,0,1,1,1,1,1,1,0,1,1,1,0,1,1,1,1,0,0,0,0,1,0,0,0,1,0,1,1,1,0,1,1,1,0,0,1
0,0,0,0,0,0,1,1,1,0,1,0,1,0,1,1,0,0,1,1,0,1,0,1,0,0,0,0,0,0,1,1,0,0,0,1,1,1,1,1,1,0,1,0,1,1,0,0,0,1,0,0,1,1,1,0,0,1,0,0,1,0,1,0,1,0,0,1,1,1,0,0,0,1,0,1,1,1,1,0,1,0,1,1,0,0,0,0,0,0,1,0,0,0,0,1,1,1,0,0,0
0,0,1,0,1,0,0,1,0,0,0,0,0,0,0,0,1,1,1,0,1,0,1,1,0,1,0,1,1,0,1,0,1,0,1,1,0,1,0,1,1,1,0,0,0,0,0,1,0,1,0,1,0,0,0,1,1,1,0,0,1,1,0,0,0,1,1,1,0,1,1,0,0,0,0,1,0,1,0,0,0,1,0,0,1,1,1,1,0,1,0,0,0,0,0,0,1,0,1,0,1
1,0,0,0,1,0,1,1,0,0,0,0,1,1,1,0,0,1,0,1,0,0,1,0,1,0,1,1,0,0,1,1,1,0,1,1,0,0,1,1,1,0,0,1,0,0,1,0,1,0,0,0,1,1,1,1,0,0,0,0,1,0,0,1,0,0,0,0,0,0,0,1,0,0,0,0,0,0,1,0,1,0,1,0,0,0,0,0,0,0,0,0,1,0,1,1,1,0,1,0,1
0,0,0,0,1,0,0,0,1,0,1,0,1,0,1,1,0,0,0,0,1,0,1,1,1,1,0,1,1,0,1,1,0,1,1,0,0,1,0,1,1,1,1,1,1,1,0,1,1,1,0,1,1,0,0,0,0,1,0,0,1,1,0,1,0,0,1,1,0,1,0,0,0,0,0,1,1,1,0,0,0,1,0,1,0,1,1,0,1,0,0,0,0,1,1,0,1,0,1,1,1
1,1,1,1,1,1,0,0,1,0,1,0,1,1,1,1,1,0,0,0,0,0,1,1,1,1,0,1,0,0,0,0,1,0,0,1,1,0,1,1,1,1,1,0,0,1,0,0,0,0,0,0,0,0,1,0,0,1,0,1,0,1,1,1,1,1,0,0,0,0,0,1,1,1,1,1,1,1,0,1,1,0,0,0,1,0,0,1,1,1,0,0,0,0,0,1,1,1,0,1,1
0,0,1,1,1,0,1,0,0,0,1,0,0,0,0,1,1,1,0,0,1,1,0,0,0,1,0,0,1,1,0,1,0,0,0,1,1,1,0,1,0,1,0,1,0,0,0,0,0,0,1,0,1,1,0,1,0,1,1,0,0,0,1,0,0,0,0,1,0,0,0,0,0,1,0,0,0,1,1,1,1,0,0,1,0,0,1,1,0,1,0,0,0,1,0,1,1,1,0,1,0
1,0,0,0,1,1,1,1,0,1,0,1,0,1,0,0,1,0,1,0,0,1,0,0,1,0,1,0,0,1,0,1,1,1,1,1,1,0,1,1,0,1,1,0,1,1,1,1,1,0,0,1,1,1,1,1,0,0,1,0,1,1,1,1,0,1,1,1,1,1,0,1,1,1,0,0,1,1,1,0,0,1,0,0,1,0,0,0,1,1,0,0,0,0,0,0,1,0,0,0,1
0,0,1,1,1,0,1,0,1,1,1,1,0,0,1,0,1,0,0,0,1,1,0,1,0,0,1,1,1,0,0,0,1,0,0,1,0,0,0,1,1,0,0,0,0,0,0,1,1,1,0,0,0,1,0,0,1,1,1,0,0,0,0,0,0,0,1,1,1,1,1,0,1,1,0,0,1,1,0,0,0,1,0,0,1,0,0,0,0,1,1,1,1,0,1,1,1,0,1,1,0
1,0,1,1,0,0,1,1,1,1,1,1,1,0,1,0,1,0,0,0,1,0,1,0,1,1,0,0,0,1,1,1,0,0,1,1,0,0,0,1,0,1,0,0,0,1,0,1,0,0,1,1,1,1,1,0,1,1,0,1,0,0,0,1,0,1,0,1,0,0,1,1,1,1,0,1,1,0,0,1,0,0,1,1,0,0,1,1,0,0,1,0,0,1,1,0,0,1,0,0,1
1,1,1,0,0,1,0,0,1,0,1,1,0,1,0,1,1,1,0,1,1,0,0,1,1,0,1,0,0,1,0,1,1,0,0,1,1,1,1,1,1,1,1,1,0,1,0,1,0,1,0,0,1,0,0,0,1,1,1,0,1,0,0,0,1,1,0,1,0,1,0,1,1,0,1,1,0,1,1,0,1,1,0,0,1,0,0,0,1,1,0,0,1,0,0,0,0,1,0,1,1
1,0,0,1,0,0,1,1,1,0,0,1,0,0,1,0,0,0,0,1,0,1,0,1,0,1,1,0,1,0,1,0,1,0,1,1,1,0,1,1,1,0,1,0,0,0,0,1,0,1,0,1,1,1,0,1,0,1,1,0,0,0,0,1,0,1,0,1,0,0,1,0,0,0,0,0,1,1,1,0,1,1,1,0,1,1,0,0,0,0,0,1,1,1,1,0,1,0,1,1,1
1,0,0,0,1,0,1,0,0,1,0,1,0,0,0,1,0,0,1,0,0,1,1,1,0,1,0,1,0,0,0,0,0,1,0,0,0,1,1,1,0,0,0,1,0,1,0,1,1,1,1,0,0,1,1,0,0,1,1,1,1,1,0,1,1,0,0,0,0,0,0,0,0,1,0,0,0,1,0,1,0,1,0,0,1,1,1,0,0,0,0,0,1,1,0,1,1,1,0,0,1
0,1,0,1,1,1,0,0,1,1,0,0,1,0,0,0,1,0,1,1,1,0,1,1,1,0,0,0,1,1,0,0,0,0,1,1,1,0,0,0,0,1,1,1,1,0,0,1,0,0,0,0,0,0,0,1,1,0,0,1,0,0,0,0,0,1,1,0,0,0,0,1,0,1,1,0,1,0,0,1,1,0,1,1,1,1,0,1,1,0,1,0,0,1,1,0,1,1,0,0,0
0,1,0,0,0,0,0,1,1,1,1,1,1,1,0,0,0,0,0,0,0,0,0,0,1,0,1,0,0,1,1,0,1,0,0,0,0,0,0,0,1,0,1,0,1,1,1,0,0,1,0,0,1,1,1,0,0,1,0,0,1,0,0,1,1,0,1,1,1,1,1,1,1,1,0,0,1,0,1,1,0,1,1,0,0,1,1,1,1,0,1,1,0,0,0,1,0,0,1,0,1
0,1,1,0,0,1,0,1,0,1,0,0,1,0,0,1,0,1,0,1,0,0,1,0,1,1,1,0,0,1,1,1,0,1,1,0,1,0,1,0,0,1,0,0,1,0,0,0,0,0,0,1,0,1,1,0,0,1,1,0,1,1,1,0,0,1,1,1,1,0,0,0,1,1,0,0,1,0,1,0,0,0,1,0,0,0,1,0,1,0,1,1,0,0,1,1,0,0,1,1,1
1,1,0,1,0,0,1,1,1,1,1,0,1,1,1,1,1,0,0,1,0,1,0,0,1,1,1,0,0,1,0,0,1,1,0,1,1,1,1,1,0,0,1,1,0,1,0,1,1,0,1,1,1,1,1,0,0,1,0,0,0,0,1,1,0,1,0,1,1,1,0,0,0,0,0,1,0,0,0,1,1,0,1,1,0,0,1,1,1,0,0,1,1,0,1,0,1,0,0,1,0
1,1,0,1,0,1,0,1,1,1,0,0,1,0,0,0,1,1,0,1,1,1,1,1,1,0,1,1,1,1,0,1,0,0,0,1,0,0,0,0,1,1,1,0,0,1,0,1,1,1,0,1,1,1,0,0,0,1,1,1,0,0,1,1,1,1,1,0,0,0,1,1,0,1,0,1,0,0,1,0,0,1,1,0,1,1,1,1,1,0,1,0,1,0,0,0,1,1,1,1,1
0,0,0,0,1,0,0,1,1,0,0,1,0,0,1,1,1,0,1,1,1,1,1,0,1,0,0,1,1,1,0,0,0,1,1,0,1,1,0,0,1,1,1,0,1,0,0,0,0,1,0,1,1,1,0,1,1,1,1,0,0,1,0,0,1,1,1,0,0,1,1,1,0,0,1,1,1,1,0,0,1,1,1,0,1,0,0,1,0,0,1,0,0,1,0,1,0,1,1,1,0
1,0,1,1,1,0,1,1,0,1,0,0,1,0,0,1,0,1,0,1,0,0,1,1,1,0,0,1,0,1,0,1,1,0,0,0,0,0,1,1,1,1,0,0,1,1,1,1,1,0,0,1,1,0,0,0,1,1,0,0,0,1,1,1,0,1,0,0,0,1,0,0,1,0,1,0,0,1,0,1,1,0,0,1,0,1,1,1,1,1,0,0,0,0,1,0,1,1,0,1,1
0,1,1,1,0,0,1,0,1,0,0,0,1,0,0,1,0,0,0,0,1,0,1,1,1,1,1,1,0,1,1,1,0,0,0,0,0,1,0,1,1,1,1,0,1,0,0,1,0,0,1,0,0,1,0,0,0,0,0,1,1,1,0,1,1,0,0,0,0,0,1,1,0,0,0,1,0,1,1,0,0,1,0,0,0,1,0,1,0,0,1,0,1,0,1,1,1,0,0,1,0
0,0,0,0,1,1,1,1,1,0,0,1,1,0,0,0,0,0,1,0,1,0,1,1,1,0,0,0,1,0,1,1,1,0,0,1,1,1,1,1,1,1,1,0,0,1,1,1,1,0,0,1,1,0,1,0,0,0,0,1,0,1,1,0,1,0,0,1,0,0,1,0,0,1,1,1,0,0,1,0,0,0,1,1,1,0,1,0,0,1,0,0,0,0,1,0,0,0,1,1,1
0,0,0,1,0,1,0,0,0,0,0,0,0,1,1,0,1,0,1,1,1,0,0,1,0,1,1,0,1,1,0,1,1,1,1,0,0,1,1,1,0,0,1,1,0,0,1,1,1,0,1,0,1,0,1,1,0,1,1,0,0,0,0,1,0,0,0,1,0,0,1,0,0,0,1,0,1,1,1,1,0,0,0,0,0,0,1,1,1,0,0,0,1,0,1,0,1,1,0,1,0
0,0,1,0,0,1,0,0,0,1,0,0,0,0,1,1,1,1,1,1,0,1,0,0,0,0,0,0,1,1,1,1,1,1,0,0,0,0,0,1,1,1,0,1,1,1,1,0,1,0,0,0,1,1,1,0,1,1,0,0,0,0,1,1,1,1,1,0,0,0,1,0,0,0,1,1,0,0,1,0,1,0,1,0,1,1,1,0,0,1,0,1,0,0,0,1,1,1,0,0,0
0,0,0,1,1,1,0,1,0,1,0,1,1,0,0,1,1,0,1,1,1,1,1,1,0,0,1,1,0,0,1,1,1,0,0,1,1,1,0,0,0,0,1,1,1,1,1,1,1,0,0,1,1,0,1,1,0,1,1,1,0,1,1,1,1,1,0,0,0,0,0,0,0,1,1,0,0,0,1,0,0,0,1,0,1,1,1,0,0,0,1,1,0,0,0,1,0,0,1,1,0
1,1,0,1,0,0,1,1,1,0,1,0,0,1,1,1,1,0,0,1,0,0,1,1,1,1,1,0,0,1,0,0,0,1,0,1,1,1,0,1,0,0,1,1,0,1,1,0,1,1,1,1,0,0,1,0,1,1,1,1,1,0,0,0,0,0,1,0,0,0,0,0,0,0,1,1,1,1,1,0,0,1,0,1,0,1,1,0,1,1,0,1,0,0,0,1,0,0,1,1,0
0,0,0,1,0,0,1,0,0,0,0,1,0,1,1,0,0,1,1,1,1,0,1,0,1,1,0,0,1,1,1,0,0,0,1,1,1,0,1,1,0,0,0,1,0,1,0,0,1,0,0,0,1,0,1,1,0,1,0,0,1,1,0,0,0,0,1,1,1,1,0,1,0,1,1,1,0,0,1,1,1,0,0,1,1,0,0,1,1,0,1,1,1,0,0,0,1,1,0,1,1
0,0,1,0,0,1,0,0,1,0,1,0,1,0,0,1,0,1,1,1,1,0,1,0,0,0,1,0,1,0,1,0,1,1,0,1,1,0,0,1,0,0,0,1,0,0,1,1,1,1,0,0,0,0,0,1,1,1,1,1,0,1,1,0,1,1,1,1,1,0,0,0,1,1,0,0,0,0,0,0,1,0,0,1,0,0,0,1,0,0,0,1,1,1,0,1,0,1,1,0,1
0,0,0,0,0,0,0,1,0,1,1,0,0,0,0,1,1,1,0,1,1,1,0,1,1,1,0,1,1,0,1,0,1,0,0,1,1,0,0,0,0,1,0,0,1,0,0,1,1,0,1,1,1,1,1,0,0,1,1,0,0,1,1,1,1,1,1,0,0,1,0,1,1,1,0,0,1,0,1,1,1,0,1,0,1,1,0,0,0,1,0,0,0,0,1,1,1,0,0,0,1
1,1,0,0,1,0,0,0,0,1,1,0,1,0,1,1,0,1,1,1,0,0,1,0,0,1,1,1,0,1,1,1,0,1,1,1,0,1,1,1,0,1,1,1,0,0,0,1,0,1,1,1,0,1,0,0,1,0,0,1,1,1,0,0,0,0,0,1,1,0,1,0,1,1,0,0,0,0,1,1,0,1,1,1,1,1,1,1,1,1,1,0,0,1,1,0,1,0,0,1,1
1,1,1,0,1,0,0,0,0,1,0,0,0,0,0,0,0,0,0,1,1,0,1,1,0,1,0,0,1,0,0,0,0,0,0,1,1,0,1,0,0,1,1,1,1,0,1,0,1,0,1,1,0,1,1,0,0,0,0,0,1,1,1,0,1,1,1,1,0,1,0,1,0,0,1,0,0,1,1,1,1,1,1,1,0,1,1,1,1,0,0,0,1,0,0,0,1,1,0,1,1
1,0,1,0,0,0,0,1,0,0,0,0,1,0,0,1,0,0,0,0,0,0,0,0,0,1,1,0,1,1,0,0,1,0,1,1,1,0,0,1,1,1,1,0,1,0,0,0,0,0,1,1,0,1,1,0,0,1,0,1,1,0,1,1,0,1,0,0,0,0,1,1,1,1,0,0,1,1,0,0,1,1,0,1,1,1,1,0,0,1,0,1,1,1,1,0,1,0,0,1,1
0,1,1,0,0,1,0,0,0,0,0,1,1,0,1,1,0,0,0,0,1,0,0,0,0,0,0,1,0,0,0,1,1,1,0,1,0,0,0,1,1,1,1,1,0,0,1,0,0,1,0,1,0,0,0,1,1,1,0,1,0,0,0,0,0,1,1,1,0,0,1,0,1,0,1,1,0,0,0,0,0,0,1,0,0,0,0,0,1,0,0,0,0,1,1,1,1,0,0,1,1
1,1,1,0,0,1,0,0,1,0,1,1,0,0,1,1,0,1,0,0,0,0,0,1,0,1,0,0,0,0,0,1,0,1,0,1,0,0,0,0,0,1,1,0,0,1,1,0,0,0,0,1,1,0,1,0,1,1,1,0,0,1,0,1,1,1,1,0,0,0,0,0,1,0,1,1,0,0,1,1,1,0,1,0,1,1,0,0,1,1,0,0,1,1,0,0,1,1,1,0,1
0,1,1,1,0,1,1,1,0,1,0,1,1,0,0,1,1,1,0,0,0,0,0,0,0,1,0,1,1,0,0,0,1,1,0,0,1,1,0,1,1,0,1,1,0,0,0,0,0,0,1,0,0,0,0,1,1,0,0,1,1,1,0,0,1,1,0,1,1,1,0,1,0,0,1,1,1,1,0,1,0,0,1,0,1,1,1,1,1,0,1,0,1,1,1,0,1,1,0,0,1
1,0,0,0,1,1,0,0,0,0,0,1,0,1,1,1,0,1,1,0,0,0,1,0,1,0,0,1,0,1,0,0,0,1,0,1,1,1,1,0,0,0,0,1,0,1,0,1,0,0,0,1,0,0,1,1,1,1,0,0,1,0,0,0,1,0,1,0,0,0,1,1,0,1,0,0,1,1,1,1,1,0,1,1,0,0,0,0,1,0,1,1,0,1,1,0,1,0,0,1,1
1,1,0,1,1,0,0,0,1,0,1,1,1,0,0,1,1,0,1,1,1,1,1,1,1,0,1,0,1,1,0,0,0,1,1,1,0,0,1,1,1,0,1,1,0,0,0,0,0,0,1,0,1,1,1,1,0,1,0,0,0,0,0,1,1,0,0,0,1,1,1,0,1,0,0,1,1,0,1,1,0,1,0,1,0,0,1,0,1,0,1,0,0,1,0,1,1,1,1,0,1
1,0,0,1,0,0,1,1,1,1,1,1,0,0,0,1,0,0,0,0,0,1,0,0,1,1,0,0,0,0,0,1,0,0,1,1,0,0,1,1,1,1,1,1,1,0,0,1,1,0,0,0,1,1,1,0,0,1,1,1,0,1,0,1,1,1,0,0,1,1,0,0,1,1,1,1,0,0,1,0,0,1,1,1,0,0,0,1,0,1,0,0,1,0,1,0,0,1,1,1,1
0,1,0,0,1,0,1,1,0,0,1,1,1,1,0,0,0,0,0,0,0,0,1,1,1,0,0,1,1,0,0,0,0,0,0,0,0,0,1,1,0,1,1,1,0,0,1,1,0,0,0,0,0,0,0,1,0,1,0,1,1,1,0,0,1,0,1,0,1,1,0,1,0,1,1,0,0,1,1,0,1,1,1,0,1,0,1,0,0,0,0,1,0,0,0,0,0,0,1,0,1
0,1,0,0,1,1,0,0,1,0,0,0,0,1,1,0,1,1,0,0,0,1,0,1,1,1,1,1,1,0,0,0,0,1,1,1,0,0,0,1,0,0,1,0,1,0,0,0,1,0,1,1,1,1,0,0,1,1,0,1,1,1,1,1,0,0,0,0,0,0,0,0,0,0,0,1,1,1,1,0,1,0,0,1,1,0,0,0,1,1,0,0,1,0,0,1,0,0,0,1,1
0,0,0,1,0,1,1,0,0,1,0,1,1,1,1,1,1,0,0,1,1,0,1,0,0,0,0,0,1,0,1,1,1,0,0,0,0,1,1,1,0,1,0,0,0,1,1,0,0,1,1,1,1,0,0,1,1,1,1,0,0,0,0,0,1,1,0,0,0,0,0,1,0,1,0,0,1,1,1,0,0,1,1,0,1,0,1,1,1,0,1,1,1,0,0,1,0,0,1,0,0
0,1,1,1,1,1,0,1,1,0,0,1,0,1,0,1,1,0,1,1,1,0,1,1,0,0,1,1,0,1,1,0,1,1,0,0,0,0,0,0,1,1,1,1,0,0,0,0,1,1,1,1,0,0,0,0,0,1,0,0,0,0,0,1,1,1,0,1,0,1,0,0,1,0,1,1,0,1,1,1,0,1,1,0,1,0,1,1,1,1,0,1,1,0,0,1,0,0,0,0,0
1,0,0,0,0,1,1,1,0,0,1,0,0,0,0,0,1,0,1,0,0,0,1,0,0,1,0,0,0,1,1,1,1,1,1,1,0,1,0,1,1,0,0,0,0,0,1,1,1,0,1,1,0,1,0,0,1,0,0,0,0,0,0,1,1,0,1,0,0,0,0,0,1,0,1,0,1,1,0,1,0,1,1,1,0,1,0,1,1,1,0,1,1,0,0,1,0,1,0,1,1
0,0,0,0,0,0,0,1,0,1,1,1,0,0,0,0,1,0,1,1,0,0,1,0,0,0,1,1,0,1,1,1,1,1,1,1,1,0,1,1,0,0,1,0,0,0,0,0,1,0,1,0,0,0,1,1,1,0,0,0,1,1,1,1,1,0,0,1,0,0,1,0,0,0,1,0,0,0,1,0,0,1,0,0,1,1,1,0,0,1,0,0,0,0,0,0,0,0,0,0,1
1,1,1,1,1,1,1,1,1,0,0,0,0,1,0,0,0,1,0,1,0,1,1,1,0,0,0,0,1,1,0,0,1,0,0,0,0,0,0,0,1,1,0,0,0,0,0,0,1,0,0,1,0,1,1,1,0,1,0,1,0,1,0,0,0,0,0,0,1,0,1,0,0,1,1,0,0,1,0,1,0,1,0,0,1,1,1,1,0,0,1,1,1,1,1,0,1,1,0,1,1
0,1,0,0,0,1,0,1,0,1,0,0,1,0,0,1,1,0,1,1,0,1,1,0,0,1,1,1,0,0,0,0,1,1,1,1,0,0,0,0,1,0,0,1,1,1,0,1,0,0,1,1,1,1,0,1,0,0,0,0,0,1,0,1,1,1,0,1,1,1,1,1,0,1,0,1,1,0,0,0,0,1,1,1,0,1,1,0,0,0,0,0,1,1,1,0,1,1,1,0,1
1,0,0,0,0,1,0,0,1,0,1,1,1,1,1,1,0,0,0,1,1,0,1,0,0,1,0,0,1,0,0,0,0,1,0,1,0,0,1,1,1,0,0,0,1,1,1,0,1,1,0,0,1,1,1,1,1,1,0,0,1,0,1,1,0,1,0,0,1,0,1,0,0,1,1,1,1,1,1,0,1,0,0,1,1,1,1,0,1,1,1,0,0,1,0,1,0,0,1,1,1
0,1,0,1,0,0,0,1,1,1,1,0,0,1,0,1,1,0,0,1,1,0,0,0,1,0,1,1,1,1,1,1,0,0,1,1,0,1,1,0,0,0,1,1,0,0,0,1,1,1,1,0,1,0,1,0,0,0,1,1,1,1,1,1,0,0,1,1,1,1,1,1,0,1,1,1,0,1,1,1,1,0,1,1,0,1,1,1,0,1,1,1,0,0,1,1,0,1,0,0,1
1,1,1,0,1,1,1,0,0,1,1,1,0,1,1,0,1,0,0,0,0,0,1,0,1,1,1,1,1,0,0,0,1,0,0,1,1,1,0,0,0,1,1,0,1,1,1,1,0,1,1,1,1,0,0,0,0,0,1,1,0,1,1,0,0,0,0,0,0,1,0,0,0,1,1,1,1,1,0,1,0,1,0,1,1,0,1,1,0,0,1,1,1,0,0,1,1,1,1,0,1
0,0,0,0,1,0,1,1,0,1,0,1,0,1,0,1,1,0,0,0,1,0,0,1,1,0,0,1,1,1,0,1,1,0,1,1,1,0,0,0,1,1,1,1,1,0,1,0,1,1,0,1,1,0,1,1,0,1,0,0,1,1,1,0,1,0,1,1,0,1,1,1,0,1,0,1,1,0,1,1,0,0,1,1,0,0,0,1,1,1,1,1,0,1,1,1,0,0,1,0,1
0,0,0,0,0,0,0,1,1,0,0,1,0,0,1,0,1,1,1,1,0,1,0,0,1,0,0,0,0,0,1,1,0,0,0,1,0,1,1,1,0,1,1,1,1,0,0,0,0,0,1,1,0,1,0,1,0,0,1,1,0,1,1,1,0,1,0,0,0,0,0,0,0,1,0,1,1,1,0,0,0,1,0,0,1,1,1,0,0,1,0,1,1,1,1,1,1,0,0,0,1
1,1,1,0,1,1,1,1,1,0,0,1,1,1,0,0,0,1,0,1,1,0,0,0,1,1,1,1,0,1,1,0,0,1,1,1,0,1,1,1,1,0,0,1,1,1,1,0,0,0,1,1,1,1,1,0,1,1,1,0,1,0,0,0,0,0,1,1,0,1,1,1,1,1,1,1,0,0,0,0,0,0,1,0,1,0,0,0,0,0,0,0,0,0,0,0,0,0,0,1,1
1,1,0,1,1,0,1,1,1,1,1,0,0,1,0,1,0,1,0,0,1,0,1,1,0,1,1,1,0,1,0,0,1,1,1,0,1,0,1,0,0,0,1,1,0,1,0,1,1,0,1,0,1,0,0,0,0,1,1,0,0,0,1,0,0,1,1,0,0,1,1,1,1,0,0,0,0,1,0,1,1,0,1,1,0,0,1,0,0,1,1,0,0,0,0,1,0,1,0,0,1
0,0,1,0,1,1,0,1,1,0,1,0,0,1,1,1,1,1,0,0,1,1,0,1,1,1,0,1,0,0,0,0,0,0,0,1,1,0,0,0,1,0,1,1,1,1,1,0,1,0,0,0,1,1,0,0,0,0,1,0,0,0,0,1,0,1,0,1,0,1,0,1,0,0,1,1,0,0,0,1,1,0,1,1,0,1,0,0,0,0,1,0,1,1,1,1,1,0,0,1,0
0,1,1,1,1,0,1,1,0,1,0,0,0,0,0,1,1,0,1,1,1,1,1,1,0,1,1,1,0,1,0,0,1,1,0,0,1,0,1,0,1,1,0,1,1,0,1,0,0,0,0,0,1,0,1,1,0,1,1,0,1,1,1,0,0,1,0,1,1,0,1,0,0,1,0,0,1,0,0,0,1,0,1,1,1,1,0,0,1,0,1,1,0,1,0,0,0,0,1,1,0
0,1,0,1,1,0,0,0,0,0,0,1,1,0,1,0,1,0,0,1,0,0,0,0,0,0,0,0,1,0,1,1,1,0,1,0,1,1,1,1,0,0,0,0,1,0,0,1,1,1,0,0,1,0,1,1,0,1,1,0,0,1,0,1,1,1,1,1,0,0,1,0,0,0,0,0,1,0,0,0,1,0,0,1,1,1,0,0,0,0,1,1,1,0,1,0,1,0,1,0,1
1,0,0,0,1,1,0,1,1,1,0,1,0,0,0,1,0,0,1,1,1,1,1,0,1,0,0,1,1,0,0,0,1,0,1,1,0,1,0,1,0,0,0,0,0,0,0,0,0,1,1,1,0,0,0,1,0,0,1,1,1,0,1,1,0,1,0,1,0,1,0,0,0,0,1,0,1,1,0,0,0,0,1,1,0,1,0,0,0,1,1,0,1,0,1,1,0,1,0,0,1
0,1,0,1,0,0,1,0,1,1,1,0,0,0,1,1,0,1,1,1,0,0,0,1,0,1,0,0,1,0,0,0,0,0,0,1,1,0,1,1,1,0,1,0,1,1,0,1,1,0,0,1,1,0,0,0,0,1,0,1,0,1,1,0,0,1,1,1,1,0,1,0,1,0,1,1,1,1,1,0,1,1,0,1,0,1,0,1,0,1,0,1,1,1,1,1,1,1,0,0,0
0,0,1,1,1,1,1,1,0,1,1,1,1,0,0,0,1,1,1,0,1,0,0,0,0,0,0,0,1,1,0,0,0,1,0,0,0,1,1,0,1,1,0,0,1,0,1,1,0,0,0,0,0,1,0,1,0,0,0,0,0,0,0,0,0,0,0,0,1,1,1,1,1,0,0,1,1,0,0,1,0,1,1,0,1,1,0,0,0,0,1,1,1,1,0,0,0,0,1,1,1
1,0,0,0,1,1,0,0,0,1,1,1,0,1,1,1,0,1,0,1,0,0,1,0,0,0,1,1,1,0,0,1,1,1,0,1,1,1,1,1,1,1,1,0,1,1,0,1,0,0,0,0,0,0,1,1,0,1,0,1,0,0,0,0,1,0,0,1,1,0,0,0,0,1,0,0,0,0,0,1,0,0,1,1,1,1,1,1,1,0,0,0,0,0,0,0,0,1,0,0,1
1,1,1,0,0,1,1,1,0,0,0,0,1,1,0,0,1,1,1,1,0,1,1,0,0,1,1,0,0,1,0,1,0,1,1,0,0,1,1,1,0,1,1,1,1,1,0,1,1,0,0,0,0,1,0,0,0,1,0,1,1,1,1,1,0,1,1,0,1,1,0,0,0,0,0,0,0,1,0,1,1,1,1,1,0,0,1,1,1,0,1,0,0,1,0,0,1,1,1,0,1
1,1,0,1,1,0,1,1,0,1,0,0,1,1,1,0,1,0,1,1,0,1,0,1,1,1,1,0,0,1,1,1,1,1,1,1,0,0,1,0,1,1,0,1,0,0,1,0,0,0,0,0,1,1,0,1,0,0,1,0,1,1,0,0,0,1,1,0,0,0,1,1,0,1,1,1,1,0,1,0,0,0,0,1,1,0,0,1,1,1,1,1,0,0,1,1,1,0,0,1,1
1,1,0,0,0,1,1,1,1,0,1,0,1,0,0,1,1,1,0,1,0,0,0,0,1,0,0,0,1,1,1,1,0,1,0,1,1,0,0,1,0,0,0,1,0,0,1,0,1,0,0,1,0,0,1,0,1,0,1,0,0,1,0,0,0,0,1,1,0,1,1,0,0,0,0,0,1,0,1,0,1,0,0,0,1,1,0,0,1,1,0,1,1,1,1,0,0,1,1,1,1
1,1,0,1,1,1,1,1,0,1,1,1,1,1,0,0,1,1,1,0,1,1,0,0,1,0,0,1,1,0,0,0,1,0,1,1,1,1,1,0,1,1,1,1,1,0,0,1,1,0,0,0,0,1,0,0,0,0,1,0,0,1,1,0,1,0,0,1,1,0,0,1,0,1,0,1,1,0,0,1,0,0,0,0,0,0,0,1,1,1,1,1,1,0,0,1,1,0,1,1,1
1,1,0,0,1,1,1,1,1,0,0,1,0,0,0,0,1,1,0,0,0,1,1,1,1,1,1,1,0,0,0,1,0,1,1,0,0,1,0,1,1,1,0,0,0,0,1,0,1,0,1,1,0,1,1,0,0,1,0,0,0,0,0,0,1,0,0,1,0,0,0,0,1,0,0,1,0,0,1,0,1,0,1,1,0,1,1,1,1,1,0,0,0,1,0,1,0,0,1,1,1
0,0,1,0,0,1,0,1,0,0,1,0,0,1,1,0,1,0,1,1,0,1,1,1,1,0,0,0,0,0,1,1,0,0,1,1,0,1,1,0,0,0,1,0,1,0,0,0,0,1,1,1,1,1,0,0,0,0,0,1,0,0,0,1,0,0,1,1,1,0,0,1,1,0,1,0,0,1,0,1,1,0,1,1,0,0,1,0,0,1,1,1,0,0,1,1,1,1,0,0,1
0,0,1,0,0,0,1,1,1,0,0,0,1,0,1,1,1,1,0,0,1,0,0,1,0,1,0,1,0,1,1,0,1,0,1,1,1,1,1,1,0,1,0,1,0,1,0,0,1,0,0,1,0,0,1,0,1,1,1,1,0,1,0,0,0,0,0,1,0,1,0,0,1,0,0,1,1,0,0,1,1,1,0,0,1,0,0,0,1,1,0,0,1,1,1,1,1,1,1,1,0
1,1,1,1,1,1,1,1,0,0,1,0,1,0,0,0,1,0,0,1,1,0,0,1,0,1,0,0,1,0,1,1,0,1,1,1,0,0,0,1,1,1,1,1,0,0,1,1,1,0,0,0,0,0,1,1,1,1,0,0,1,1,1,1,1,1,0,1,1,0,1,1,1,0,0,1,0,1,1,0,0,0,0,0,0,0,1,1,1,1,1,0,1,1,1,1,0,0,1,0,1
0,1,1,1,0,1,1,1,1,0,0,1,0,1,0,0,1,1,1,0,0,1,1,0,0,0,1,0,0,0,0,0,0,1,0,1,1,0,1,1,1,0,0,1,0,1,1,1,0,0,1,1,0,1,1,1,1,0,1,0,1,0,0,0,1,0,0,0,0,1,0,0,0,0,0,0,1,1,1,0,1,0,0,1,1,1,0,1,1,1,1,1,1,1,1,0,1,0,0,1,0
1,0,1,1,0,1,0,1,1,0,1,0,0,1,1,0,0,0,1,0,0,1,1,0,1,1,1,1,0,0,1,0,1,1,0,0,1,1,1,1,0,0,0,0,1,1,0,0,0,0,1,0,1,1,1,0,0,0,0,1,0,1,0,0,0,1,0,0,0,1,1,0,0,1,0,0,1,1,1,1,0,1,0,1,1,1,0,1,1,1,0,1,0,1,0,0,0,0,1,0,0
1,1,0,0,1,1,1,0,1,1,0,0,0,1,1,1,1,1,1,1,0,1,1,1,0,0,1,0,0,1,0,1,1,1,1,1,1,1,0,0,0,0,1,1,1,1,0,1,0,0,1,1,1,1,0,1,0,1,0,1,0,1,1,0,0,1,0,0,0,0,0,0,0,1,0,1,1,0,1,0,1,0,0,0,1,1,0,1,0,1,1,0,1,1,1,1,1,0,0,1,0
0,1,0,0,0,1,1,0,1,0,1,1,0,0,0,0,0,0,0,0,0,0,1,1,1,0,1,0,1,1,0,0,1,0,0,1,1,0,0,0,1,1,1,0,1,1,0,1,0,0,0,0,1,0,0,0,0,1,1,0,0,1,1,1,1,1,0,1,1,0,1,0,0,1,0,1,0,0,1,0,1,0,0,0,1,1,0,1,1,1,0,1,0,0,0,1,1,1,0,1,0
0,0,0,1,1,1,0,0,1,0,0,1,1,0,0,0,1,1,1,1,0,0,0,1,0,0,0,0,0,0,1,1,0,1,0,1,0,1,1,0,0,0,1,0,1,1,0,1,0,0,0,0,1,1,1,1,0,0,1,1,0,0,1,1,0,1,0,1,1,1,1,1,1,0,0,0,1,1,1,1,0,0,0,1,0,1,1,1,0,1,1,0,0,0,0,1,1,0,1,0,1
0,1,1,0,0,0,1,1,0,1,0,1,0,1,1,1,1,0,1,0,1,0,1,1,1,0,0,0,0,1,1,1,0,0,0,1,1,1,1,0,1,0,1,1,0,1,1,0,0,1,0,0,0,0,0,1,1,0,1,0,0,1,0,0,0,0,0,1,1,0,0,0,0,0,1,1,0,1,0,1,0,0,0,0,0,1,1,1,0,0,1,0,1,0,0,0,0,0,0,0,0
0,1,0,0,1,0,1,1,1,1,1,1,1,1,0,1,0,0,0,1,0,1,0,1,1,0,0,1,1,1,0,0,0,0,0,0,1,1,0,1,0,1,1,1,1,0,1,0,1,1,0,1,1,1,1,1,0,0,0,1,0,1,0,1,0,0,0,0,1,1,0,1,0,0,0,1,0,1,1,1,1,0,0,0,1,1,0,0,1,1,1,1,1,1,0,1,1,1,1,0,0
0,0,1,1,0,1,0,0,1,1,0,1,1,1,0,0,0,1,1,1,1,1,0,0,0,0,1,0,1,1,1,0,1,1,0,1,1,1,0,1,0,1,0,1,0,0,0,1,0,0,0,0,1,0,1,0,0,1,0,1,1,1,0,0,1,1,1,1,1,1,0,0,0,1,1,0,1,0,1,0,0,0,0,1,0,0,0,1,0,0,0,0,1,1,1,0,0,0,1,0,0
1,0,1,0,1,0,1,1,1,0,1,1,1,0,0,1,1,1,0,0,0,1,0,0,1,1,1,0,0,0,0,0,0,1,1,0,0,0,1,1,0,0,0,1,1,1,1,1,0,0,0,1,0,0,0,0,0,0,1,0,1,1,0,0,1,0,0,0,1,1,0,1,1,0,0,1,0,1,0,0,0,1,1,1,0,0,1,0,1,0,1,1,0,0,1,1,0,0,1,0,1
0,1,1,1,1,0,0,1,0,0,0,0,0,0,1,0,0,0,0,0,0,1,0,0,0,1,1,0,0,1,0,0,0,0,1,0,1,0,1,0,0,1,0,1,1,1,0,1,1,0,1,0,1,0,0,0,1,1,1,0,1,0,1,1,1,1,1,0,0,0,1,1,0,0,1,0,1,0,0,0,0,0,1,1,0,0,0,0,0,1,0,1,1,0,1,1,0,0,0,1,0
1,1,1,1,0,1,1,1,0,0,0,0,1,0,0,0,0,1,1,1,0,1,1,1,1,0,1,0,1,1,1,0,0,1,0,1,0,1,1,1,0,1,0,1,1,0,1,1,0,1,1,0,0,0,0,0,1,1,1,1,0,0,1,1,0,0,1,1,0,1,0,1,1,0,0,0,0,1,1,1,1,0,1,0,0,0,1,1,0,1,0,1,0,1,1,0,0,1,1,1,1
0,0,1,1,0,1,0,1,0,0,0,0,1,0,1,1,0,1,1,1,1,1,1,1,0,0,0,0,0,1,0,1,1,1,0,1,1,0,0,1,1,0,1,1,1,1,0,0,0,0,0,1,1,0,0,1,0,0,0,1,1,0,1,1,0,0,0,1,1,0,0,0,0,1,0,1,0,1,0,1,1,1,1,1,0,0,1,0,1,1,0,0,1,1,1,0,1,0,0,1,0
0,0,1,1,1,0,0,0,1,0,0,0,0,1,1,1,1,0,1,0,1,0,1,0,0,1,0,0,1,0,0,0,0,0,0,1,0,0,1,0,1,1,1,1,1,0,1,1,0,1,1,1,1,1,0,1,1,1,1,1,1,0,1,0,1,0,1,1,0,0,0,0,1,0,0,0,0,0,0,0,1,1,0,1,0,0,0,0,1,1,1,0,1,0,0,0,1,1,0,1,1
1,0,1,1,1,1,1,0,1,1,0,0,0,1,1,1,0,0,1,1,1,1,1,1,1,1,0,0,0,0,1,1,1,0,0,0,0,1,1,0,0,1,0,0,1,1,0,1,0,1,1,0,1,0,0,1,0,1,0,0,1,1,1,1,0,0,1,1,1,0,0,1,1,0,1,0,0,0,1,0,0,1,0,0,0,1,1,1,0,0,1,1,0,1,0,0,0,1,0,1,1
0,0,1,1,1,1,1,0,0,1,0,1,0,1,1,1,1,1,1,1,1,0,0,0,1,0,0,0,0,1,1,0,1,1,1,0,1,0,0,1,1,1,0,1,0,0,1,0,0,0,0,1,1,0,1,1,1,0,1,1,0,0,0,0,0,1,1,1,0,1,1,1,0,0,1,1,1,0,1,0,0,0,1,0,1,0,0,1,0,1,0,1,1,1,1,0,0,1,1,1,1
1,1,1,0,0,1,0,0,0,1,0,1,0,1,1,0,1,1,1,1,0,0,1,0,0,0,1,1,1,1,1,0,1,1,1,0,0,0,1,1,1,1,1,0,1,1,1,1,1,0,1,0,0,1,0,1,0,0,1,0,1,1,0,0,0,0,1,0,0,1,0,0,0,0,0,0,0,1,0,1,1,0,0,1,0,0,1,1,0,1,0,1,0,0,1,1,0,0,0,0,1
1,1,1,1,1,1,1,1,0,0,0,0,1,0,0,0,0,0,1,1,1,1,1,0,1,0,0,0,0,0,1,0,0,1,1,1,1,0,1,0,1,0,0,1,0,1,1,0,0,0,0,0,0,1,1,0,1,0,1,0,1,0,1,0,0,1,0,0,0,0,0,1,1,1,1,0,1,1,0,0,0,1,0,0,1,1,0,1,1,0,1,1,1,1,1,1,1,1,1,0,1
0,0,0,1,1,1,0,0,0,0,0,0,1,0,1,1,1,0,0,1,0,1,1,1,1,1,1,0,1,1,1,1,0,0,1,1,0,0,1,0,0,1,1,1,0,1,1,0,1,1,0,0,1,1,1,0,0,0,0,1,0,1,0,1,0,1,1,0,1,0,1,1,0,1,1,1,1,0,0,1,1,1,1,1,1,1,0,1,1,0,0,1,0,0,1,1,1,1,0,0,1
0,1,1,0,0,1,1,1,0,0,0,1,1,0,0,1,0,0,0,1,1,0,1,0,0,1,0,1,1,0,0,1,0,1,0,0,1,1,1,1,0,0,0,0,0,0,1,1,1,1,1,1,0,1,0,1,0,0,1,1,1,1,0,0,0,1,0,0,0,1,0,1,1,1,0,1,1,0,0,0,1,0,0,1,1,0,1,1,0,0,0,0,0,1,0,0,0,0,0,0,1
1,1,1,0,1,1,0,0,0,1,1,0,0,1,0,1,0,1,1,1,1,1,0,0,1,0,1,0,1,0,0,1,0,0,1,0,0,1,1,1,0,1,1,0,1,1,1,1,1,1,1,0,1,1,0,0,1,1,1,1,0,1,1,0,0,0,1,0,1,0,0,0,0,1,0,1,0,1,1,1,1,0,0,1,0,0,0,1,0,1,0,0,1,1,1,1,0,1,0,0,1
1,1,1,0,0,1,0,1,1,1,0,0,0,0,1,0,0,1,1,0,0,0,1,1,1,0,1,1,1,1,1,0,0,1,0,0,0,0,0,1,0,0,0,1,0,1,1,0,1,0,0,0,0,1,0,1,1,0,0,1,0,1,1,0,0,0,0,1,1,0,1,0,0,1,1,0,0,0,1,1,0,0,0,1,0,1,1,1,1,0,1,1,1,1,0,0,0,0,1,1,1
0,1,1,0,0,0,1,0,0,1,1,1,1,0,1,1,0,1,1,1,0,1,1,1,1,0,1,1,1,0,0,1,0,0,0,1,0,1,1,1,0,1,0,1,0,0,1,0,0,1,1,0,1,1,1,0,0,0,0,1,1,0,0,0,1,0,0,1,1,0,0,0,1,0,1,1,0,1,0,1,0,1,1,1,1,0,1,0,1,1,0,1,0,0,0,1,1,1,1,0,0
0,1,1,1,0,1,0,1,1,0,0,1,0,0,0,0,0,1,0,1,0,1,0,0,0,1,0,0,0,1,1,0,0,1,0,1,1,1,0,1,0,1,0,1,0,1,1,1,1,1,0,0,1,0,1,1,0,1,1,0,1,1,0,0,1,0,0,0,1,0,0,1,0,1,1,1,0,0,0,1,1,1,0,0,1,0,1,0,1,0,1,1,1,0,0,1,0,1,0,1,1
0,0,0,0,1,1,1,0,0,0,0,1,0,0,0,1,0,0,1,1,1,0,0,1,1,0,0,0,0,1,1,0,0,0,1,0,1,1,0,0,0,1,0,1,0,1,1,1,1,0,1,1,1,1,0,1,0,0,0,0,1,0,1,1,0,1,1,0,1,1,0,1,1,1,1,0,0,0,0,1,0,0,0,1,1,0,1,0,1,1,1,0,0,0,1,1,0,1,0,1,0
1,1,0,1,0,1,0,1,0,1,1,1,0,0,1,1,0,1,0,0,0,1,1,1,0,0,1,0,0,1,0,0,1,0,1,1,1,0,1,0,1,1,1,0,0,1,1,1,1,1,1,1,0,1,0,1,0,0,0,1,1,0,1,0,1,1,0,1,0,0,0,0,0,0,0,1,1,0,0,1,1,0,0,1,1,1,0,0,0,1,1,0,0,1,0,0,0,1,0,1,1
1,1,0,1,1,1,0,0,1,0,1,0,0,0,0,1,1,0,0,1,1,1,0,1,0,1,0,1,1,0,1,1,1,1,0,1,0,0,1,0,0,1,1,0,1,1,1,1,0,1,0,0,0,1,1,1,0,1,1,0,1,0,0,1,0,0,0,1,0,0,1,1,0,0,1,0,1,0,0,0,1,1,0,1,0,0,1,0,1,0,0,0,0,0,0,1,0,0,0,0,1
1,0,0,1,1,1,0,0,0,0,0,1,0,1,0,1,1,0,1,1,0,0,0,1,0,0,0,1,0,0,1,0,0,1,0,0,0,1,0,0,1,1,0,1,0,1,0,0,1,1,1,1,0,0,1,0,1,0,1,0,0,0,1,0,0,0,1,0,0,1,1,1,0,1,1,0,0,1,1,1,0,1,0,0,1,1,1,1,0,1,1,1,1,1,0,0,1,0,1,1,0
0,1,0,1,1,0,1,0,1,0,0,1,0,1,1,1,1,1,1,1,1,0,0,1,0,0,1,1,1,0,1,1,1,0,0,0,0,0,0,0,1,1,0,1,1,1,0,0,1,1,0,1,1,1,1,0,0,1,0,0,1,0,0,0,1,1,0,0,0,1,1,0,1,1,1,1,0,1,0,0,0,0,0,1,1,1,1,1,0,1,1,0,1,0,1,1,1,1,0,0,0
0,0,0,0,0,0,1,1,1,1,0,1,0,0,1,1,1,0,0,1,1,1,0,1,1,0,1,0,1,0,0,0,0,0,0,1,0,0,0,0,1,0,1,0,0,1,1,0,0,1,0,1,1,0,0,0,0,1,0,0,1,0,1,0,1,0,1,1,1,0,1,1,1,1,0,1,1,0,0,0,0,0,1,1,0,0,1,1,1,1,1,1,1,1,0,0,0,1,0,1,0
0,1,0,0,1,1,1,1,1,1,1,0,0,1,1,0,1,1,0,1,0,0,1,0,1,0,1,1,1,0,0,1,0,0,0,0,1,0,0,1,1,1,1,0,0,0,0,1,0,1,1,0,0,1,1,1,1,0,0,1,0,1,0,0,0,0,1,0,0,1,0,0,0,0,1,1,1,1,1,0,0,1,1,1,0,1,1,0,0,0,0,0,0,1,1,0,1,0,0,1,0
0,1,0,1,0,1,0,0,1,1,1,0,1,1,1,1,0,1,1,0,1,0,0,0,0,0,0,1,0,0,1,1,1,0,0,0,0,0,1,1,1,0,1,1,1,1,0,1,1,0,1,1,1,0,1,0,0,0,0,0,1,1,0,0,0,1,0,0,1,0,1,0,1,1,1,1,0,1,1,0,1,0,1,1,0,0,1,0,1,0,1,1,0,1,1,0,0,0,1,0,0
0,0,0,0,1,0,0,0,0,1,0,0,1,0,0,0,1,1,1,1,0,0,1,0,1,1,1,0,1,1,1,1,0,0,0,0,0,1,1,1,1,0,1,1,0,1,0,1,0,1,0,0,0,0,0,0,1,0,0,1,0,1,0,1,1,1,0,1,1,0,0,0,0,0,0,0,0,0,0,1,0,0,1,1,1,0,1,0,1,1,0,1,1,1,1,0,1,0,1,0,1
1,1,0,1,0,1,0,0,0,0,0,0,1,1,0,0,0,0,1,1,1,0,1,1,0,1,1,1,1,1,1,1,1,1,1,1,1,1,1,0,1,1,1,1,0,1,1,1,0,0,1,0,1,0,1,0,0,1,0,1,0,0,1,1,1,0,1,1,0,0,0,1,1,1,1,1,0,0,0,1,0,1,1,0,0,1,0,1,1,1,0,1,0,0,0,1,0,0,1,1,1
0,1,1,0,1,0,1,1,1,0,1,1,1,1,0,1,0,0,1,0,0,1,0,0,1,0,1,0,0,0,0,1,0,0,0,1,1,1,1,1,0,1,0,0,1,0,0,1,1,0,0,1,1,1,1,0,0,0,0,1,0,0,0,1,0,1,1,0,0,0,0,0,1,1,0,0,1,1,0,1,0,1,1,0,0,0,0,1,0,1,1,1,1,1,0,1,0,1,1,1,0
1,0,1,1,1,1,0,1,1,1,1,0,1,0,1,1,0,1,0,0,1,1,1,1,1,1,1,0,1,1,1,1,1,0,0,1,0,1,0,1,1,1,1,0,0,0,0,1,1,1,0,0,1,0,0,0,0,0,1,1,0,1,0,0,0,0,0,0,1,0,1,1,1,1,0,1,1,1,1,1,0,1,1,1,1,0,1,1,0,0,0,1,0,1,0,1,1,1,1,0,1
1,0,0,1,0,1,1,0,1,0,0,1,1,1,0,0,1,0,0,0,0,0,0,0,1,1,0,0,0,0,1,1,1,0,1,0,0,1,1,1,0,1,1,1,0,0,1,0,1,0,1,1,0,1,0,0,1,0,0,1,0,0,1,0,1,1,1,1,0,1,1,1,0,1,0,1,0,1,1,1,0,1,1,0,1,1,1,1,1,0,1,1,0,1,1,1,1,1,1,0,1
1,0,1,1,0,1,0,0,0,1,0,0,0,0,0,1,1,0,1,0,1,1,1,0,0,0,1,1,1,1,1,0,1,0,1,1,1,0,0,1,1,1,0,1,0,0,0,0,1,1,0,0,0,1,1,0,1,0,0,1,1,0,1,1,0,0,0,0,0,0,0,1,0,1,1,0,1,0,1,1,0,0,0,0,1,1,1,0,1,1,0,0,1,0,0,1,1,0,0,0,0
1,1,1,1,0,1,1,1,1,1,1,1,0,1,1,0,0,1,1,1,1,0,0,1,1,1,1,0,1,0,1,1,0,0,0,0,1,0,1,1,0,0,0,0,0,1,1,1,0,0,0,1,1,1,0,0,1,1,0,0,0,0,0,1,0,1,0,1,0,1,1,0,0,0,0,0,1,1,1,0,1,0,1,1,1,1,0,1,0,0,0,1,1,0,0,0,0,1,1,0,1
0,0,0,0,0,0,1,1,0,0,1,0,1,0,0,0,1,1,1,0,1,1,0,1,0,0,0,1,1,1,1,0,1,0,1,1,1,0,1,1,1,0,1,1,0,0,0,0,0,1,0,1,0,0,1,1,1,0,0,0,1,1,0,0,1,1,0,1,1,1,1,1,1,1,0,1,0,1,1,1,0,1,0,1,0,0,0,1,1,1,0,0,0,1,1,1,1,1,1,0,0
0,0,1,0,0,1,1,1,1,0,0,1,0,0,0,0,1,0,1,1,1,1,1,1,1,1,1,1,0,1,1,1,0,1,0,0,1,1,1,0,1,0,0,1,1,1,1,0,0,0,0,0,0,0,0,1,0,1,0,0,1,1,0,0,0,0,1,1,0,0,0,1,1,0,1,0,1,1,1,0,0,1,1,0,1,0,0,0,0,1,1,0,0,1,0,0,0,0,1,0,0
0,0,0,1,1,1,0,0,0,0,1,1,0,1,1,0,1,0,1,0,0,0,1,1,1,0,1,0,0,1,1,1,0,1,0,0,1,1,0,1,1,1,0,0,1,1,0,1,0,0,1,1,1,1,1,1,0,1,1,0,1,0,1,0,0,1,0,1,0,1,1,1,0,0,1,1,1,0,1,1,0,1,1,1,1,0,0,0,0,1,1,0,1,1,1,0,1,1,1,0,0
0,1,1,1,1,0,0,0,0,0,0,1,0,1,0,0,1,1,1,0,0,1,1,1,0,1,1,0,0,1,0,0,0,0,0,0,0,0,0,1,1,0,1,0,1,0,0,1,0,0,1,1,0,0,0,0,0,1,0,1,1,0,0,0,0,1,0,0,1,0,1,1,0,0,1,0,1,0,0,0,0,1,0,0,1,1,1,1,0,1,1,0,1,0,0,0,1,0,1,1,1
0,0,0,0,1,1,0,0,0,0,0,1,1,1,0,0,0,0,1,0,0,0,0,0,0,1,1,1,0,1,1,1,0,1,1,1,1,1,0,1,0,0,0,1,0,0,1,1,1,0,0,0,1,0,0,1,1,1,1,1,1,1,1,0,0,1,0,1,0,1,1,1,1,0,1,0,0,1,0,0,0,0,0,1,0,1,1,0,1,0,0,0,1,1,0,1,0,0,1,1,1
1,0,0,0,1,1,0,0,1,1,1,1,0,1,0,0,1,0,1,0,1,0,1,0,1,0,0,0,0,1,1,1,0,0,1,0,0,1,0,0,1,1,1,1,0,1,1,1,0,1,0,0,0,1,1,1,1,0,0,0,0,1,0,0,1,1,1,1,1,1,0,0,1,0,0,0,0,1,1,1,0,1,0,0,1,0,0,0,0,0,1,1,1,1,1,0,1,1,1,0,1
0,1,0,1,1,0,1,0,0,1,1,1,1,0,1,1,0,0,0,1,1,0,1,1,1,1,1,1,0,0,1,1,0,1,0,1,0,1,0,0,1,1,0,0,0,1,0,1,1,1,1,0,1,1,0,0,0,1,0,1,0,0,0,0,1,1,0,1,1,1,1,1,0,0,0,1,0,0,1,0,1,0,1,1,0,0,1,1,1,1,1,1,0,1,1,1,1,0,0,1,1
1,1,1,1,1,1,1,0,0,1,0,1,0,0,0,1,1,1,0,1,0,0,0,0,1,1,0,0,0,1,0,1,1,0,0,1,0,1,0,1,0,0,0,1,0,1,1,1,0,0,0,1,1,0,1,0,1,0,0,1,1,0,0,1,1,1,1,1,0,0,0,0,0,1,0,1,1,0,0,1,1,0,1,1,1,1,0,0,1,1,1,0,1,0,1,1,0,1,0,0,1
0,1,1,0,0,0,0,0,1,1,0,1,0,1,1,0,0,1,1,0,1,0,1,0,0,0,0,0,0,1,1,0,1,1,1,1,0,1,0,0,1,1,1,1,0,0,0,1,1,0,0,1,0,0,1,0,1,0,0,1,1,0,0,1,1,0,1,1,1,1,1,0,0,1,0,1,0,0,0,0,1,1,0,0,1,0,1,0,0,1,1,1,1,1,0,1,0,1,1,1,1
1,1,1,0,0,0,0,0,1,0,1,0,0,1,0,1,0,1,0,1,0,1,1,1,0,1,0,1,0,1,0,0,0,0,0,0,0,1,0,1,0,0,0,1,1,0,0,1,0,0,0,1,1,0,1,1,0,1,1,1,1,0,0,1,1,1,1,1,1,0,1,0,1,0,1,1,0,0,1,0,0,1,0,0,0,1,1,1,1,1,1,1,0,1,0,1,0,1,0,1,1
1,0,0,0,0,1,1,0,1,0,1,1,1,1,1,1,1,1,0,0,1,1,1,0,1,0,0,0,0,1,0,1,1,1,1,0,0,1,1,1,0,1,1,0,1,0,0,1,1,1,0,0,1,0,0,0,1,1,1,0,0,0,1,0,0,1,0,0,0,0,1,1,0,0,1,0,0,0,1,0,1,0,1,0,1,0,0,1,1,0,1,1,0,0,0,0,0,1,1,0,1
0,1,0,1,1,0,0,1,1,0,0,1,1,0,0,0,1,1,0,1,1,1,0,0,1,1,0,0,1,0,0,0,0,0,0,0,0,1,0,1,1,0,1,1,1,0,0,1,0,1,0,1,0,0,0,0,0,1,1,1,1,0,1,0,1,0,0,1,0,0,1,1,1,1,0,1,1,1,1,0,0,0,1,1,0,1,0,0,1,1,1,0,0,0,1,0,0,1,1,0,1
1,0,0,0,1,0,0,1,0,0,1,0,0,0,0,0,0,0,1,0,0,1,1,0,1,1,1,0,0,0,0,0,1,0,1,0,1,1,0,1,1,0,0,1,0,1,1,1,0,0,1,1,1,1,1,0,1,1,0,0,1,0,0,0,0,1,0,1,1,1,0,0,1,0,1,1,1,1,1,0,1,1,1,1,1,0,1,1,0,0,1,0,0,0,0,1,1,0,0,1,1
1,0,0,1,1,1,1,1,0,0,0,0,0,0,1,0,1,1,0,0,1,0,1,0,1,1,1,0,0,1,0,1,0,0,1,0,1,0,1,1,0,1,0,1,0,0,1,0,0,1,0,1,1,1,0,1,1,0,0,0,0,1,0,1,1,1,0,0,0,1,0,1,1,0,0,0,0,1,1,0,1,1,0,0,1,0,0,0,0,0,1,0,0,1,0,0,0,1,0,0,1
1,0,0,1,0,0,1,0,1,0,0,1,0,1,1,0,0,1,1,0,1,0,0,1,1,1,0,0,0,1,0,0,1,0,0,1,0,1,0,1,0,0,0,1,1,0,1,0,0,0,1,0,1,1,1,0,1,1,1,0,0,1,1,0,0,1,0,1,1,0,0,0,1,0,1,0,0,0,1,0,0,1,1,0,0,0,1,0,1,1,0,1,1,0,1,0,1,0,0,0,0
0,1,0,1,1,0,0,1,0,0,1,0,0,0,0,0,0,1,1,0,0,1,0,0,1,1,1,1,0,1,1,0,1,0,0,1,0,0,1,1,1,1,1,0,1,1,1,1,1,0,0,0,1,0,0,1,1,1,1,1,0,1,1,0,1,1,1,0,0,0,1,0,0,0,0,1,0,0,1,0,1,0,0,0,1,1,0,0,0,1,0,0,1,1,1,0,0,0,1,1,1
0,0,0,1,1,0,1,0,0,0,1,1,0,0,1,1,0,0,1,1,0,1,0,1,1,0,1,1,0,0,1,0,0,1,1,0,0,1,1,0,0,0,0,1,0,0,1,1,0,1,0,0,0,1,0,0,1,1,1,0,1,0,0,1,0,1,1,1,1,1,0,1,0,0,0,0,0,1,1,1,1,0,0,0,1,0,1,0,0,0,1,1,1,1,1,1,0,0,1,0,1
0,1,0,1,1,0,1,1,1,1,1,0,1,0,0,0,1,1,0,0,0,0,1,1,0,0,1,0,1,1,0,1,1,1,1,0,0,1,0,0,1,0,1,0,0,0,1,1,0,1,0,1,1,1,0,1,1,1,0,0,1,1,1,1,1,1,0,1,0,0,1,1,1,0,0,0,1,0,1,1,1,0,0,0,0,0,1,1,0,1,0,0,1,1,0,0,0,0,0,0,1
1,1,0,0,1,0,1,1,1,1,0,1,1,1,0,1,0,0,0,0,0,0,0,1,1,1,0,0,1,1,1,0,1,1,1,0,1,1,0,0,1,0,0,0,1,0,0,0,0,1,1,1,0,0,1,1,1,1,0,1,0,0,0,1,0,0,0,0,0,0,1,0,1,0,0,0,0,1,0,0,1,0,0,0,0,0,1,1,1,1,1,1,0,1,0,1,0,1,1,0,1
1,1,0,0,0,1,0,0,0,0,1,1,0,1,0,1,0,0,1,0,0,0,0,1,1,0,0,0,1,0,1,1,0,0,1,1,1,0,0,0,0,1,0,0,0,1,0,1,1,0,1,0,1,0,0,1,0,0,0,0,0,0,1,1,0,1,0,1,0,0,0,1,1,0,1,0,1,1,1,1,1,0,1,1,0,1,0,0,1,1,0,1,0,1,0,0,1,0,0,0,1
0,1,0,0,0,0,1,0,0,1,1,1,1,1,0,0,0,1,1,1,0,1,0,1,1,0,0,1,1,0,0,0,1,0,1,1,1,1,1,1,0,1,1,0,1,0,1,1,0,0,0,1,1,0,1,1,1,1,0,0,0,0,1,0,0,0,0,1,0,1,1,1,0,0,1,1,1,0,1,1,1,0,1,0,1,1,0,1,1,1,1,1,0,1,0,0,0,0,0,0,1
0,0,0,1,0,1,1,0,1,1,1,1,0,1,0,1,1,1,0,1,1,0,1,1,1,0,0,1,1,1,1,1,1,0,1,0,0,1,1,0,0,1,1,1,1,0,1,1,0,1,1,0,0,1,1,0,0,0,1,0,1,0,0,1,0,1,1,1,1,1,1,0,0,1,0,1,1,1,0,0,1,0,1,0,1,0,0,0,0,0,0,1,0,0,0,0,0,0,1,0,0
0,1,0,1,0,1,1,0,1,0,1,0,0,1,1,0,1,0,1,1,1,1,1,0,0,0,0,1,0,1,1,0,0,1,1,0,1,0,0,1,1,0,1,1,0,0,1,0,1,1,1,1,1,0,0,1,0,1,1,1,1,0,1,0,0,0,0,0,1,1,0,0,1,0,0,0,1,0,1,0,0,1,1,1,1,1,0,0,1,1,0,0,1,0,1,1,1,0,1,0,0
0,0,1,1,1,0,0,1,1,1,0,0,0,1,1,1,1,1,0,0,0,0,0,1,0,1,0,0,1,1,1,1,1,1,1,1,1,0,0,1,1,1,1,1,0,0,0,0,0,1,0,1,1,0,0,1,1,0,0,0,1,0,1,1,0,1,0,1,1,1,1,1,0,0,1,1,0,1,1,1,0,0,1,1,1,0,1,1,1,1,0,1,0,1,1,1,0,1,1,0,1
0,1,1,1,1,0,1,1,0,0,1,1,1,0,0,0,1,1,1,1,0,0,1,0,0,1,1,1,1,1,0,1,1,0,0,0,0,0,0,1,0,0,0,0,1,0,0,1,0,1,1,0,0,0,0,1,0,1,1,0,0,1,0,0,1,0,0,0,0,1,1,1,1,1,1,1,1,0,0,0,0,1,0,1,0,1,1,1,1,0,0,0,1,0,1,1,1,1,1,1,1
0,1,1,1,1,0,0,1,1,0,0,1,1,0,1,1,1,0,1,1,1,1,0,1,1,1,1,1,1,1,0,1,1,0,1,0,1,0,0,1,0,1,0,0,1,1,0,0,0,1,0,1,0,0,0,0,1,0,0,1,1,0,0,0,1,1,0,0,1,1,0,1,1,0,1,0,0,0,1,1,1,1,1,0,1,1,0,1,0,0,1,0,1,1,0,0,1,0,1,1,0
1,1,0,0,1,0,1,1,0,0,1,0,0,0,1,1,1,1,0,0,1,0,1,1,1,1,0,0,0,1,1,0,1,1,0,0,1,0,1,1,1,1,0,1,0,1,0,0,1,0,0,0,0,0,1,0,0,0,0,1,1,1,1,1,0,1,0,1,1,1,1,0,0,1,0,1,1,0,0,1,0,1,0,0,0,0,1,0,0,1,1,0,0,1,1,0,0,0,0,0,1
1,1,0,0,1,0,0,0,1,0,0,0,0,1,0,0,1,0,0,0,1,1,0,1,0,0,1,1,0,1,1,0,1,0,1,0,1,1,1,0,0,0,1,0,0,1,1,1,1,0,1,1,1,0,0,1,1,1,1,0,1,1,0,1,0,1,0,0,0,1,1,0,1,1,0,1,1,1,0,0,1,0,0,0,1,1,1,1,0,0,1,0,1,1,1,0,1,0,1,0,1
0,1,1,1,1,0,1,1,1,1,0,0,1,1,0,1,1,0,1,0,1,1,1,1,0,0,1,1,1,1,0,0,0,0,0,0,0,0,0,1,0,0,1,1,0,1,1,1,1,0,0,1,1,0,0,1,1,0,0,1,1,1,0,0,0,1,0,1,0,1,0,1,1,0,0,0,1,1,1,0,1,1,0,0,1,0,0,0,0,0,0,0,0,0,1,1,0,0,0,0,0
0,0,0,0,1,1,0,0,0,0,1,1,1,1,1,0,1,1,0,0,1,0,1,1,1,0,0,1,1,0,1,0,0,1,0,0,0,0,1,1,0,1,0,0,0,0,1,0,1,1,1,0,1,0,0,1,0,0,0,0,1,0,1,1,0,0,1,1,1,0,1,0,1,0,1,1,0,0,0,1,0,0,0,0,0,1,1,0,0,1,1,1,0,1,0,1,1,1,1,0,1
1,1,1,0,1,1,0,0,1,0,1,0,1,1,0,0,1,1,0,0,0,1,1,1,0,1,1,1,0,1,0,1,0,1,1,0,1,1,0,0,1,1,0,0,0,0,0,1,1,1,1,0,1,1,0,1,1,1,1,0,1,0,1,1,1,1,1,0,1,1,0,0,0,1,0,1,1,0,0,1,1,0,0,1,1,1,0,0,1,0,1,1,0,1,1,1,0,0,1,1,1
1,0,0,1,1,1,0,1,1,0,1,0,1,0,0,0,1,0,1,1,0,0,1,1,1,0,0,0,1,0,1,0,0,1,1,0,1,1,0,0,1,0,0,0,1,1,1,1,1,0,1,1,0,1,0,1,0,1,1,0,1,0,1,0,1,1,0,1,0,0,0,1,1,1,1,1,1,0,1,1,1,0,0,0,0,0,1,1,1,1,0,1,1,0,1,1,0,0,0,1,1
0,0,0,1,0,1,1,1,1,1,1,0,0,1,0,1,1,1,1,0,0,0,1,0,0,1,1,0,0,0,0,0,0,1,0,0,1,0,1,0,1,1,0,0,1,0,1,0,1,1,1,0,0,1,1,0,0,1,0,1,1,0,0,0,0,0,0,1,0,0,1,0,0,0,1,1,0,1,1,1,0,0,0,0,1,1,0,1,1,0,0,1,0,1,0,0,1,0,0,0,0
0,0,1,0,0,0,0,1,0,0,0,0,1,0,0,1,0,1,0,1,1,0,1,0,0,0,0,1,1,0,1,0,0,0,0,1,0,1,1,0,1,0,1,1,0,1,0,1,1,1,1,1,0,0,0,1,1,1,0,1,0,0,1,0,0,0,0,1,0,1,0,1,1,0,1,0,1,1,0,1,0,1,1,1,1,0,1,1,0,0,0,1,1,0,1,0,1,1,1,1,1
1,0,0,1,1,1,0,0,0,1,1,0,1,1,1,1,0,0,0,1,1,0,1,1,1,0,0,1,0,1,0,0,0,1,1,1,0,1,1,0,1,0,0,1,1,0,1,1,1,0,0,0,1,0,0,1,1,0,1,1,1,0,0,0,1,1,1,0,0,0,1,0,0,1,1,0,0,0,0,0,0,1,1,1,0,0,1,0,1,1,0,0,0,0,1,0,1,1,0,1,1
0,0,1,0,0,0,0,1,0,0,1,1,1,1,1,1,0,1,1,0,1,1,0,0,1,1,1,0,0,1,1,0,1,0,0,0,1,1,0,1,0,1,0,1,1,0,0,1,0,1,1,0,1,1,1,1,0,1,0,0,1,1,1,1,0,0,0,1,1,0,0,0,0,0,0,0,1,1,1,1,1,1,0,1,1,0,0,1,1,1,0,1,0,1,0,0,0,0,0,1,0
1,1,0,1,1,0,1,0,0,1,1,1,0,1,0,1,0,0,1,0,1,0,1,0,0,1,0,0,0,0,0,0,0,1,1,0,1,0,1,1,1,0,1,0,0,0,1,0,1,0,1,0,0,0,1,1,0,1,1,1,1,0,0,1,0,0,0,1,1,1,1,0,0,1,1,0,1,0,0,0,0,0,0,1,1,1,0,0,1,1,1,1,1,0,1,1,1,1,0,0,1
1,0,0,1,0,0,0,1,1,0,1,1,0,1,0,1,1,0,0,0,1,1,1,0,1,1,1,0,1,0,0,0,0,1,0,0,1,1,0,1,0,1,0,0,1,1,1,0,1,1,1,1,1,1,0,0,0,0,0,1,1,1,1,0,0,1,0,1,1,1,1,0,0,0,1,0,0,1,1,1,1,1,1,1,0,1,0,0,1,1,0,0,1,0,0,0,0,1,1,1,0
1,0,1,0,0,1,0,0,1,0,1,1,0,1,0,0,0,1,1,0,0,0,0,0,0,1,0,1,0,0,0,1,1,0,0,1,0,1,0,0,0,0,1,0,0,1,1,0,0,0,1,0,1,0,1,1,0,0,1,1,1,0,1,1,1,0,0,1,1,0,1,1,1,1,0,1,0,0,0,1,1,1,1,0,0,0,1,0,0,1,1,1,0,0,0,1,1,0,0,0,1
1,1,1,1,1,0,0,0,1,1,1,1,0,0,0,1,1,1,0,0,1,0,0,1,1,0,0,0,1,1,0,1,1,1,0,1,0,0,1,0,1,0,0,0,1,1,1,0,0,1,0,1,0,0,0,0,0,0,0,0,1,1,0,1,1,0,1,0,0,1,1,0,0,0,1,1,0,0,1,0,0,0,1,1,0,0,0,0,0,1,0,1,1,1,1,1,0,1,0,1,1
0,0,1,0,1,0,0,0,1,0,0,1,1,1,1,1,1,1,0,0,0,0,1,1,1,1,1,1,0,1,1,1,1,1,0,1,1,1,0,1,0,1,1,1,0,0,1,1,1,1,0,1,0,0,0,1,1,1,0,1,0,0,1,1,1,0,1,1,1,1,1,1,1,1,1,1,0,0,1,1,1,0,0,0,1,1,0,0,0,0,0,1,0,0,1,0,0,1,1,0,1
1,0,1,1,1,1,1,0,0,0,0,1,0,1,0,1,0,1,0,1,0,0,0,0,0,0,1,1,1,0,1,0,0,0,1,0,0,1,1,0,1,0,1,1,1,1,0,0,0,1,1,0,1,1,1,0,0,1,0,1,0,0,1,1,0,1,0,0,1,0,1,0,0,1,0,1,0,1,1,0,0,0,0,1,0,0,1,1,1,1,0,1,1,0,1,1,1,1,1,1,1
0,1,0,1,1,1,1,0,1,1,1,0,1,0,1,1,0,0,0,1,0,1,0,0,1,1,0,1,1,0,0,0,0,0,0,0,0,1,0,1,0,0,1,1,0,1,0,0,1,0,0,1,0,0,0,0,0,0,0,0,1,1,0,0,0,0,0,0,0,0,0,0,1,1,1,1,1,1,0,1,1,1,0,1,1,1,1,0,1,1,1,0,1,1,0,1,1,0,0,0,0
0,1,0,1,0,0,1,0,0,1,1,1,0,0,0,0,1,0,0,0,1,0,1,0,0,1,1,1,0,0,1,0,1,1,0,0,0,0,0,1,0,1,1,0,1,1,0,0,1,1,1,1,1,0,0,0,1,0,1,1,0,1,1,1,1,0,1,0,1,0,0,0,1,1,1,0,0,0,0,0,0,1,1,0,1,1,0,1,1,1,1,1,1,0,0,1,0,1,1,1,0
0,1,1,0,1,0,0,0,1,1,1,0,1,1,1,0,1,1,0,0,0,1,1,1,0,0,0,1,0,1,1,0,0,0,1,1,1,1,1,1,0,1,1,0,1,1,1,1,1,0,1,1,0,1,0,1,0,1,1,1,1,1,1,1,1,1,1,1,1,1,0,0,0,0,1,1,1,1,1,0,1,1,0,0,1,1,0,1,1,1,1,0,1,0,1,0,1,1,1,1,1
0,1,0,0,1,1,0,1,1,1,1,1,0,1,1,1,1,0,0,1,0,0,0,0,0,1,0,0,0,1,1,0,0,1,1,1,1,0,0,1,1,1,0,1,1,0,0,1,0,1,1,1,0,0,1,0,1,0,0,0,1,1,1,0,1,1,1,1,1,1,0,0,1,0,0,1,0,0,1,0,0,1,1,1,1,1,0,0,1,0,0,1,0,0,1,1,1,0,0,1,1
1,1,1,1,1,0,0,1,0,1,0,1,0,1,0,1,1,0,1,1,0,0,1,1,1,1,1,0,1,0,1,1,1,1,1,0,1,0,0,1,1,1,0,1,1,1,0,0,1,0,0,1,0,1,0,0,0,1,0,1,1,0,0,1,0,1,1,1,0,1,0,0,0,0,0,0,1,1,1,1,0,1,0,0,0,0,1,0,0,1,1,0,1,0,0,0,0,1,0,1,1
1,0,1,0,0,1,0,1,1,0,1,1,0,1,0,1,1,0,0,1,1,0,0,1,0,0,0,1,0,0,0,1,1,0,0,1,1,0,1,1,1,1,0,1,0,0,0,0,0,0,0,0,1,1,0,0,0,0,0,0,1,0,1,0,0,0,1,1,0,0,0,0,0,0,1,0,0,1,0,0,1,0,1,0,1,1,0,0,1,0,0,1,1,1,1,0,0,0,0,1,0
1,0,1,1,0,1,1,0,1,1,1,0,1,1,0,1,0,0,1,0,0,1,0,0,1,1,0,1,1,1,0,0,1,1,1,0,1,1,1,0,0,1,0,1,0,1,1,1,1,0,0,1,0,1,1,1,0,0,0,0,1,0,0,0,0,1,1,1,1,1,1,0,1,0,1,0,1,1,1,0,0,1,0,0,0,0,1,0,0,0,0,1,0,1,0,1,1,0,0,0,1
0,0,1,0,0,0,0,1,1,1,1,1,1,1,1,1,1,1,1,1,1,0,0,0,0,1,0,0,1,0,1,1,0,0,1,1,1,0,1,0,0,1,1,0,0,0,1,1,1,0,1,1,0,1,1,0,0,0,1,0,0,0,0,1,0,0,1,1,0,1,1,0,1,0,0,0,1,1,1,0,1,1,1,1,1,1,1,1,0,0,0,0,1,1,0,0,1,1,1,1,1
0,1,1,1,1,1,0,1,1,0,0,0,0,1,0,0,1,0,0,1,1,1,0,0,0,1,1,1,1,1,1,0,0,1,0,1,1,0,0,0,1,1,0,0,1,0,0,1,1,0,1,1,0,1,1,1,1,0,1,1,1,0,0,1,1,0,1,1,0,1,0,1,0,0,1,0,0,0,1,1,1,0,1,1,0,1,0,0,1,0,1,1,1,1,1,1,1,0,1,1,1
1,1,0,1,1,0,1,1,1,0,0,1,0,0,1,0,0,0,1,1,0,1,1,0,1,1,0,1,1,0,0,1,1,0,1,1,1,1,0,1,0,1,1,0,0,1,0,0,0,0,0,0,0,1,1,0,1,1,0,0,1,1,0,0,0,0,0,1,1,0,1,0,0,0,1,1,0,0,1,1,0,1,0,0,0,0,0,0,0,0,1,0,0,0,0,0,1,0,0,1,1
1,1,0,1,0,0,1,0,0,1,0,0,0,0,0,1,1,0,0,1,1,0,1,1,0,0,1,1,1,1,0,1,0,0,1,0,0,1,1,1,0,0,0,1,1,0,1,0,0,0,1,1,1,1,0,1,1,0,0,0,1,1,1,0,0,0,0,0,1,1,0,0,1,0,0,1,0,0,1,0,0,1,0,1,0,0,0,1,1,1,0,0,1,1,0,0,0,1,0,0,0
1,1,0,1,1,1,0,0,1,1,1,1,0,0,1,1,0,1,1,0,1,1,0,1,0,1,1,1,1,1,0,0,0,0,1,1,1,0,1,1,0,1,0,1,1,0,0,0,1,0,0,0,1,0,0,1,0,1,1,0,1,0,1,0,0,0,1,1,0,0,0,1,1,0,1,0,1,1,1,1,1,0,0,0,0,0,1,0,1,1,0,1,0,0,0,0,0,0,0,0,0
1,0,1,1,0,0,0,1,1,0,0,0,0,1,0,0,0,0,1,0,1,1,1,1,1,1,1,1,0,1,1,1,1,1,0,1,0,1,0,1,1,0,0,1,1,0,1,0,0,0,1,1,1,1,0,0,0,1,1,0,1,0,1,0,1,0,1,0,0,0,1,1,0,0,1,1,1,0,0,0,0,0,0,0,1,0,0,0,1,0,1,0,0,0,0,0,1,1,0,1,1
1,0,0,1,0,1,0,0,0,0,1,0,1,1,0,1,1,0,1,1,1,0,0,1,1,0,1,0,1,1,0,0,1,0,0,1,1,1,1,1,0,0,1,1,0,0,1,1,0,0,1,1,1,0,1,1,1,0,1,0,0,1,1,0,0,1,0,0,0,0,1,1,1,0,0,0,1,0,1,1,1,1,1,1,0,0,1,0,1,1,0,1,1,1,1,1,0,0,1,1,0
0,1,0,0,1,0,1,1,1,0,1,1,1,0,1,0,1,1,1,0,0,1,0,1,1,0,1,0,1,1,1,1,1,0,0,1,1,1,1,1,1,0,0,0,0,1,0,1,0,1,0,0,1,0,0,0,0,0,1,1,1,1,1,0,1,1,0,0,1,1,1,1,0,0,0,1,1,0,1,1,0,1,0,1,0,1,0,0,1,1,0,0,0,0,1,0,1,1,0,0,1
1,1,1,1,1,0,1,0,1,1,1,0,1,0,1,0,1,0,1,0,0,1,0,0,0,1,0,1,1,1,0,0,1,1,0,1,0,1,1,1,1,0,0,0,0,0,1,1,0,0,1,0,0,1,0,0,0,0,1,1,0,1,0,0,0,0,0,1,0,1,1,0,1,1,0,1,1,0,1,1,1,0,0,0,1,1,0,1,1,0,0,1,1,0,0,1,0,0,1,1,1
1,1,1,1,0,0,1,0,0,0,0,1,1,0,1,1,1,0,0,1,1,0,0,0,1,0,1,1,1,0,0,0,1,1,1,0,0,1,1,1,1,0,1,1,1,1,1,0,0,1,1,0,0,0,1,0,1,0,0,0,1,0,0,1,0,1,0,0,1,1,0,0,0,0,0,1,0,0,1,0,1,1,0,1,0,0,1,0,1,0,1,1,0,0,0,0,0,1,1,1,1
0,0,1,0,0,0,1,1,1,0,1,0,1,0,1,0,0,0,0,0,0,0,1,0,0,0,0,1,1,1,1,0,0,1,0,0,0,0,0,0,0,1,0,1,1,0,1,1,1,1,1,1,0,0,0,1,1,1,1,0,1,1,0,0,0,0,0,1,0,0,0,0,0,0,0,0,0,1,1,0,1,1,0,1,0,0,1,1,1,0,1,1,0,0,1,0,1,0,1,0,0
0,1,0,0,1,0,0,0,1,1,1,0,1,1,0,1,1,0,0,0,1,0,0,1,1,0,0,0,0,0,0,1,0,0,0,0,0,0,1,1,1,1,0,0,0,1,1,1,0,1,0,1,1,1,0,1,0,1,0,1,0,0,1,1,0,0,0,0,0,1,0,0,1,0,0,0,1,0,1,0,1,0,0,1,0,0,0,0,1,0,1,0,0,0,1,1,1,1,0,0,1
0,0,0,1,0,1,0,0,1,0,0,1,0,0,1,0,1,0,1,1,0,0,0,1,1,1,0,1,0,1,0,1,0,1,0,0,1,0,1,1,1,0,0,1,0,1,0,1,1,0,0,0,0,0,1,1,0,1,0,0,1,1,0,1,0,0,0,0,0,1,1,0,0,1,1,1,0,0,0,0,1,0,1,0,1,0,0,1,0,0,1,0,1,0,1,1,0,0,1,1,0
0,0,1,1,1,0,0,0,1,0,0,0,1,1,1,1,0,1,0,0,0,0,1,1,0,0,1,1,1,0,0,0,1,0,1,0,1,1,1,0,1,0,0,1,1,1,1,0,0,1,1,1,0,1,0,0,0,0,0,0,0,0,1,0,1,1,0,0,0,1,1,0,1,1,0,1,0,0,0,1,1,0,1,1,1,0,1,0,1,1,0,1,1,1,1,1,0,0,0,1,0
0,1,0,0,0,0,1,1,0,1,1,1,0,1,0,0,1,1,0,0,1,1,1,1,1,1,1,1,1,1,0,0,0,0,0,1,0,1,1,0,0,1,1,1,0,1,0,0,0,0,1,1,0,1,1,0,1,0,1,1,1,0,1,0,1,1,1,0,1,0,1,0,1,1,1,1,1,1,0,1,1,1,0,1,0,1,0,1,0,0,1,1,1,0,0,0,1,1,1,1,0
0,0,0,1,1,1,1,1,1,0,1,0,0,0,1,0,1,1,1,0,0,0,0,1,0,0,0,1,1,0,1,0,1,1,0,1,1,0,0,0,0,1,0,1,0,1,1,1,0,1,1,1,0,1,1,0,1,0,1,1,0,1,0,1,0,0,0,1,0,0,1,1,1,0,1,1,0,0,1,0,1,1,1,1,0,1,1,1,1,1,0,1,0,0,1,0,1,1,0,1,0
1,1,0,1,1,0,1,0,1,1,0,1,1,1,0,1,0,0,0,1,0,1,1,0,0,0,1,1,0,0,1,1,1,1,1,0,1,1,0,0,0,1,1,1,1,1,1,1,1,1,1,1,0,0,0,0,0,0,0,1,1,0,1,1,0,1,0,1,0,1,0,0,1,1,0,0,0,0,0,1,1,1,1,0,0,1,0,1,0,0,1,0,1,1,0,0,0,0,0,0,1
1,1,0,1,0,0,1,0,1,0,0,1,1,1,1,0,0,1,0,1,1,1,1,1,1,0,1,0,0,0,0,0,0,0,1,0,0,1,1,0,1,0,0,0,0,0,1,0,1,0,1,0,1,1,1,0,0,0,0,0,1,0,1,0,1,1,0,0,1,1,0,0,0,1,1,1,1,1,0,0,0,1,1,0,1,1,1,1,0,0,1,1,0,1,0,0,1,1,0,0,1
1,1,0,0,0,0,0,0,1,0,1,1,1,0,1,1,1,0,0,0,0,1,0,0,0,1,0,0,0,1,1,0,1,0,1,0,0,0,1,0,0,1,0,0,1,0,0,0,1,0,0,0,1,0,0,1,1,0,1,0,0,1,0,0,1,0,1,0,0,1,0,1,1,0,1,0,0,0,1,0,0,0,0,1,0,0,1,1,0,0,0,0,0,1,0,0,0,1,1,1,1
1,1,1,1,1,1,1,1,1,0,0,1,1,1,0,0,1,0,0,1,1,1,1,0,1,1,0,0,0,0,1,0,0,0,1,1,0,0,0,1,1,0,1,1,0,1,1,1,0,0,1,1,1,1,1,1,0,1,0,1,0,1,0,0,0,1,0,1,0,1,1,1,1,1,1,0,1,1,1,0,1,1,1,0,0,1,1,1,0,0,0,1,1,1,0,0,1,0,1,0,1
1,0,0,1,0,0,0,1,1,0,0,0,1,0,1,0,1,0,0,1,1,0,0,1,0,0,0,1,0,0,0,1,0,0,0,0,0,1,1,1,1,1,0,0,0,1,1,0,1,1,0,1,1,0,0,0,1,1,1,1,1,1,1,1,1,1,1,0,0,1,1,1,1,0,0,0,0,0,1,0,0,0,0,0,1,0,0,0,0,0,1,1,0,0,0,1,1,1,0,1,0
0,1,1,1,1,0,1,1,1,0,1,1,0,1,0,1,1,1,0,1,0,0,0,1,0,1,1,0,0,0,1,0,1,0,0,0,1,0,1,0,0,1,0,1,0,1,1,1,0,1,1,0,1,1,1,0,1,1,0,0,0,0,1,0,0,1,1,0,0,0,1,0,0,1,0,0,0,1,1,1,0,1,1,0,1,1,1,1,1,0,0,1,0,1,0,0,1,1,0,0,1
0,1,1,1,1,0,1,1,1,1,1,1,0,1,0,1,1,1,0,1,1,0,0,1,0,0,0,0,0,1,0,0,1,0,1,0,1,0,0,1,0,0,0,0,0,0,1,0,0,1,0,0,0,0,1,1,1,0,0,1,0,0,0,1,1,1,1,1,0,1,0,0,1,1,1,1,0,1,1,1,0,1,1,0,1,1,0,0,1,1,1,1,1,1,1,1,1,1,1,1,0
0,1,1,0,1,0,0,0,0,1,0,1,1,1,0,0,0,0,1,1,1,1,1,1,1,1,0,0,1,0,0,0,1,0,0,0,1,0,1,0,0,1,0,0,1,1,0,1,0,0,0,0,1,1,1,1,0,0,1,0,1,1,1,0,1,0,0,1,0,1,0,0,1,0,1,0,0,0,0,0,0,0,0,0,1,1,1,1,1,1,1,1,1,0,0,0,0,1,1,0,1
0,1,0,1,0,1,0,1,1,1,0,1,1,1,1,0,1,0,1,1,0,1,0,1,1,1,1,0,1,0,1,0,1,1,0,1,1,1,1,1,1,1,0,1,1,1,0,0,0,0,0,0,0,0,0,1,0,1,0,1,1,1,0,0,1,0,0,1,0,1,1,1,0,0,1,1,1,0,0,0,1,1,1,0,1,1,0,1,1,1,1,0,1,1,0,1,1,0,0,1,0
0,0,0,1,1,0,1,0,1,1,1,0,0,0,1,1,1,0,0,0,1,1,1,1,0,1,0,1,1,1,0,1,0,1,0,0,0,1,1,1,0,0,0,1,0,0,1,0,0,0,0,0,0,1,1,0,1,0,0,0,0,0,0,1,1,1,1,1,1,0,0,1,0,1,1,0,1,1,1,1,0,0,0,0,0,1,1,0,0,0,0,1,0,1,0,0,0,0,0,0,0
0,0,0,1,0,0,1,1,1,1,0,1,0,1,1,0,0,1,1,1,0,0,0,1,0,1,1,1,0,0,0,1,1,0,1,1,0,0,0,0,0,0,0,1,1,0,0,0,1,0,0,1,1,1,1,1,0,0,0,0,1,0,0,1,1,1,1,1,1,0,0,0,1,0,0,1,0,0,0,0,1,1,0,0,1,0,0,1,1,1,0,1,0,1,1,0,0,0,1,1,0
0,1,0,1,1,0,1,0,0,1,0,1,0,0,0,0,0,0,1,1,1,0,1,0,1,0,1,0,0,1,0,0,0,1,0,0,1,0,0,0,1,0,1,1,1,1,1,1,1,1,1,1,1,1,0,0,0,1,0,0,0,1,0,1,0,1,1,0,0,0,1,0,1,1,1,1,0,1,0,1,0,1,1,0,1,1,1,0,1,0,1,1,1,0,0,1,0,0,0,0,0
1,0,0,0,0,0,1,1,1,1,1,0,1,0,0,0,0,0,1,1,1,1,0,0,0,0,1,0,1,0,1,1,0,1,1,0,1,1,0,1,0,1,0,0,0,0,0,0,1,1,1,1,0,1,0,0,1,0,0,0,0,0,1,0,0,1,1,0,0,0,1,0,1,0,0,1,0,0,0,0,1,1,0,1,1,0,1,1,0,0,1,1,0,0,0,1,1,0,0,0,0
0,0,1,0,0,1,1,0,1,1,0,0,1,1,0,0,0,0,0,0,1,1,1,1,0,0,1,1,0,0,0,1,1,0,1,1,1,1,0,1,0,1,1,0,1,1,1,0,0,0,0,1,1,0,1,1,1,0,1,0,0,0,1,1,1,1,0,1,0,1,0,1,0,0,0,1,1,0,0,1,0,1,1,1,1,0,0,0,1,0,0,1,0,0,1,0,1,0,1,0,0
0,1,0,1,0,1,0,0,0,0,0,1,0,0,1,1,0,1,1,1,1,1,0,1,0,0,1,1,1,0,1,1,1,1,1,1,1,1,0,1,1,1,0,1,1,0,1,0,1,1,0,0,1,1,1,0,0,1,1,1,0,0,0,1,0,0,1,0,1,1,0,0,1,0,1,0,1,1,0,1,1,1,0,1,0,0,0,1,0,0,1,0,1,0,0,0,1,1,1,0,0
1,1,1,0,0,0,1,0,0,1,0,0,1,1,1,0,0,0,0,0,1,0,0,1,1,0,0,0,0,1,0,1,0,0,1,1,1,1,0,1,0,0,0,0,1,1,0,0,0,0,1,0,1,1,0,1,1,0,0,0,0,1,0,1,1,1,0,0,0,1,1,1,1,0,0,1,1,1,0,0,0,0,0,0,0,1,1,0,0,1,0,1,1,1,0,0,0,0,0,0,0
1,0,1,0,1,0,1,0,0,1,1,1,1,1,1,0,1,0,0,0,1,0,1,1,1,0,0,0,1,1,0,1,1,0,0,1,0,1,0,0,0,0,0,0,0,1,1,1,1,0,0,1,1,0,1,0,0,0,0,1,1,0,1,0,0,0,0,1,1,1,0,0,0,0,0,0,0,1,0,0,0,1,1,1,1,1,0,1,1,1,1,0,0,0,1,1,0,1,0,1,1
0,0,0,1,1,0,1,1,0,0,1,1,0,1,0,0,0,0,1,0,0,1,0,0,0,1,0,1,0,1,1,0,0,0,0,0,0,0,0,1,1,0,0,0,0,0,0,0,0,1,1,0,1,0,0,0,0,0,0,1,1,1,0,0,0,0,0,1,1,1,0,0,1,1,0,0,0,0,1,1,0,0,1,1,0,1,0,1,1,1,1,1,0,0,0,1,0,1,1,0,1
0,1,0,1,1,0,0,0,1,1,1,0,0,1,0,0,1,1,1,0,0,1,1,0,0,0,1,1,1,0,0,0,1,1,1,1,0,0,1,1,1,1,0,1,1,0,1,1,1,0,1,0,1,1,0,0,0,0,0,1,1,0,0,1,0,1,0,1,0,0,0,1,1,1,1,0,0,0,1,1,1,1,0,1,0,1,1,0,1,1,0,1,1,1,1,0,1,0,0,0,1
0,0,0,0,1,0,0,0,0,0,1,0,1,1,0,1,1,0,1,0,1,1,0,1,1,1,1,1,0,0,0,1,1,1,1,0,0,1,1,0,0,1,1,0,1,0,1,1,0,1,0,1,0,1,0,1,1,0,1,1,1,0,0,0,1,0,0,1,0,1,0,0,1,1,0,0,0,1,0,1,0,1,0,0,1,1,1,1,0,0,1,1,1,0,1,1,0,1,1,0,1
1,1,1,0,0,0,0,0,1,0,0,1,0,1,1,1,1,1,1,0,1,0,1,1,1,0,1,1,1,0,0,0,1,1,1,0,1,1,1,1,1,1,1,0,0,0,1,1,1,0,0,0,0,1,0,0,0,1,1,0,0,1,1,1,0,1,1,1,0,1,0,1,0,1,1,1,0,0,0,1,0,0,0,0,0,1,1,0,0,1,1,1,0,0,1,0,1,1,1,1,1
1,0,0,0,1,1,0,0,0,0,0,1,0,1,0,0,1,1,1,0,1,0,1,1,0,1,0,1,0,0,1,1,0,0,1,0,1,1,0,1,0,1,1,0,0,1,0,0,0,0,0,1,0,1,1,1,1,0,0,1,1,1,0,0,0,0,1,0,0,1,0,0,0,1,0,0,0,0,1,1,0,0,0,1,0,0,0,0,1,0,1,1,0,1,1,0,1,1,0,0,1
1,0,0,1,1,1,0,0,0,1,0,1,0,0,1,0,1,1,1,0,0,0,0,0,1,1,0,0,1,0,1,1,0,0,0,0,0,0,0,0,1,1,0,0,1,0,0,0,0,0,1,1,1,0,0,1,0,0,1,0,0,0,1,0,0,1,0,0,1,0,1,0,1,0,1,1,0,0,1,1,1,1,0,1,1,1,1,1,1,1,1,0,1,0,0,0,0,0,0,1,1
1,1,1,0,1,0,1,1,0,1,1,0,0,0,1,1,0,0,0,0,1,1,1,0,0,1,1,1,0,0,0,0,1,1,1,0,0,1,0,1,0,1,1,0,1,1,1,1,1,0,0,1,0,1,1,0,1,0,0,1,0,0,1,0,1,1,1,0,0,0,1,1,1,1,0,0,1,0,0,0,1,1,0,0,0,0,0,1,1,1,0,0,0,0,0,1,0,0,0,1,1
1,1,1,1,1,0,0,0,1,0,1,0,1,0,0,1,0,1,1,1,0,1,0,1,1,0,0,0,0,1,1,1,1,1,1,1,1,1,1,1,0,0,1,1,0,0,0,1,1,0,0,1,1,0,0,1,0,1,0,1,1,1,0,1,1,0,0,0,0,0,0,0,0,1,0,0,1,0,0,0,1,0,1,1,1,1,1,0,1,0,1,0,0,0,1,0,1,1,1,0,1
1,0,0,0,1,1,0,1,1,1,0,0,1,0,0,1,0,0,1,0,1,1,0,0,0,1,1,1,1,1,0,1,0,1,1,1,0,1,0,1,0,0,1,1,1,0,1,0,0,1,0,0,0,0,0,0,1,1,0,0,0,1,0,1,0,1,1,1,0,1,0,1,0,0,0,0,0,1,0,1,1,0,0,0,1,1,0,0,1,0,0,0,0,0,0,1,0,0,1,0,1
0,1,1,0,0,1,1,1,0,0,1,1,0,1,1,0,0,1,1,0,0,0,0,0,1,1,1,1,0,1,1,0,1,0,0,1,1,0,1,0,0,0,0,1,1,1,0,0,1,1,1,1,1,0,1,1,1,1,0,1,1,1,0,0,1,0,0,0,0,0,0,0,0,0,1,1,1,1,0,0,1,1,0,0,1,1,0,1,0,1,1,1,0,0,0,1,1,0,1,1,0
1,1,0,0,0,1,1,1,1,1,0,1,1,1,1,1,0,0,0,0,0,0,0,1,0,1,1,1,1,1,1,1,0,1,0,1,0,0,0,0,1,0,0,1,1,1,0,1,0,1,1,0,0,0,1,0,1,1,0,1,1,1,1,1,1,0,0,0,1,0,0,1,1,1,1,1,0,0,1,1,1,0,1,0,0,0,0,0,1,1,1,1,1,1,0,0,1,0,0,0,0
1,0,1,1,0,1,1,0,0,0,0,0,1,0,1,0,0,0,0,0,0,0,0,0,0,1,1,1,0,1,0,1,0,1,1,1,0,0,1,0,0,0,0,1,1,1,0,0,0,1,0,0,0,0,1,0,0,1,1,1,1,0,0,0,0,0,0,0,0,1,0,1,0,1,1,0,0,1,1,1,0,0,0,0,0,0,0,0,1,1,1,1,1,0,0,0,0,1,1,0,0
0,0,1,0,0,1,1,0,0,1,0,0,1,0,1,1,1,1,1,0,0,1,1,0,0,0,0,1,1,0,1,1,0,1,0,1,1,0,1,1,0,1,0,1,1,0,0,0,0,0,0,1,0,1,0,1,0,1,0,0,1,1,0,0,0,1,0,0,0,1,0,1,1,0,0,1,1,1,1,1,0,0,0,1,0,0,0,0,1,0,1,0,0,0,1,0,0,1,1,0,0
1,1,0,0,1,1,1,0,0,1,1,1,1,1,1,1,0,0,0,0,1,0,0,1,1,1,1,1,1,0,1,0,1,0,1,1,0,0,0,0,1,1,1,0,1,1,1,0,0,1,1,1,1,1,0,0,0,0,1,0,1,0,1,0,1,1,1,0,1,1,1,0,0,1,0,0,1,1,0,0,0,1,0,1,0,0,0,1,1,0,1,0,1,1,0,0,0,1,1,1,1
0,0,1,0,1,1,1,1,0,0,0,1,1,1,1,0,1,1,0,1,0,1,0,1,0,0,1,0,0,0,1,0,1,0,0,1,1,1,1,1,0,0,1,0,1,0,1,0,0,1,1,0,1,1,1,1,0,1,0,1,1,1,0,0,0,0,0,1,0,1,0,1,1,1,1,1,1,0,0,1,1,1,1,1,1,1,1,1,0,1,0,0,1,1,0,0,0,1,0,0,1
0,0,0,0,1,1,0,1,0,1,1,0,1,1,0,0,0,1,0,0,0,1,0,0,0,1,1,1,1,0,0,0,0,0,1,1,0,1,1,1,0,1,1,0,0,1,1,0,1,0,0,0,1,0,1,0,1,1,1,1,0,1,0,1,0,0,1,0,0,1,1,1,0,0,1,0,1,1,0,1,1,0,1,1,0,1,0,1,1,1,0,1,1,0,1,0,0,1,1,1,1
0,1,1,1,1,1,0,1,0,1,1,1,1,1,0,0,0,1,0,1,1,0,1,0,0,0,1,0,0,0,0,1,0,1,1,1,1,1,1,1,1,1,0,1,0,0,1,1,0,0,1,0,1,0,1,1,1,0,1,1,0,1,1,0,0,0,1,0,0,0,0,0,0,0,0,1,0,0,0,0,0,1,0,0,1,1,0,0,1,1,0,0,1,1,0,0,1,0,0,1,1
1,1,0,1,1,0,0,1,0,1,1,0,1,1,1,1,0,1,1,0,1,0,1,1,1,1,1,0,1,1,1,0,1,0,0,1,1,0,0,1,0,1,0,1,1,1,0,1,1,1,1,0,0,1,1,1,1,1,1,0,0,1,1,1,0,0,0,0,1,0,0,1,0,0,0,0,1,1,0,0,0,0,1,1,0,1,1,1,0,0,0,0,0,0,0,0,1,0,1,1,1
1,1,1,1,0,0,1,0,1,1,0,1,1,0,0,0,1,1,0,0,1,1,0,0,1,0,0,0,0,1,1,1,1,0,1,0,0,0,1,1,0,0,0,0,1,1,0,1,1,1,1,1,1,0,0,1,0,0,1,0,0,0,1,0,1,1,1,0,0,1,1,1,1,1,1,1,0,1,1,1,1,0,1,1,0,0,1,1,1,1,0,1,1,1,0,0,0,1,0,0,1
1,0,0,0,1,1,1,0,1,0,0,0,1,1,0,0,1,1,0,1,0,0,0,1,1,1,0,0,1,1,0,1,0,0,0,1,1,1,1,1,1,1,1,0,1,0,0,0,1,1,0,1,0,0,0,0,0,1,1,0,0,0,1,1,0,0,0,1,0,1,1,1,1,0,1,1,1,0,1,0,1,0,0,1,1,0,0,1,0,0,1,1,1,1,1,0,1,0,0,0,1
1,1,0,1,0,1,1,0,1,1,1,1,0,0,0,1,1,1,0,0,1,0,1,1,0,1,1,1,1,0,0,0,0,0,1,0,0,1,0,1,0,1,0,1,1,1,1,1,0,1,0,1,1,1,1,1,1,1,0,0,0,0,1,0,1,0,0,0,1,1,0,0,0,1,0,0,0,0,1,1,0,1,0,0,0,0,1,1,1,0,1,0,1,0,1,1,1,1,1,0,0
1,0,0,1,1,1,0,1,1,0,0,0,0,0,1,1,0,1,0,0,0,0,1,1,1,1,0,1,0,1,1,1,1,0,1,0,1,0,1,1,1,0,1,0,1,0,1,1,1,1,1,0,0,1,1,0,0,0,0,1,1,0,0,1,0,0,1,1,1,0,0,1,1,0,0,0,1,1,0,1,1,1,1,0,1,0,1,0,1,1,0,0,0,1,0,0,1,1,0,1,1
0,0,0,0,1,0,0,1,1,0,0,0,1,0,1,1,0,0,0,1,1,0,0,1,0,1,1,1,0,1,0,0,1,1,0,1,1,1,0,1,0,0,0,1,1,0,1,0,0,0,0,0,1,0,0,1,1,1,0,1,0,0,1,0,1,0,0,1,1,0,1,1,1,0,1,1,0,1,0,1,0,0,1,1,1,0,0,0,0,0,1,1,1,0,0,0,0,0,0,0,0
0,0,1,1,0,0,1,1,1,0,1,1,0,0,0,1,1,0,1,0,0,1,1,1,0,0,1,1,0,0,1,0,1,0,1,1,0,1,0,1,0,1,0,1,0,0,0,1,1,0,0,1,1,1,1,1,0,0,1,1,0,0,1,1,0,1,0,0,1,1,0,1,1,0,0,1,1,0,1,1,1,1,0,0,1,0,1,0,1,0,0,0,1,0,1,0,1,0,0,0,0
0,0,0,1,1,0,1,1,0,1,1,1,1,0,1,0,1,1,1,1,1,0,1,0,0,1,1,0,1,1,1,0,1,1,1,0,0,1,1,1,1,1,0,1,1,1,1,1,1,0,1,0,1,0,1,0,1,1,0,0,0,1,0,0,1,0,0,0,1,0,0,1,1,1,1,0,1,1,1,0,1,1,0,0,1,1,0,1,1,0,0,0,0,1,1,0,0,1,1,1,1
0,0,1,1,0,0,1,1,1,0,0,1,0,1,0,1,0,0,0,0,0,1,0,0,0,0,1,0,1,0,1,1,1,1,1,1,1,1,0,0,1,1,0,1,0,1,1,0,0,0,0,1,1,1,1,1,0,1,0,0,1,0,1,0,1,1,1,1,0,1,0,1,1,0,0,0,1,1,0,0,0,0,0,0,1,1,0,1,1,1,1,1,0,1,1,0,0,0,1,0,1
1,1,1,1,0,1,0,0,0,0,1,1,1,1,0,1,1,0,0,0,1,0,1,1,1,0,1,1,1,0,0,0,1,0,1,1,0,0,0,1,1,1,1,0,0,0,1,1,1,0,1,0,0,0,0,1,1,0,0,1,1,0,1,0,0,1,0,1,1,0,0,1,1,1,1,1,0,1,0,1,1,1,1,0,0,0,0,1,0,1,0,0,1,1,1,1,1,0,0,1,1
0,1,0,0,1,1,0,0,1,0,0,1,0,0,1,0,1,1,0,0,1,1,1,1,1,1,1,0,1,1,1,0,0,0,1,0,1,1,0,0,0,0,0,0,0,1,0,0,0,1,1,0,1,0,0,0,0,1,1,1,1,1,0,0,0,1,0,1,0,1,0,1,0,0,0,1,1,0,1,0,0,1,0,1,0,0,1,0,1,1,0,1,0,0,1,1,1,0,0,1,0
0,0,1,1,1,0,1,1,0,0,0,0,0,1,1,0,0,0,0,1,0,1,0,1,1,0,1,1,0,0,1,0,1,0,0,0,0,0,0,1,0,1,0,0,0,1,1,1,1,1,1,1,0,0,1,1,1,0,0,1,1,1,1,1,0,1,1,1,0,1,0,1,1,1,0,1,0,0,1,0,0,1,0,1,1,1,1,1,1,1,0,0,1,0,0,0,0,0,0,0,1
1,1,0,1,1,0,1,1,0,1,0,1,1,0,0,0,1,0,1,0,1,0,0,1,1,0,0,0,1,0,0,1,1,0,0,0,0,0,1,0,0,1,1,1,0,0,0,0,0,0,0,1,1,0,0,1,0,0,1,0,0,1,0,1,0,0,0,1,1,1,1,1,0,0,1,0,0,0,1,0,0,1,0,1,0,1,0,0,1,0,0,0,1,0,0,1,1,0,1,0,0
1,1,1,1,1,1,0,1,1,0,0,1,1,0,1,1,1,1,1,1,0,1,0,0,1,0,1,1,1,0,0,0,1,0,1,1,0,0,1,0,0,1,1,1,1,0,0,1,0,1,1,0,0,1,0,0,1,0,1,1,1,1,1,1,0,0,0,0,1,1,1,1,0,1,0,0,1,0,1,0,0,1,0,1,0,1,1,0,0,1,0,0,1,1,0,0,1,1,0,0,1
0,1,0,0,0,1,1,0,0,1,1,0,1,0,0,0,1,1,0,0,0,0,0,0,1,1,1,1,0,0,1,0,0,1,1,0,0,0,0,0,0,1,1,0,1,1,0,0,0,0,1,0,0,1,1,1,0,1,0,1,0,0,1,1,0,1,0,1,0,1,0,1,1,1,0,0,1,1,1,0,0,1,1,1,1,0,0,1,1,0,0,0,1,1,1,0,0,1,0,0,1
1,1,0,0,1,0,1,0,1,0,1,1,1,0,1,1,1,1,1,1,1,1,1,1,0,1,1,1,1,0,1,1,0,0,1,0,0,1,1,1,0,1,0,1,0,1,1,0,1,1,1,1,1,1,0,1,0,0,1,1,1,1,1,0,1,0,1,0,1,1,1,0,0,1,0,0,0,0,0,0,1,0,0,0,1,1,1,0,1,0,0,0,1,1,1,1,1,1,1,1,0
0,0,0,1,0,0,0,1,1,0,0,0,1,0,1,1,0,1,1,0,0,1,1,1,1,0,1,1,0,1,1,0,0,0,0,0,0,0,1,0,1,1,1,0,0,0,0,1,0,0,0,0,1,1,1,0,1,1,0,0,1,1,0,1,0,1,1,0,0,1,0,1,1,0,0,0,1,1,0,1,0,1,1,0,0,1,0,1,0,1,1,0,1,1,0,0,1,0,1,0,0
1,1,1,1,0,1,0,1,0,1,1,1,1,0,0,0,0,0,0,0,0,1,0,1,0,1,1,1,0,0,1,0,0,1,1,1,0,1,0,0,1,1,0,1,1,1,1,0,1,1,0,0,1,1,1,1,0,1,0,0,0,0,0,1,1,0,0,0,1,1,1,1,1,1,0,1,1,0,0,0,1,0,1,1,0,1,0,1,0,0,0,1,1,0,0,1,1,1,1,1,1
1,0,0,1,0,1,1,1,1,0,0,1,1,0,1,0,1,0,1,1,1,0,1,1,0,1,1,1,1,0,1,1,0,0,0,1,0,0,0,0,0,1,1,1,1,1,1,1,1,0,0,0,1,1,1,1,1,0,0,1,1,0,1,1,1,1,0,1,1,0,0,0,1,0,1,0,0,1,0,1,0,0,0,0,1,1,1,1,1,0,0,1,0,0,1,1,1,0,1,0,0
0,0,0,0,0,1,1,0,0,1,1,1,0,0,1,0,0,0,0,0,1,1,0,0,0,0,1,0,1,1,1,1,0,1,1,0,0,1,1,0,1,0,0,1,1,1,1,1,0,1,1,1,0,0,1,1,0,0,0,1,1,0,0,0,1,0,0,0,1,1,0,0,1,0,0,1,0,0,0,1,1,0,1,1,1,0,1,1,0,1,1,1,0,0,0,1,0,1,0,1,0
1,0,1,1,0,1,0,0,0,1,0,1,1,0,0,0,1,0,0,0,0,0,0,1,0,1,0,0,0,1,1,0,0,1,1,1,1,1,0,0,0,1,0,0,0,1,1,0,1,0,0,1,1,1,1,1,1,0,1,0,0,0,1,1,1,1,1,1,1,1,1,1,0,0,1,1,1,1,0,1,0,1,0,0,0,0,1,1,0,0,1,1,0,1,0,1,1,1,1,0,1
0,1,0,1,0,1,0,1,0,0,0,1,1,1,1,1,1,1,1,0,1,1,0,0,0,1,1,1,1,0,1,0,0,1,0,1,1,0,1,1,0,1,1,1,1,0,0,0,1,0,0,0,0,1,0,1,0,1,0,0,0,1,1,1,0,0,1,1,0,1,1,1,1,0,1,0,1,1,0,0,0,0,1,0,1,1,0,1,1,1,1,0,1,1,1,0,0,1,1,1,0
0,0,0,1,1,0,0,1,1,0,1,0,0,1,0,0,0,0,1,1,0,1,1,0,0,1,1,1,0,0,1,0,0,0,1,0,1,0,1,0,1,1,1,1,0,0,0,0,1,1,1,1,1,1,0,0,1,1,0,1,0,0,1,0,0,1,0,1,1,1,1,1,0,1,0,0,1,0,0,1,1,0,1,0,0,0,1,0,1,0,0,0,0,1,0,0,1,1,1,0,1
1,1,0,1,1,0,1,1,1,0,1,0,0,1,1,1,1,1,0,1,0,0,0,1,0,1,0,0,0,1,0,0,1,1,1,1,0,1,1,0,0,1,0,1,1,1,0,1,1,1,1,0,0,0,0,1,0,1,1,0,1,0,0,0,1,0,1,0,1,1,1,1,0,0,0,0,1,1,1,0,0,0,0,1,0,1,1,0,0,1,1,0,0,0,1,1,1,1,0,0,1
1,1,0,0,1,1,1,1,0,0,1,0,0,1,0,0,0,1,0,1,0,1,0,0,1,1,1,1,1,0,0,1,0,0,1,1,1,1,0,0,0,1,0,0,0,0,1,1,1,1,0,0,0,0,0,1,0,0,1,0,1,0,0,0,0,0,0,1,1,1,0,1,0,1,1,0,0,1,0,0,0,1,1,1,0,0,0,0,1,0,0,0,0,1,0,0,0,1,1,1,1
0,0,1,1,1,0,1,1,1,1,1,1,0,1,1,1,0,0,0,0,0,1,0,0,0,0,0,1,1,1,1,0,0,0,0,0,0,1,1,1,1,0,0,0,1,0,0,0,1,0,1,1,1,1,1,1,0,1,0,1,0,0,0,0,1,0,0,0,1,0,0,1,0,0,1,0,0,0,0,1,1,1,1,1,0,0,0,1,0,1,0,0,1,1,0,1,0,0,0,1,0
0,0,0,0,1,0,1,1,0,0,0,1,1,1,0,0,1,0,1,1,0,0,1,1,1,1,0,0,1,0,0,1,0,0,1,1,0,0,0,1,0,1,1,1,0,0,1,0,1,0,1,0,0,0,0,0,1,1,1,1,1,0,1,1,0,1,1,0,1,0,1,0,0,1,1,1,1,0,1,0,1,0,1,1,1,0,0,0,1,1,0,0,1,0,0,0,0,0,1,0,1
0,0,0,1,0,0,1,1,0,1,1,1,1,1,0,1,0,0,0,1,1,0,0,0,1,0,1,0,1,1,0,1,0,0,0,0,1,0,0,0,0,1,0,1,0,1,0,0,1,0,1,0,1,1,0,0,1,1,0,0,1,0,0,1,0,0,1,1,0,0,1,1,0,0,1,1,1,0,1,1,0,0,0,0,0,0,1,0,1,0,1,1,1,1,0,1,0,1,0,1,0
1,0,0,1,0,0,1,0,1,0,0,1,1,1,1,1,0,0,0,1,0,0,1,1,0,1,1,1,0,0,1,0,1,0,0,1,1,0,1,0,1,0,1,1,1,0,0,1,1,1,1,0,1,0,0,1,0,0,0,0,1,0,1,1,0,0,1,1,0,1,0,1,0,0,1,0,1,0,1,1,1,0,0,0,0,0,0,1,0,0,0,1,0,1,1,1,0,1,0,0,1
1,0,1,0,0,1,1,1,0,1,0,1,1,1,1,1,0,0,1,0,0,1,0,0,1,1,0,1,0,0,1,0,0,0,1,1,1,1,1,0,1,1,0,1,1,0,1,1,1,0,0,0,1,1,0,0,1,0,1,0,1,1,1,0,0,0,0,0,0,1,1,0,1,0,1,0,0,1,0,0,1,1,0,1,0,1,0,1,1,0,1,0,1,0,1,1,1,0,1,1,1
1,0,1,1,1,1,1,0,0,0,0,1,1,0,0,1,1,1,1,1,0,0,1,1,0,1,0,0,0,1,0,0,1,0,1,1,0,1,0,1,0,0,1,1,1,0,1,0,1,1,0,1,0,1,1,0,0,0,1,1,1,1,1,1,0,0,0,0,0,1,0,0,0,0,1,1,1,1,1,0,1,0,1,1,1,1,0,1,1,1,1,0,1,1,1,1,1,1,0,0,1
0,0,1,1,0,1,0,0,1,1,1,0,0,1,0,1,0,0,0,0,0,0,0,0,0,1,1,0,0,1,0,1,0,0,0,1,0,0,1,1,1,0,1,0,1,1,0,1,0,0,0,0,0,0,1,0,0,1,0,0,0,1,1,0,0,0,0,0,1,0,0,0,1,1,1,1,1,1,1,0,1,0,0,0,0,1,1,1,0,0,1,0,0,1,1,0,0,1,0,0,0
0,1,0,0,0,0,1,0,0,1,0,1,1,0,1,1,0,1,1,1,0,1,0,0,1,0,0,0,0,0,0,0,0,0,1,0,1,0,0,1,0,1,1,1,1,1,1,1,1,0,0,1,1,1,0,0,1,0,1,0,0,1,0,0,1,1,1,1,1,0,0,0,0,1,1,1,1,1,1,0,1,0,1,1,0,1,1,0,0,0,1,1,0,0,0,0,1,1,1,0,0
1,0,1,1,1,0,1,1,1,0,1,0,0,1,0,1,0,1,1,1,0,1,0,1,1,1,0,1,0,1,1,0,1,0,1,1,1,0,0,0,0,0,1,0,1,1,1,1,1,0,1,0,0,0,0,1,0,1,0,1,1,1,0,1,0,1,1,1,0,1,1,0,1,1,0,1,0,1,1,1,1,1,0,0,0,0,1,0,1,1,0,0,1,1,0,1,0,0,1,1,1
0,0,0,0,1,1,0,1,0,1,0,1,0,0,1,1,1,0,1,0,1,0,1,1,0,1,1,0,0,1,1,1,0,1,1,1,0,1,1,0,1,1,0,1,1,1,1,1,0,1,1,0,0,1,0,0,0,0,1,1,0,1,1,0,0,0,1,0,0,0,0,0,0,0,0,0,1,1,0,0,0,0,1,1,0,0,1,1,1,1,0,1,1,0,1,1,0,1,0,0,1
1,0,1,1,1,1,0,1,0,1,0,1,0,0,1,1,1,1,1,1,1,0,0,1,0,0,1,1,0,1,1,0,1,0,1,0,0,0,0,0,0,0,0,0,1,1,1,1,0,1,1,0,1,1,0,1,0,1,1,1,0,0,1,1,0,0,1,1,1,0,1,0,0,1,1,0,1,0,1,0,1,1,0,1,1,0,0,1,0,1,0,0,0,0,1,0,1,1,0,0,1
0,1,1,0,0,1,1,0,0,1,0,1,0,0,0,0,1,1,0,1,0,0,1,1,0,0,0,0,0,1,0,1,0,1,1,0,1,0,0,1,1,1,1,1,0,1,0,1,1,1,0,0,0,1,1,0,1,1,0,0,1,0,0,1,0,1,0,1,1,1,0,0,1,0,0,1,1,0,1,0,1,1,1,0,1,0,0,1,0,0,0,0,0,0,0,1,0,1,1,1,1
0,1,1,0,0,0,1,0,1,1,1,0,1,0,0,0,0,0,0,1,0,0,1,0,1,1,0,0,0,1,0,1,0,1,1,0,0,0,0,0,1,1,0,0,0,0,1,1,0,1,1,0,1,1,1,1,1,0,1,0,1,0,1,1,0,0,0,0,1,0,0,0,0,0,0,0,0,1,0,1,0,1,0,0,1,0,1,0,1,0,0,1,0,0,0,1,1,0,1,0,1
1,1,0,1,1,1,1,0,1,0,1,0,1,1,0,0,1,1,1,1,1,1,1,1,0,1,1,0,0,1,0,1,1,0,1,0,1,1,1,1,1,1,0,1,0,0,0,0,1,0,1,0,0,0,0,1,1,0,1,0,0,1,1,0,1,0,1,1,1,1,1,1,0,0,0,0,1,0,0,0,0,1,1,1,0,1,0,0,0,1,1,1,1,0,1,0,1,1,1,0,0
1,1,0,0,1,1,0,1,1,1,1,1,1,1,1,0,1,0,0,0,1,1,0,1,1,0,1,0,0,1,1,1,1,0,0,1,1,0,0,0,0,0,0,0,0,0,1,1,0,1,0,0,0,0,1,0,0,0,1,0,1,0,1,0,0,0,1,0,1,0,0,0,1,1,1,1,1,1,1,1,0,1,1,1,1,1,0,0,0,1,1,0,1,1,1,0,1,0,0,1,1
1,1,1,1,0,1,1,0,1,0,0,0,0,1,0,1,0,1,0,0,1,1,0,0,1,0,1,0,0,1,0,1,0,1,0,0,1,0,1,0,1,1,1,0,0,1,1,1,1,1,0,0,0,1,1,0,1,0,1,0,0,1,0,1,0,1,0,0,1,0,0,1,1,0,1,1,0,1,1,0,0,0,0,0,1,1,0,0,0,0,0,1,1,1,0,0,1,0,0,1,1
1,1,1,1,0,0,0,0,0,1,0,0,0,0,1,1,0,0,1,0,0,1,0,0,1,0,1,1,0,0,0,1,1,0,1,0,0,0,1,0,1,0,1,0,0,1,1,1,0,1,1,0,1,0,1,1,1,0,1,1,1,1,0,1,0,0,1,1,1,0,0,1,0,1,1,0,1,0,1,0,1,0,0,1,1,1,0,0,1,0,1,0,0,1,1,1,1,1,0,1,1
0,0,0,0,0,0,0,1,1,1,0,1,1,1,1,0,1,0,1,1,0,1,0,1,0,1,1,0,0,1,0,0,0,1,0,1,0,0,1,0,1,0,0,1,1,1,1,1,1,0,1,0,1,1,0,0,0,1,1,1,1,1,1,1,0,0,1,1,0,0,0,0,1,1,0,1,1,0,1,1,0,1,1,0,0,0,1,1,1,1,1,1,1,0,0,1,0,0,1,0,1
0,1,0,1,1,1,0,0,0,0,1,1,0,1,0,0,0,0,0,0,1,0,1,0,1,1,0,1,1,1,1,1,0,0,0,1,1,1,0,1,1,1,0,1,1,0,1,1,0,1,0,0,0,1,1,0,0,0,0,0,1,0,0,0,1,1,0,1,0,1,1,0,0,0,1,1,1,1,0,1,0,0,1,1,0,0,0,1,1,1,1,1,0,1,0,1,0,1,0,0,1
0,0,0,0,0,1,1,0,0,0,0,1,0,1,0,0,1,0,1,0,0,0,0,0,1,1,1,1,0,0,0,1,1,0,0,0,1,1,0,0,0,1,1,0,0,0,1,0,1,0,1,0,0,1,1,1,0,1,1,1,0,1,1,0,0,1,1,0,0,1,0,0,0,1,0,0,0,0,1,1,0,0,1,0,0,0,0,1,1,1,1,0,1,0,1,0,1,0,1,1,0
1,0,1,0,1,1,1,1,0,0,0,1,1,0,0,0,1,1,1,1,1,0,1,0,0,0,0,1,0,0,0,0,0,1,1,0,1,0,0,0,0,0,1,1,0,1,0,1,1,0,0,1,0,1,0,0,0,1,0,1,0,1,0,0,1,0,0,1,1,0,1,0,1,0,1,0,1,0,0,1,0,1,1,0,1,1,0,0,1,0,1,1,0,0,1,1,1,0,1,0,1
1,1,0,1,1,1,1,1,0,0,1,1,1,0,0,1,1,0,0,0,1,0,0,1,0,1,1,0,1,0,1,0,0,0,0,1,0,1,0,1,0,1,1,0,1,1,0,0,0,1,1,1,1,1,0,1,1,1,0,0,1,1,0,0,0,1,0,0,0,1,1,1,1,0,1,1,0,1,1,1,1,0,1,0,1,1,1,0,0,0,0,0,0,1,0,0,1,0,1,1,0
1,0,0,0,1,0,0,1,1,1,0,1,1,1,1,0,1,1,1,0,0,1,1,1,0,1,1,1,0,1,0,1,0,0,1,0,0,0,1,1,0,0,1,0,1,1,1,0,1,0,1,1,1,0,0,1,1,1,1,0,1,0,1,1,1,1,1,0,1,0,0,1,0,0,0,0,0,1,1,0,1,1,0,1,1,1,0,0,1,0,0,1,1,0,0,0,0,0,0,0,1
0,0,0,0,1,0,1,0,1,0,1,0,0,1,1,0,0,0,0,0,1,0,1,1,0,0,1,0,1,1,0,0,1,1,1,0,1,1,1,1,1,0,1,0,1,0,0,0,1,1,1,0,1,1,0,0,1,1,0,1,1,1,1,1,1,0,1,0,0,0,1,1,1,1,0,0,0,1,0,1,1,1,0,1,0,1,1,1,0,0,1,0,0,0,0,1,1,1,0,1,0
0,1,0,1,1,0,1,1,1,1,0,0,1,1,0,1,1,0,1,0,0,1,0,0,0,0,0,0,1,1,1,0,1,0,0,0,1,1,1,0,0,1,0,1,1,0,0,1,0,0,1,0,1,0,1,0,0,1,0,1,1,1,1,0,0,1,0,1,1,0,1,0,0,1,1,1,0,0,0,0,1,1,0,0,1,0,1,0,0,0,0,1,1,0,0,0,0,1,1,0,0
1,1,0,1,1,1,0,0,1,1,0,0,1,0,1,1,1,0,1,0,1,0,1,1,0,0,1,1,1,1,1,0,1,1,1,1,0,1,1,0,1,1,1,0,1,0,0,0,1,1,0,1,1,0,0,1,0,0,0,1,0,0,0,0,1,1,0,0,1,1,1,0,1,1,0,0,0,0,1,1,0,1,0,1,0,1,1,1,0,1,1,1,1,1,0,0,0,1,0,0,0
1,1,0,1,1,1,1,0,1,0,0,1,1,1,0,1,0,0,0,1,0,0,0,1,1,0,1,1,0,0,0,0,0,0,1,0,1,0,0,1,0,0,1,1,0,0,0,1,1,0,1,0,0,0,0,1,0,1,0,1,1,0,1,0,0,1,1,1,0,0,1,0,1,1,1,0,1,1,0,1,1,0,0,0,0,0,1,1,0,1,0,0,0,0,0,0,0,1,0,1,0
1,0,1,1,1,0,0,1,0,1,0,1,0,1,1,0,0,0,1,0,1,1,1,1,0,1,1,0,1,1,0,1,1,1,1,1,0,1,0,0,0,1,1,0,1,1,0,0,0,0,0,0,0,0,1,0,1,1,1,1,0,1,0,0,0,1,0,1,0,1,1,1,0,0,0,0,0,1,0,0,0,0,0,1,0,0,0,0,1,1,1,0,0,0,0,1,0,1,1,0,1
1,0,0,0,1,0,0,1,1,0,1,1,0,0,1,1,1,1,0,1,1,0,1,1,0,0,0,1,0,0,1,1,0,1,0,0,0,1,0,0,1,1,1,1,1,1,1,0,0,0,1,0,0,1,1,0,0,0,0,1,0,1,0,1,1,1,1,1,0,1,0,0,0,0,1,1,0,1,1,1,1,1,0,0,0,0,1,0,0,1,1,1,1,1,0,0,1,0,1,1,1
0,1,1,0,0,0,0,1,0,1,1,1,0,0,0,1,1,0,1,1,0,1,1,1,0,0,0,0,0,1,1,1,0,1,0,0,1,0,0,0,1,1,0,0,1,0,0,1,0,0,1,0,1,0,0,1,1,1,1,0,0,1,1,1,0,0,1,0,1,1,1,1,0,1,0,0,1,0,1,0,1,0,1,0,1,1,0,1,1,0,0,1,0,0,0,0,1,0,0,0,0
1,0,0,0,0,1,0,1,1,0,1,0,0,0,1,1,1,0,1,0,0,1,1,1,1,0,1,1,1,1,1,1,1,1,0,0,1,1,1,0,1,0,1,0,0,0,1,0,0,1,1,0,0,0,0,0,0,1,1,1,0,0,0,0,1,0,1,1,1,0,1,0,1,1,0,1,0,0,1,0,1,1,0,0,1,0,0,0,0,1,0,0,1,0,1,1,1,0,0,1,0
0,0,0,1,0,1,0,1,0,0,0,1,0,1,0,1,1,0,0,1,1,0,1,0,0,1,1,1,0,0,0,1,0,1,1,1,1,0,0,1,0,0,0,0,1,0,0,1,1,1,1,1,1,1,0,0,1,0,0,1,1,1,1,0,0,1,0,0,0,0,0,0,0,0,0,0,0,1,1,0,1,0,1,1,1,1,1,1,0,1,1,0,1,0,0,1,0,0,0,0,1
1,1,0,1,1,0,1,0,1,0,1,0,0,0,1,1,0,0,0,1,0,1,0,1,0,0,1,0,0,0,0,1,0,0,0,1,0,1,0,0,1,1,0,1,0,0,0,0,0,0,1,1,0,1,1,0,0,0,0,0,1,1,1,1,1,0,0,1,0,0,1,0,0,0,0,0,1,0,1,0,1,1,1,0,0,1,0,0,1,0,1,0,1,1,1,1,1,1,1,0,0
1,1,0,0,1,1,1,1,1,0,1,1,0,0,0,1,1,1,0,0,1,0,1,1,1,0,1,1,0,1,0,0,0,0,1,0,1,0,0,1,0,1,1,0,1,0,0,0,0,0,0,1,0,1,0,0,0,1,0,1,0,0,1,0,1,0,1,0,0,1,0,0,0,0,1,0,1,0,1,0,1,0,0,0,1,1,0,1,1,1,0,0,0,0,1,0,0,1,0,0,0
0,1,1,0,1,0,1,0,1,1,1,0,0,1,1,0,0,1,1,1,0,1,1,0,0,1,0,1,0,0,1,0,1,0,0,1,0,1,0,1,0,1,1,0,0,1,1,1,0,0,1,1,0,0,1,1,1,0,1,0,0,0,0,0,1,0,0,0,0,0,0,1,1,1,1,1,1,0,0,0,1,1,1,0,0,1,1,1,1,0,0,1,0,0,1,0,1,0,0,0,1
1,0,0,0,0,1,1,0,0,0,1,1,1,1,1,1,1,1,1,1,0,1,0,0,1,1,1,0,0,1,1,0,0,1,0,0,1,0,0,0,1,0,1,1,0,1,0,0,0,1,1,1,1,1,1,1,1,1,1,1,1,0,0,1,1,0,1,1,0,1,1,1,0,0,0,0,0,1,1,1,0,1,0,1,1,0,1,1,0,1,1,0,0,1,1,1,1,0,1,1,0
0,1,1,1,0,0,1,0,1,1,0,0,1,1,1,1,0,0,0,0,1,0,1,0,0,0,1,0,0,0,0,1,0,1,0,1,0,0,1,1,1,1,0,1,0,1,0,1,0,1,0,1,1,1,0,1,0,0,0,1,1,1,1,0,1,0,0,1,1,0,0,1,1,1,1,0,0,1,0,1,1,0,1,0,1,1,1,1,0,1,1,0,0,0,0,1,1,0,1,1,0
0,1,0,0,0,1,1,0,0,1,0,1,0,1,1,1,0,1,0,1,0,0,1,0,0,1,0,1,0,0,0,1,1,1,1,1,0,1,1,0,0,0,0,0,1,0,1,0,0,0,1,1,1,1,0,1,1,1,1,1,1,1,1,0,1,1,0,1,0,1,1,1,0,0,0,0,0,0,1,1,1,1,0,1,0,0,1,1,1,1,1,1,1,0,1,1,1,0,0,1,1
1,0,1,1,1,1,1,0,0,0,0,0,1,0,0,1,1,1,0,0,0,0,0,0,1,0,0,0,0,0,0,0,0,1,0,0,1,0,0,1,0,0,1,0,0,1,0,0,1,0,1,1,0,1,0,1,1,0,1,0,0,0,1,0,0,0,1,0,0,1,0,1,0,0,1,0,1,0,0,1,0,0,0,0,1,1,1,1,0,1,0,0,1,0,0,1,0,0,1,0,1
0,1,0,1,1,0,0,0,1,0,0,0,0,1,0,0,1,1,1,0,0,0,1,0,0,1,1,0,0,1,1,0,1,1,1,0,0,0,0,0,1,0,1,1,0,0,0,1,0,0,0,0,1,1,0,1,1,0,1,0,1,1,0,1,1,0,1,0,0,1,1,0,0,0,0,0,0,1,0,1,1,1,0,0,0,0,1,0,1,1,0,1,0,1,1,1,0,0,1,1,1
0,0,0,0,1,1,1,0,0,0,1,0,1,0,0,1,0,0,0,0,0,0,1,0,0,0,0,0,1,1,0,0,0,0,1,0,0,0,0,1,1,1,1,0,1,0,1,0,1,1,0,1,0,0,0,0,0,1,1,1,1,1,1,1,1,1,1,1,0,1,0,1,0,0,0,0,0,1,0,1,0,0,0,1,1,0,1,1,0,0,1,0,0,0,0,0,1,0,0,0,1
0,1,1,1,1,0,0,1,0,0,0,0,1,1,1,0,0,1,0,1,1,1,0,1,1,0,1,1,0,1,0,0,0,0,0,0,1,0,0,0,0,1,1,0,0,1,0,1,0,0,0,0,1,1,1,0,0,1,1,1,1,1,0,1,1,0,0,1,0,0,1,1,0,0,1,1,1,1,1,1,1,0,1,1,1,0,0,1,1,1,1,0,0,1,0,0,0,0,1,0,0
1,0,0,1,0,1,1,0,1,0,0,0,1,0,1,1,0,1,0,0,0,1,1,1,0,1,0,1,0,0,1,0,0,0,0,0,0,0,0,0,1,0,1,1,0,1,1,0,1,1,0,1,0,0,1,0,0,0,1,1,1,0,1,0,1,0,0,1,0,1,1,0,1,1,1,0,0,1,1,0,0,1,1,0,0,0,1,0,0,1,0,0,1,0,0,0,0,0,1,1,0
1,1,1,1,1,1,1,0,1,1,0,0,0,0,0,1,0,1,0,1,1,0,1,0,1,1,1,1,0,0,1,1,1,0,0,0,0,1,0,1,1,1,0,1,0,1,0,0,0,0,0,0,1,0,0,1,1,0,1,1,1,0,1,0,0,0,1,1,1,0,1,0,1,1,0,1,1,0,1,0,0,1,0,0,0,0,1,0,1,1,0,1,1,0,0,0,0,0,1,0,1
1,1,0,1,0,1,1,1,0,0,1,1,0,0,0,1,0,0,1,1,0,1,1,0,1,1,1,1,1,1,0,0,0,1,1,1,0,1,0,0,1,1,1,1,0,0,1,1,0,0,1,0,1,0,1,0,0,0,0,1,0,1,1,1,1,1,1,0,0,0,1,1,0,1,1,0,0,1,1,0,0,1,1,0,1,0,0,0,0,0,0,1,1,0,1,0,1,1,1,0,1
0,1,0,1,0,0,0,1,0,1,0,1,0,1,0,0,0,1,1,1,1,0,0,1,1,1,1,1,0,1,0,1,1,1,1,0,1,1,0,0,0,0,0,1,0,0,1,1,0,0,0,1,0,0,1,1,0,1,1,0,0,1,0,1,0,0,0,1,0,1,0,0,0,1,1,1,0,1,0,1,0,1,1,0,1,0,0,0,0,0,0,1,1,1,0,0,0,1,0,1,1
1,1,0,1,0,0,1,0,1,0,1,0,0,1,0,0,1,1,1,0,0,0,0,1,1,1,1,0,1,1,0,1,0,0,1,0,1,1,0,1,0,0,0,1,0,1,1,1,0,1,1,0,1,1,0,1,0,0,1,0,0,0,1,0,1,0,1,0,0,1,0,1,0,1,0,1,1,1,1,0,0,0,0,0,1,0,1,1,1,0,1,1,0,0,1,1,1,0,0,0,0
0,1,1,0,1,0,1,1,1,0,1,1,0,0,1,0,1,1,0,0,1,1,1,0,0,0,1,0,1,0,1,1,0,1,0,0,1,1,1,1,1,1,0,1,0,1,1,1,0,1,0,0,0,0,0,1,0,1,1,1,0,0,1,1,0,1,0,1,0,0,0,0,0,0,0,1,1,1,0,0,0,1,1,1,1,0,1,1,0,1,1,1,1,1,0,0,1,0,1,0,1
1,1,0,0,0,0,0,1,0,1,0,1,0,0,0,0,1,0,0,0,1,1,0,0,0,0,0,1,1,1,1,0,0,0,1,1,0,1,1,1,1,0,0,0,1,0,1,1,1,1,0,1,1,0,0,1,0,1,0,1,1,0,1,1,0,0,1,1,1,1,1,0,1,1,0,0,1,1,0,0,1,1,0,0,0,0,1,0,0,0,0,1,0,1,1,0,1,1,1,0,1
1,0,1,1,0,0,1,0,1,0,0,0,0,1,0,0,0,0,0,0,1,0,1,1,1,0,0,0,0,0,1,1,0,0,1,1,0,1,1,0,0,1,0,1,1,0,0,1,1,0,0,0,0,0,0,0,0,1,0,1,0,0,0,0,1,1,1,1,0,1,0,1,1,0,0,1,1,0,1,0,1,1,1,0,1,0,1,1,0,1,0,1,1,1,1,1,0,0,1,1,1
0,1,1,0,0,1,0,0,1,1,0,0,1,0,1,1,0,1,0,1,0,0,0,1,1,0,0,0,1,0,0,0,0,1,0,1,1,0,1,1,0,0,0,1,1,0,1,0,0,0,1,1,0,0,1,0,1,1,1,0,1,0,0,0,1,1,0,1,1,1,1,1,0,0,0,1,1,0,0,0,1,0,1,1,1,0,1,1,0,0,0,0,1,0,0,1,1,0,1,0,1
1,0,1,0,0,1,0,0,0,1,1,1,0,1,0,0,1,1,1,1,1,1,0,0,0,0,1,0,1,1,0,0,1,0,0,1,0,0,0,1,0,0,0,1,1,1,1,1,0,1,1,1,1,1,1,1,1,1,1,0,0,0,0,0,1,1,0,0,1,0,0,1,1,0,0,1,0,1,1,1,1,1,1,0,0,0,1,0,0,0,0,1,0,1,0,1,1,1,0,0,0
0,0,0,1,1,1,1,0,1,1,0,1,0,1,0,0,1,0,0,1,0,0,0,0,1,1,1,0,1,1,0,0,1,1,1,1,0,0,1,0,1,0,0,0,0,0,0,0,0,1,1,1,1,1,1,1,1,1,0,1,1,1,0,1,1,0,0,0,0,0,1,1,0,1,1,0,0,0,1,1,1,0,1,0,0,0,1,1,0,1,1,1,1,1,1,1,1,1,1,0,1
0,1,0,0,1,1,1,1,1,0,0,1,0,0,1,0,1,1,0,1,1,1,1,1,0,0,0,1,0,1,1,1,1,0,0,0,1,1,0,1,1,0,1,1,0,0,1,0,1,1,1,0,0,1,1,0,1,0,0,1,1,1,0,0,0,1,0,1,1,1,1,0,1,1,1,1,0,1,0,0,1,0,0,0,0,0,0,1,1,1,1,0,0,1,1,1,1,1,0,1,0
0,0,1,1,0,0,0,1,0,0,0,1,0,1,0,0,1,0,1,1,1,1,0,1,0,1,1,0,1,1,0,0,0,1,1,1,1,0,1,1,1,1,0,1,0,1,1,1,1,1,1,1,0,1,1,0,0,0,0,0,0,1,0,0,0,0,0,1,0,1,0,0,1,0,1,0,1,0,0,0,1,1,1,0,0,1,1,1,0,1,1,0,1,1,1,0,1,1,1,1,1
0,0,1,1,0,1,1,1,1,1,1,0,0,0,0,0,0,0,1,1,1,0,1,1,0,1,1,1,0,0,1,1,1,1,0,0,0,0,1,0,1,1,0,1,1,0,1,0,1,0,0,0,1,1,0,0,1,0,0,0,0,1,1,1,0,0,0,1,1,1,1,1,0,1,0,1,1,1,1,0,1,0,0,0,0,1,0,1,1,1,0,0,1,0,1,0,0,0,0,0,0
0,1,1,1,0,1,0,1,0,1,0,0,1,0,1,1,1,1,1,0,0,0,1,1,1,0,0,0,1,1,1,0,1,0,1,0,1,1,0,0,1,1,0,1,0,0,0,0,1,0,0,1,1,1,1,1,1,1,0,1,1,1,0,1,0,1,1,0,0,0,1,1,1,0,1,0,0,0,1,0,0,0,1,0,1,1,1,1,0,0,1,0,0,0,1,1,1,1,0,0,0
1,0,1,1,1,0,0,1,1,0,0,0,1,1,0,0,1,1,1,1,1,1,0,0,1,0,1,0,0,1,1,0,1,1,1,1,0,0,1,1,0,0,0,1,1,1,0,0,1,0,1,0,1,0,0,0,1,1,1,0,1,0,0,0,0,1,1,0,1,0,0,1,1,0,0,0,1,0,0,0,0,1,0,1,0,0,0,0,1,0,0,0,0,1,0,0,1,0,0,1,1
0,1,1,0,1,0,1,0,1,0,0,1,1,0,0,1,1,0,1,1,0,1,0,0,0,1,1,1,0,1,0,0,0,1,1,0,0,0,0,0,1,1,0,1,1,1,0,1,1,0,0,1,1,1,0,0,1,0,0,0,1,0,0,1,1,0,0,0,1,0,1,0,0,0,1,1,1,1,0,1,1,1,0,1,1,0,1,0,1,0,0,0,1,0,0,0,0,1,1,1,0
1,0,1,0,1,0,0,0,0,0,1,1,1,1,1,0,1,1,0,1,0,0,0,1,0,1,1,0,1,0,0,1,1,0,1,0,1,1,1,1,0,0,0,0,0,0,1,1,0,1,0,1,0,1,0,0,0,0,0,0,1,0,0,0,1,0,0,0,1,0,0,0,0,1,0,0,1,0,0,0,1,0,0,1,1,1,0,0,1,0,1,1,1,1,1,0,0,0,0,0,1
1,0,0,0,1,1,1,1,0,1,0,1,1,0,0,1,0,0,0,1,1,0,0,0,0,0,1,0,1,0,0,1,0,1,0,0,0,0,0,0,1,0,0,1,1,0,0,0,0,0,0,0,0,1,0,0,1,0,0,0,1,1,0,0,1,0,0,0,0,1,0,0,0,1,0,0,0,0,1,0,0,0,0,1,1,0,1,0,1,0,0,0,1,0,1,1,1,0,0,0,1
0,0,0,0,0,0,0,1,0,0,0,0,0,0,1,1,0,1,1,0,1,1,0,0,1,1,0,1,0,0,1,1,0,1,1,0,0,1,0,0,1,1,1,1,1,0,1,1,1,1,0,1,0,1,0,0,0,0,1,1,1,1,0,1,1,1,1,0,0,1,0,1,1,0,0,0,1,0,0,1,0,0,1,0,0,0,1,1,0,1,0,0,1,1,0,0,0,1,0,1,1
1,0,1,1,1,0,0,0,1,0,0,1,1,0,0,1,0,1,1,0,0,1,0,1,0,0,0,1,1,0,0,0,0,0,1,0,0,0,0,1,0,1,1,1,1,1,1,0,0,0,0,1,1,0,0,1,1,0,0,0,0,0,0,0,1,0,1,1,0,0,0,1,0,0,0,0,0,1,0,1,0,1,1,0,0,0,1,1,0,1,1,0,1,0,0,1,1,1,1,1,0
1,0,0,1,0,1,0,1,1,0,0,0,0,0,1,0,1,0,1,0,1,0,0,1,0,1,0,0,0,0,0,0,0,1,0,1,1,0,1,0,1,0,0,0,0,0,0,1,0,1,0,1,1,0,0,0,0,1,1,1,1,0,0,1,0,1,1,0,1,1,0,1,0,0,0,1,0,1,1,0,0,1,1,1,0,0,0,0,0,1,0,0,0,1,0,1,1,1,0,1,1
1,1,0,1,1,1,0,1,0,0,0,0,1,1,1,0,0,0,0,0,0,0,0,0,0,0,1,0,1,1,1,1,0,1,1,0,1,1,1,0,0,0,0,1,0,0,0,0,0,0,0,0,0,1,0,0,0,1,1,0,1,1,0,0,1,1,0,1,1,0,0,0,1,0,0,0,1,0,0,0,1,0,1,1,1,0,0,1,0,1,1,0,1,0,0,0,1,0,1,1,1
1,1,0,1,0,0,1,0,0,0,0,0,0,1,0,1,1,0,0,0,1,1,1,1,0,0,0,1,1,0,0,1,1,1,1,0,0,0,0,0,0,1,1,1,1,0,1,0,0,1,0,1,1,0,1,0,0,1,1,0,0,1,1,1,0,1,1,0,1,1,1,1,1,1,0,1,0,1,0,1,1,1,1,0,0,0,1,1,1,0,1,0,1,1,1,1,0,0,1,1,0
0,0,0,1,0,0,0,0,0,1,0,1,1,1,1,1,0,1,1,1,0,0,0,0,1,1,1,0,0,0,0,0,1,0,1,1,0,0,1,1,1,0,0,0,0,0,1,0,0,1,1,1,0,0,0,0,1,0,0,1,1,0,1,0,1,0,1,0,0,1,1,1,0,0,0,0,0,0,0,1,0,1,0,0,1,0,0,0,0,0,1,0,1,0,0,1,0,0,1,0,1
1,0,0,1,1,0,1,1,1,0,0,0,0,0,1,0,1,0,1,1,1,0,0,1,1,0,0,0,1,1,1,1,0,1,0,0,1,1,1,0,1,0,1,1,1,0,0,0,0,1,0,0,1,1,0,1,1,0,0,1,0,0,0,1,0,0,0,1,0,0,0,0,1,1,0,0,1,0,0,0,1,1,0,0,0,0,1,0,1,0,1,0,0,0,0,0,1,0,0,1,0
0,0,1,0,1,1,0,1,1,0,0,0,1,1,1,0,0,1,0,1,0,1,0,0,1,1,1,1,1,1,0,0,0,0,1,0,1,1,0,0,0,1,1,0,0,1,0,1,1,1,0,0,0,0,0,1,1,0,0,0,0,1,0,1,0,1,0,1,1,1,1,0,0,1,0,1,1,0,1,1,1,1,0,0,0,0,1,1,1,0,0,1,0,0,1,1,0,1,1,1,1
1,1,0,1,0,0,1,0,1,1,1,0,1,1,1,1,1,1,0,0,0,0,0,1,1,1,0,1,0,1,1,1,1,1,0,0,0,1,1,1,0,1,1,1,0,0,1,0,1,1,1,0,1,1,0,1,1,0,1,1,1,0,1,0,1,1,1,1,0,1,0,0,0,1,1,1,0,0,0,0,0,1,1,0,0,1,1,0,0,0,1,1,0,1,0,1,0,1,1,1,1
0,1,1,1,1,0,1,1,1,0,1,0,1,1,0,0,1,1,0,1,0,0,0,1,0,0,0,0,1,0,1,0,0,1,1,0,1,0,0,0,1,1,0,1,1,1,1,0,0,1,1,0,0,1,1,0,1,1,0,1,0,1,0,0,0,0,1,1,1,0,0,1,0,1,0,1,0,0,0,0,0,1,0,1,1,1,1,1,0,0,0,1,1,0,0,1,0,1,0,0,1
0,1,0,1,0,0,0,1,0,0,1,1,0,0,1,0,0,0,0,1,0,1,0,1,1,0,1,0,0,1,1,0,0,1,1,1,1,1,0,0,0,1,1,0,1,1,0,1,1,0,0,0,0,1,0,0,0,0,1,1,1,1,0,0,1,0,1,0,0,1,0,1,1,0,1,1,0,1,1,0,0,0,0,1,0,1,1,1,1,0,1,0,0,0,0,1,1,0,0,1,0
1,1,1,0,0,0,0,1,1,0,1,0,0,0,1,0,0,0,1,1,0,1,1,1,0,0,0,0,1,0,1,0,1,1,1,0,1,1,0,0,0,0,0,0,1,1,0,1,1,0,1,0,0,1,1,0,0,1,0,1,0,0,1,0,0,1,0,1,0,1,1,1,0,1,0,1,0,1,0,0,0,0,0,0,0,1,0,1,1,0,1,1,1,1,0,0,0,0,0,0,1
0,1,1,0,1,1,1,0,1,1,1,1,0,0,1,0,0,0,1,0,0,0,1,0,1,0,1,0,1,1,0,1,1,0,1,0,0,1,0,1,0,1,1,1,0,1,1,1,0,1,1,1,1,0,0,0,1,1,0,1,1,1,0,0,1,1,0,1,1,0,1,1,0,0,1,1,0,1,0,1,1,0,0,1,0,0,1,1,1,0,1,0,1,0,1,1,0,0,1,0,0
0,1,1,0,0,1,1,1,1,1,1,0,1,1,1,1,1,0,1,0,1,1,1,0,0,0,0,1,1,1,1,1,1,0,1,1,1,0,0,0,1,0,0,1,1,1,1,0,1,1,0,0,1,1,1,1,1,1,0,1,1,0,1,1,0,1,0,0,1,0,0,1,1,0,1,0,0,1,1,0,1,1,1,1,0,0,1,1,1,1,0,0,1,0,1,0,1,1,0,0,0
0,0,0,0,0,1,1,0,0,1,0,1,1,1,1,1,1,0,1,1,0,0,1,0,0,0,1,1,0,0,1,1,0,1,1,0,1,0,1,1,1,0,1,0,0,0,0,1,0,1,1,1,1,0,0,0,0,0,1,0,0,1,1,1,1,1,0,1,0,0,1,0,0,1,0,1,1,1,0,1,1,0,1,0,1,0,1,1,0,1,0,1,0,1,0,0,1,1,0,1,1
1,0,1,1,0,1,1,1,0,1,1,1,1,1,0,0,1,1,1,0,0,0,0,0,0,1,0,0,0,1,1,1,1,0,1,1,0,1,1,0,0,1,0,0,0,1,0,0,0,1,1,1,0,1,0,1,1,0,1,1,0,1,0,1,1,1,0,1,1,1,1,1,1,1,0,1,1,0,0,1,1,0,0,1,0,0,1,1,0,1,1,1,0,1,1,0,1,1,1,1,1
0,0,0,0,0,0,0,1,1,0,1,1,1,1,0,0,1,0,0,1,1,0,0,1,0,0,1,1,1,1,1,0,0,0,1,0,1,0,0,0,1,0,0,0,0,1,1,1,1,1,1,0,0,0,1,0,1,0,0,1,0,1,0,0,0,0,1,0,1,0,1,1,0,0,1,0,0,0,1,1,0,0,0,0,1,0,1,0,1,0,1,1,0,0,0,1,0,0,1,0,0
1,1,0,1,1,1,1,1,0,0,0,1,1,0,1,1,1,1,0,1,1,1,1,1,0,1,0,1,0,0,1,1,0,1,0,1,0,1,0,1,0,1,1,0,0,0,0,0,0,0,0,1,1,1,1,0,0,1,0,0,1,0,1,0,0,1,1,1,0,0,1,1,0,1,0,0,1,1,1,0,0,1,0,0,1,1,0,1,0,0,0,1,1,0,0,0,1,1,0,1,1
0,0,0,0,1,0,1,0,0,1,0,0,1,0,0,0,0,0,0,1,0,1,0,1,0,1,0,0,0,0,1,1,0,0,0,1,1,0,1,0,1,1,0,0,0,0,1,0,1,0,0,1,0,0,0,1,0,1,0,1,0,0,0,0,0,0,1,0,1,0,1,1,0,0,1,1,0,1,1,1,1,0,1,1,1,0,1,0,1,1,1,0,0,0,1,0,0,0,1,1,1
0,0,0,1,1,0,1,1,0,1,1,1,0,1,1,1,0,0,1,0,0,0,0,1,0,0,0,0,1,0,1,1,0,1,0,0,0,1,1,1,1,1,0,1,1,0,1,1,0,0,1,0,1,0,1,0,0,1,1,1,1,0,0,1,0,0,0,1,1,1,1,0,0,1,1,1,0,1,1,0,1,1,0,1,0,0,1,0,0,1,1,1,0,1,0,0,0,1,1,0,0
1,1,1,1,0,0,1,1,1,0,0,0,1,0,0,0,1,0,1,0,0,1,1,1,0,1,1,0,1,1,0,1,1,0,1,0,1,1,1,0,0,0,0,1,1,0,0,0,1,0,1,0,0,0,1,0,0,1,0,1,1,0,0,1,1,0,0,1,1,0,1,0,0,0,1,1,1,0,1,1,1,1,1,0,1,1,1,0,0,0,0,0,1,0,0,0,1,1,1,1,0
1,0,1,1,0,1,1,1,0,1,0,1,0,0,0,0,0,0,1,1,0,1,1,1,0,1,0,1,0,0,0,0,1,0,1,0,0,0,1,0,0,0,0,1,0,0,0,0,0,1,1,0,1,0,0,1,0,0,1,1,0,0,1,0,1,1,0,1,0,0,1,1,1,0,0,0,0,0,0,1,1,1,1,1,1,0,1,1,1,1,0,1,1,1,1,0,0,0,1,1,1
1,1,1,0,1,1,0,1,1,0,1,1,1,0,0,1,0,0,1,0,1,0,1,1,1,1,1,1,0,0,0,0,1,1,1,1,0,1,1,1,0,1,0,0,1,1,1,1,1,0,0,1,0,1,1,0,1,0,0,1,0,1,0,0,1,1,1,1,1,0,0,0,1,1,1,1,0,0,1,1,1,1,1,0,1,1,1,1,0,0,0,1,1,1,0,1,0,1,1,0,1
1,0,1,1,1,1,1,0,0,0,0,0,1,1,1,0,0,0,1,0,0,1,1,0,0,1,1,0,0,1,0,1,0,1,0,1,1,0,1,0,1,1,1,1,1,1,1,0,0,1,1,0,1,0,0,1,1,1,1,0,0,0,1,0,1,1,1,0,1,0,0,0,0,1,0,1,1,1,1,0,1,1,1,0,0,0,1,0,1,0,1,1,1,0,0,0,0,0,1,1,0
0,0,1,0,0,1,1,0,0,0,1,1,0,0,0,1,0,1,0,0,1,0,0,0,1,0,0,0,1,0,1,0,0,1,1,1,0,1,1,1,1,0,0,0,1,1,0,1,1,1,1,0,0,1,0,0,1,0,0,0,0,0,0,1,1,1,0,0,0,1,0,1,0,0,1,0,1,0,1,0,0,0,1,1,1,1,0,1,1,0,1,1,0,0,1,1,0,1,0,0,1
0,1,0,0,0,0,0,1,0,1,0,1,1,0,0,1,1,1,0,0,1,0,0,1,0,0,1,1,1,0,0,0,0,1,1,1,1,1,1,0,1,0,0,0,1,0,0,0,0,0,0,1,1,1,0,0,0,1,1,1,1,1,1,1,1,1,1,1,0,0,0,0,0,0,1,1,1,1,1,0,1,1,1,0,0,0,0,0,0,1,0,1,0,0,0,0,1,0,1,1,1
0,0,0,0,1,0,0,0,1,1,0,1,0,0,1,1,0,0,0,0,0,1,0,1,0,0,1,0,0,0,1,0,0,1,1,0,0,1,0,0,0,0,0,0,0,1,0,0,1,1,0,0,1,0,0,1,0,0,0,1,1,0,1,0,1,0,1,0,1,0,0,1,1,0,0,0,0,1,0,1,0,0,0,1,0,1,1,0,0,1,1,1,0,0,1,0,0,0,0,1,0
1,0,0,1,0,0,1,1,1,0,0,0,0,1,1,0,0,1,0,0,1,0,1,0,1,1,0,1,0,1,1,0,1,0,1,0,0,0,1,1,0,0,1,0,1,0,0,0,1,1,0,0,1,0,0,0,1,1,1,0,1,1,1,1,1,1,0,0,0,1,1,0,1,0,0,1,1,1,1,1,1,0,1,0,1,0,1,1,1,0,1,0,0,1,1,0,1,1,0,0,1
0,1,1,1,0,0,1,1,1,0,1,0,1,1,0,1,0,1,0,1,1,0,0,0,1,1,1,1,0,0,0,1,0,0,0,0,1,1,0,0,1,0,0,1,1,1,0,0,1,0,1,0,0,1,1,0,1,1,1,1,0,0,0,1,1,1,1,0,1,1,0,0,0,0,1,0,0,0,0,0,0,0,1,0,0,1,1,0,0,1,1,0,0,1,0,1,1,1,1,1,0
1,0,0,1,1,0,1,0,1,0,1,1,1,1,1,0,0,0,1,1,1,0,1,0,0,0,1,0,0,0,1,1,0,0,1,1,0,0,0,0,1,0,0,0,1,0,1,0,1,1,1,0,1,1,1,1,1,1,0,0,1,0,1,0,1,1,1,1,1,1,1,0,0,1,1,0,1,1,0,1,1,1,1,1,1,1,1,1,1,0,0,0,0,1,0,1,0,1,0,0,1
1,0,0,0,0,0,1,1,1,0,1,0,1,1,1,1,1,0,1,0,1,0,1,1,0,0,1,1,1,1,0,0,1,1,1,0,1,0,1,0,0,1,1,1,0,0,1,1,1,0,1,0,1,1,0,0,1,1,1,0,0,1,1,0,0,0,0,1,0,1,1,1,0,0,0,0,1,0,0,1,1,1,1,0,0,0,0,0,0,0,0,0,1,1,0,1,0,0,0,0,0
0,0,1,1,0,0,0,0,0,1,0,1,0,1,1,1,0,1,1,0,1,0,1,1,0,0,0,1,0,1,1,1,0,1,1,1,1,0,1,1,1,1,0,1,1,0,0,0,1,1,1,1,0,1,0,1,1,1,0,1,0,0,1,0,1,0,1,0,0,1,1,0,1,1,0,0,0,1,1,0,0,0,1,0,0,1,0,1,0,0,0,0,0,1,1,0,1,1,1,1,1
1,1,0,1,1,0,1,1,1,1,0,1,0,1,0,0,1,0,1,1,0,0,0,1,1,1,0,1,1,0,1,0,1,1,0,0,1,0,1,1,0,1,0,0,1,1,1,1,0,0,1,0,0,1,0,0,1,0,0,0,0,1,0,1,1,0,1,1,0,0,1,1,0,0,1,0,1,1,1,1,0,1,1,0,0,0,1,1,1,0,1,1,1,0,1,1,1,1,0,1,1
0,1,0,0,1,0,1,0,0,0,0,1,1,0,0,0,1,1,1,0,1,1,1,0,1,1,0,0,0,0,1,1,0,1,0,0,0,1,1,0,0,0,0,1,1,1,1,1,0,0,1,0,0,0,0,0,0,0,0,1,1,0,0,1,0,0,0,1,0,0,1,0,0,1,1,1,0,0,1,0,0,0,1,0,0,1,0,1,0,1,1,1,1,1,1,1,0,0,1,1,1
1,0,0,0,0,1,1,1,0,0,0,0,0,1,0,0,1,1,1,1,0,0,1,1,0,0,1,1,0,1,0,1,0,1,0,1,1,0,1,1,0,1,1,1,0,1,0,1,0,0,0,1,0,1,0,1,0,1,1,1,0,1,1,0,0,1,1,1,1,1,1,0,1,1,1,0,0,0,1,0,0,1,0,0,0,0,0,0,1,1,0,1,0,1,1,0,1,1,1,1,0
0,1,0,1,0,0,0,0,0,1,0,0,1,0,1,1,0,0,0,0,0,0,1,0,1,1,0,1,0,0,1,1,1,1,0,0,1,1,0,1,1,1,1,1,1,0,0,0,0,0,1,1,0,0,1,0,0,0,1,1,0,0,1,0,0,0,0,1,0,1,0,1,0,0,0,1,1,1,0,0,0,1,0,1,0,1,0,1,0,0,0,1,1,1,1,1,0,0,1,0,0
1,0,1,0,0,1,1,1,1,0,1,0,1,0,0,0,1,0,0,1,0,0,0,0,0,1,1,0,0,1,0,0,0,0,0,0,0,1,0,1,0,1,1,1,1,0,0,1,1,1,0,1,1,0,1,1,0,1,1,1,0,1,1,1,1,0,1,0,0,1,0,0,1,0,0,1,1,1,0,1,1,0,1,0,0,0,0,1,1,0,1,1,1,1,1,0,1,0,1,1,0
0,1,0,0,0,1,1,1,0,0,0,0,1,0,0,1,0,0,0,1,1,0,0,0,1,1,0,0,1,0,0,1,1,0,1,1,0,1,1,0,0,1,1,1,1,1,1,1,1,0,1,0,1,0,1,1,1,1,0,1,1,1,1,1,0,1,1,1,1,0,0,0,0,0,0,1,1,0,0,1,1,0,1,1,1,1,1,1,1,0,0,0,0,1,1,0,0,0,0,1,1
1,1,1,1,1,1,1,1,0,1,1,1,1,0,0,0,0,0,1,1,0,1,1,0,1,0,1,1,0,0,0,1,1,1,0,0,0,0,1,1,1,0,0,1,0,1,0,1,1,1,0,0,1,0,1,1,0,1,1,1,1,1,0,1,0,0,1,0,1,0,0,0,0,0,0,0,0,1,1,0,0,1,1,0,0,0,0,0,0,1,1,1,1,1,0,1,0,1,0,0,1
0,1,0,0,0,0,1,1,1,0,0,1,1,0,0,0,0,1,1,0,1,1,0,1,0,0,0,1,1,1,1,0,0,0,0,0,1,0,1,0,1,0,1,0,1,1,1,0,1,1,1,0,0,0,1,1,1,0,0,0,1,1,1,0,0,1,1,1,0,0,0,1,1,0,0,1,0,1,0,1,0,0,1,0,1,1,0,1,1,0,0,1,0,0,1,1,0,1,0,1,0
1,1,0,1,1,1,1,0,0,0,0,1,0,1,0,1,1,0,1,1,1,0,0,0,0,0,1,0,1,1,1,0,0,0,0,0,1,0,1,0,1,0,0,1,0,1,0,0,1,1,1,0,1,1,1,0,0,1,1,1,1,1,1,1,0,0,1,1,1,0,1,0,0,0,0,0,1,0,1,0,0,1,0,0,0,1,0,0,1,1,1,1,1,0,1,0,1,0,1,0,0
0,0,1,1,1,0,1,0,1,1,0,0,1,0,1,1,0,1,1,0,1,1,1,1,1,0,1,1,0,1,1,1,0,0,1,1,1,1,0,1,1,0,1,0,0,0,1,1,0,1,1,0,1,0,1,1,1,1,1,0,1,1,0,0,1,0,1,1,0,1,0,1,1,0,1,1,1,1,0,1,1,1,0,0,0,0,1,0,0,1,1,0,0,0,0,0,0,1,1,0,1
1,1,1,1,1,1,0,0,1,0,0,1,0,1,1,1,1,0,1,1,1,1,1,0,1,1,1,1,0,1,1,1,0,0,0,1,0,1,0,0,1,0,1,1,1,1,1,0,0,0,0,1,0,1,1,1,0,1,1,0,0,0,0,1,0,1,1,1,0,0,0,0,0,1,0,0,0,1,0,0,0,1,0,0,1,0,1,1,1,1,0,1,1,0,1,0,1,1,1,1,0
0,1,0,1,0,0,0,1,0,1,1,1,1,1,1,1,1,0,1,1,0,1,0,1,1,1,1,0,0,1,1,0,0,0,1,1,1,1,0,1,1,0,1,0,1,1,0,0,0,1,0,0,0,1,1,0,1,0,1,0,1,0,1,1,1,0,1,1,1,0,0,1,1,1,1,1,1,0,0,0,0,0,1,1,0,1,0,0,0,0,1,0,0,1,0,0,1,0,1,1,0
0,0,0,1,1,0,0,1,1,0,1,1,0,1,0,0,1,1,0,0,1,1,1,1,1,1,0,1,0,0,0,0,0,0,0,1,1,1,1,1,0,0,0,1,0,1,0,0,0,1,1,0,0,1,0,1,1,0,1,1,0,1,0,1,1,1,0,0,1,1,0,1,1,0,0,1,0,1,0,0,1,1,0,0,1,0,0,0,1,0,1,0,0,1,0,0,1,1,0,0,0
0,1,1,1,1,0,1,1,0,0,0,0,0,1,1,0,0,1,0,0,0,0,1,1,0,1,1,1,1,1,1,1,0,1,0,1,0,1,1,0,0,1,1,1,0,1,0,1,1,1,0,0,0,1,0,1,0,0,0,1,1,1,1,1,1,1,1,1,1,1,1,1,0,1,1,1,0,1,1,1,0,0,1,0,1,1,1,1,0,0,1,1,1,1,1,1,0,1,0,1,1
1,1,1,0,1,0,0,1,0,1,1,1,1,0,1,1,0,0,0,0,1,0,1,0,0,1,0,0,0,0,0,1,0,0,1,0,1,0,0,1,1,1,0,1,0,1,0,0,0,1,0,1,0,1,0,1,0,1,1,0,1,0,0,0,1,0,1,0,0,0,0,0,0,1,0,1,0,0,1,1,0,1,0,0,1,0,0,1,0,0,1,1,0,0,1,1,0,1,1,1,1
0,0,1,0,0,0,1,0,0,0,1,1,0,0,0,1,0,1,1,0,0,1,1,0,1,0,1,1,0,0,0,1,0,0,1,1,0,0,0,0,0,1,0,0,0,0,0,0,1,1,0,0,0,0,1,1,1,0,0,0,0,0,1,1,0,1,1,1,1,0,1,1,0,1,1,0,0,1,0,0,0,0,1,1,1,0,0,0,1,1,0,1,1,1,1,1,0,1,1,0,1
0,0,0,0,0,1,1,1,0,1,1,0,0,1,1,0,0,1,1,1,1,0,1,0,1,1,0,0,1,0,0,1,1,0,1,1,1,0,1,0,0,0,0,1,1,1,1,1,1,1,0,1,1,0,1,1,0,1,0,1,0,0,0,1,0,1,0,1,1,0,1,0,0,1,0,1,1,1,1,0,0,1,1,1,1,1,1,1,0,1,0,0,1,1,0,1,0,0,1,1,1
0,0,1,1,1,1,1,1,1,1,1,0,1,0,1,1,1,1,1,0,0,1,1,0,0,0,1,1,0,1,0,1,1,0,0,0,1,0,1,0,0,1,1,1,1,0,0,0,0,1,0,1,1,1,1,1,1,1,1,0,0,0,0,0,1,0,1,0,0,1,1,0,0,1,1,0,0,0,1,0,1,1,1,1,1,1,0,0,1,0,0,1,1,0,0,1,1,0,0,1,0
0,0,1,0,0,0,1,1,1,1,1,0,1,0,1,0,0,0,0,0,0,0,0,1,0,0,0,1,0,1,1,1,1,1,0,0,0,0,1,1,1,0,0,0,0,0,0,1,0,1,0,1,1,1,1,1,1,1,0,1,1,0,0,0,0,0,0,0,1,1,0,1,0,1,0,0,1,1,0,0,0,0,0,0,1,0,1,1,1,1,1,0,1,1,1,1,1,1,0,0,1
1,1,0,1,1,0,1,1,1,1,0,0,0,1,0,0,1,0,0,1,0,1,0,1,1,1,1,1,1,1,0,1,0,0,1,0,1,1,1,1,0,1,1,0,1,1,1,0,1,0,1,1,0,0,1,0,0,0,1,0,0,1,0,1,0,1,1,0,1,0,0,1,1,0,0,1,1,0,1,0,1,0,0,1,1,0,1,0,1,1,1,1,0,1,0,0,1,1,0,1,0
1,1,0,1,1,0,1,0,0,1,0,0,1,1,0,1,0,0,1,0,0,1,0,0,0,1,1,0,0,0,0,0,1,0,1,0,0,0,1,0,1,1,0,0,1,1,0,0,1,1,1,1,0,1,0,0,1,1,0,1,0,1,1,0,0,1,0,0,0,1,0,1,1,1,0,1,1,0,1,0,0,1,1,0,0,1,0,1,0,0,0,1,0,1,0,0,1,1,1,1,1
1,1,1,0,0,0,1,0,1,0,1,1,1,1,0,1,0,1,1,0,1,1,1,1,1,1,1,0,0,1,0,1,0,0,1,0,1,0,0,1,1,0,1,0,1,0,1,1,1,0,0,0,1,1,0,0,0,0,0,1,0,1,0,1,1,0,1,0,0,0,0,0,1,0,1,1,1,0,1,1,1,1,1,1,0,0,1,0,0,0,0,1,0,0,1,1,1,1,1,1,1
1,1,0,0,0,1,1,0,0,0,1,0,0,0,1,0,0,1,0,0,1,0,1,0,0,1,1,1,0,1,1,1,1,1,1,0,1,1,0,1,0,0,1,1,1,0,1,1,0,1,0,0,0,1,0,1,1,1,0,0,0,1,1,0,1,1,0,0,0,1,0,1,0,1,0,1,0,0,0,0,0,0,1,1,1,0,1,0,1,1,0,1,1,1,1,1,1,0,1,1,1
1,0,1,0,0,0,0,0,1,0,0,1,0,1,1,1,0,1,0,0,0,0,1,0,0,0,1,0,1,1,0,0,1,0,0,1,1,0,0,1,1,0,1,1,1,1,0,1,0,1,0,0,1,0,0,1,0,0,1,0,1,0,1,0,0,1,0,0,0,1,0,1,1,1,0,1,1,0,1,1,0,1,1,0,1,0,0,0,1,0,1,1,0,0,0,1,1,0,1,1,1
0,1,0,1,0,0,1,1,1,1,0,0,0,0,0,0,1,0,0,1,1,1,0,0,0,1,0,0,0,0,0,0,0,1,1,0,0,0,0,1,0,0,1,0,1,1,1,1,1,1,0,0,1,0,1,0,0,0,0,1,0,1,1,0,0,1,0,1,0,0,1,1,1,0,0,0,1,0,1,0,0,0,0,1,0,1,0,1,1,1,1,1,1,0,1,0,1,1,0,1,1
0,0,0,1,0,0,0,1,1,0,1,0,1,1,1,0,1,1,1,0,0,1,0,0,1,0,1,1,0,1,0,1,1,0,0,0,0,0,0,1,0,0,0,1,0,0,1,1,1,1,1,1,1,1,1,1,0,1,1,1,1,1,0,0,1,0,1,0,1,1,0,0,0,0,1,1,0,0,1,1,1,0,1,0,1,0,1,0,1,1,1,1,0,0,0,1,1,1,0,1,0
0,0,0,0,1,0,1,0,0,0,1,1,0,1,1,1,0,0,0,1,0,1,1,1,0,0,0,1,1,0,1,0,1,1,1,1,0,0,1,0,0,0,0,1,1,0,1,1,0,0,0,0,1,1,1,0,0,0,1,1,0,0,0,0,0,1,1,0,1,1,0,0,0,0,0,1,1,1,1,1,0,0,1,0,1,0,0,0,1,1,0,0,0,0,1,1,0,1,1,0,1
1,1,0,0,0,0,1,0,1,1,0,0,0,1,0,0,0,1,1,0,1,0,1,1,0,1,0,1,0,1,0,0,0,0,0,0,1,0,1,0,0,0,0,1,0,0,0,1,1,1,0,1,0,0,1,1,0,0,1,0,1,1,0,1,1,1,0,1,1,0,1,0,1,0,1,1,1,1,0,1,0,1,0,0,0,1,1,1,0,1,0,1,1,0,1,1,1,0,0,1,0
0,1,1,0,0,1,0,1,1,0,1,1,1,1,1,1,0,1,0,0,0,0,1,0,1,1,0,1,1,0,1,0,0,0,1,0,0,0,1,1,1,1,1,0,0,0,0,1,1,1,1,1,1,1,1,1,1,1,0,0,0,1,1,1,0,1,0,0,0,1,1,1,0,1,0,1,1,1,0,1,1,1,0,0,1,0,0,1,0,0,0,0,0,0,0,0,0,1,0,1,1
0,1,0,1,0,0,0,1,1,0,0,0,1,0,1,1,1,1,0,1,0,1,0,1,1,0,1,1,0,1,1,1,0,0,0,1,0,1,1,1,1,0,0,0,1,0,1,1,1,0,1,1,1,1,1,1,1,1,0,0,1,0,0,1,1,0,0,0,1,0,1,1,1,1,1,0,0,1,0,0,1,1,0,0,1,1,0,0,0,1,0,0,0,0,0,0,0,0,1,0,1
1,0,1,1,1,0,0,0,1,0,1,0,0,0,0,1,0,1,1,1,0,1,0,1,0,0,1,0,1,1,1,1,0,0,0,1,1,0,1,0,1,1,0,1,0,0,1,0,1,0,1,1,0,1,1,1,1,1,1,1,1,0,0,0,0,1,1,0,1,1,1,1,1,1,0,0,0,1,0,1,1,1,1,1,1,0,0,1,1,1,0,0,0,1,1,1,1,1,0,1,1
0,0,1,0,1,0,1,1,0,0,1,1,0,0,1,1,0,1,1,1,1,1,1,1,1,1,1,1,0,1,1,1,0,0,1,1,0,0,1,0,0,1,1,1,1,1,0,1,0,1,1,1,1,1,1,1,0,1,1,1,1,0,1,0,1,0,0,1,1,0,0,0,1,1,1,1,0,0,0,1,1,0,0,1,0,1,1,1,1,0,0,1,1,1,0,0,0,0,1,1,1
1,1,0,0,0,0,0,0,1,1,0,0,0,1,0,1,0,1,1,0,0,0,0,0,1,0,1,1,1,0,1,1,0,0,0,1,1,1,0,0,0,1,0,1,0,1,1,1,0,1,0,0,0,1,1,1,1,1,0,1,0,1,1,1,0,0,1,0,1,0,1,0,0,1,1,0,0,0,1,1,0,0,0,0,1,1,0,0,0,1,1,1,0,1,1,0,1,0,0,0,1
1,0,1,0,0,0,0,1,1,0,1,0,0,1,0,1,0,1,1,1,0,1,0,1,1,0,1,1,0,0,0,1,0,1,0,1,1,0,1,0,1,0,0,0,1,1,1,0,1,0,0,1,1,0,1,0,0,0,0,0,0,1,1,1,1,1,1,1,0,0,1,1,0,1,0,0,1,0,0,1,0,0,1,0,1,0,0,0,1,1,0,1,1,0,0,0,0,1,0,1,1
0,1,0,0,1,0,0,1,1,1,0,0,1,0,1,1,0,1,0,1,1,1,0,0,1,1,1,0,1,0,1,1,0,1,1,1,1,0,1,1,1,0,0,1,0,1,0,0,0,0,0,0,0,1,0,0,1,1,1,0,0,0,0,0,1,0,1,0,1,1,0,0,0,1,0,1,1,1,0,1,0,0,1,1,1,0,0,1,1,0,1,1,0,1,0,1,0,1,0,1,1
1,0,0,0,0,0,1,1,1,0,1,0,0,0,1,1,0,1,1,1,0,0,0,1,0,0,1,1,0,0,0,1,0,0,0,0,0,1,0,1,1,0,0,1,0,1,1,1,0,0,1,1,1,0,1,0,1,0,0,1,0,1,1,1,0,0,0,1,1,1,1,1,1,0,1,1,0,0,0,0,0,0,1,0,1,1,0,0,1,0,1,1,0,0,1,1,1,0,0,0,0
1,1,1,1,1,0,0,0,1,1,0,1,1,0,0,0,0,0,0,1,0,0,1,0,1,1,0,0,1,1,1,0,0,1,1,1,1,1,1,0,1,0,1,1,1,0,0,1,1,0,1,1,0,0,1,0,1,0,0,1,1,0,0,1,0,1,0,1,0,1,1,1,0,0,1,1,1,1,1,1,0,1,0,0,1,0,1,1,0,1,1,1,0,1,1,0,1,1,1,0,1
0,1,1,1,0,1,0,0,0,0,0,0,0,0,1,1,1,1,0,0,0,0,0,1,1,0,0,1,0,0,1,1,1,0,0,0,0,1,1,0,0,1,1,0,0,1,0,1,1,0,1,0,1,1,1,0,1,1,1,1,1,0,0,1,0,0,1,1,0,0,1,0,0,1,0,0,1,1,0,1,1,1,0,0,0,1,0,0,1,1,1,0,0,1,0,0,1,0,1,1,1
1,1,0,1,1,0,1,1,0,0,0,1,0,0,1,1,0,0,0,0,0,1,0,0,0,1,1,1,1,1,0,0,1,1,0,1,0,1,0,1,0,0,0,1,0,1,0,1,0,0,0,0,0,0,1,0,0,0,1,1,0,1,0,1,1,0,1,0,0,0,1,0,0,1,1,0,0,0,0,1,1,1,1,0,0,0,0,1,0,1,1,0,1,1,0,0,0,0,1,0,1
0,0,0,1,0,0,0,1,0,0,0,0,1,0,1,0,0,1,1,1,1,0,0,1,1,0,0,1,0,1,0,1,0,1,1,1,0,0,0,0,0,0,1,0,0,0,1,0,0,0,0,0,1,0,1,1,1,0,1,1,1,0,0,1,0,0,1,0,1,1,0,0,0,1,0,0,0,0,0,0,0,0,0,0,0,1,0,1,0,0,1,0,0,0,1,1,1,1,1,1,1
0,0,1,1,1,0,1,0,0,0,1,1,1,1,0,0,0,0,1,0,0,0,0,0,0,0,1,1,1,0,1,0,1,1,0,1,1,1,0,0,1,1,0,0,0,1,1,1,1,0,0,0,1,1,1,1,0,0,1,1,1,0,0,1,1,0,0,1,1,1,0,1,1,1,0,0,0,1,1,0,0,0,0,1,0,0,0,0,1,0,0,0,1,1,0,0,1,0,1,0,1
1,1,1,0,1,1,1,0,0,1,0,1,0,0,1,1,1,1,1,0,0,1,1,0,0,0,1,1,0,1,1,0,1,1,1,1,1,1,1,1,1,0,1,0,0,1,1,1,0,0,0,1,0,0,0,1,0,1,1,0,0,1,0,0,0,0,0,1,0,0,0,0,1,1,1,1,1,1,0,0,0,1,1,1,1,1,1,0,1,0,0,1,0,0,1,1,1,0,0,1,1
1,1,1,0,1,1,1,1,0,1,1,1,0,1,0,1,1,1,0,0,0,1,0,1,0,1,1,1,1,0,0,1,1,0,1,1,1,1,1,0,0,0,1,0,0,1,1,1,1,0,0,1,1,1,0,1,1,1,1,0,0,0,0,0,1,0,0,0,1,0,0,0,0,1,1,0,0,0,1,1,1,1,1,0,0,1,0,0,1,1,1,1,0,1,1,0,1,0,1,0,1
1,1,1,1,1,1,0,1,0,0,1,1,1,1,1,1,1,1,1,0,0,1,1,0,1,0,1,0,0,0,1,1,1,0,1,1,1,1,1,1,0,1,0,1,1,1,0,1,1,0,1,0,0,1,1,1,0,0,1,1,1,0,0,0,1,0,0,0,0,0,1,1,1,1,0,0,1,1,0,0,1,1,1,0,0,1,1,0,1,1,0,1,0,1,0,0,1,1,0,0,1
1,1,1,1,0,0,0,0,1,0,0,1,1,1,0,0,1,0,1,0,0,0,1,1,0,0,1,0,1,0,1,0,1,1,0,1,0,0,0,1,0,0,1,0,0,0,1,1,0,0,1,1,0,0,1,0,0,1,0,1,0,1,1,0,1,0,0,0,1,0,1,0,0,0,1,1,0,0,1,1,0,1,0,1,0,0,0,1,1,1,1,0,0,0,1,0,1,0,1,1,1
0,0,0,1,1,1,1,1,0,1,1,0,0,1,1,1,0,1,1,0,1,1,1,0,0,1,0,1,1,1,0,1,1,1,1,0,1,1,0,1,1,1,1,1,0,1,0,0,1,1,0,0,0,0,1,1,1,0,0,0,1,1,0,1,1,1,1,1,0,0,1,1,1,0,0,1,1,1,1,1,1,1,1,1,0,1,1,1,0,1,1,0,1,0,1,0,0,1,1,1,0
0,1,1,1,1,0,1,1,0,0,1,1,1,0,1,1,1,1,0,1,0,1,1,0,0,1,0,0,0,1,1,1,1,0,0,0,0,1,0,0,0,0,1,0,1,1,0,0,0,0,0,0,0,0,1,0,0,0,1,1,0,1,0,0,0,1,0,0,0,1,1,0,1,0,0,0,1,0,1,0,1,0,0,1,0,1,0,1,0,0,1,1,1,0,1,0,1,0,1,1,1
0,1,0,1,0,1,1,1,1,0,0,1,1,0,1,1,1,0,1,0,1,1,0,0,0,0,1,1,0,1,0,1,0,0,1,1,0,0,0,1,1,0,1,1,1,1,0,0,1,0,0,0,1,1,1,1,1,1,0,1,0,1,1,0,0,1,1,0,0,1,1,1,1,1,1,1,1,0,1,0,0,0,1,0,1,1,0,0,0,0,1,0,0,0,0,0,1,1,0,0,0
0,1,1,1,1,0,1,1,0,1,0,1,0,1,1,1,1,0,0,0,1,0,1,1,1,0,1,1,1,1,0,0,0,0,0,1,1,0,1,1,0,1,0,0,1,0,1,0,1,1,1,0,1,1,1,0,0,0,0,1,1,1,1,1,1,1,0,1,1,0,1,1,1,0,0,1,1,0,1,1,1,1,0,0,0,0,1,1,1,0,1,0,0,1,0,1,1,0,1,1,0
1,0,0,1,1,0,1,1,1,1,1,1,1,1,1,1,1,0,0,0,0,0,0,1,0,1,1,0,0,1,0,0,0,0,1,0,0,1,0,0,1,1,0,0,0,1,0,1,1,0,1,0,0,1,1,0,1,1,1,0,0,1,0,0,0,0,1,0,1,1,0,1,1,0,1,1,1,0,0,0,1,1,0,0,1,1,1,0,0,1,0,0,1,1,1,0,1,0,1,1,0
1,1,1,1,0,1,0,0,0,0,0,1,0,1,0,1,1,1,1,1,1,1,1,1,1,1,0,1,0,0,0,0,0,0,0,0,0,1,0,0,0,0,0,0,0,0,0,1,0,0,1,1,1,0,1,1,1,0,0,0,1,0,1,1,1,1,0,0,0,1,0,0,0,0,1,1,1,0,1,0,0,1,1,1,0,1,0,0,1,0,0,1,0,1,1,0,1,1,1,0,1
0,1,1,0,0,1,1,1,1,1,0,1,0,1,1,1,1,1,0,1,1,0,1,0,0,1,1,1,0,1,1,0,1,1,0,0,1,1,0,0,1,0,1,0,0,0,0,1,1,1,1,0,1,0,0,0,0,0,1,0,0,1,1,0,1,0,1,1,0,1,0,1,0,1,1,0,1,0,1,0,0,0,1,0,0,0,0,1,1,1,1,1,0,1,0,0,0,0,1,0,1
1,1,0,0,1,1,0,1,1,1,0,0,1,0,1,0,0,0,1,1,0,1,1,0,0,0,1,0,0,1,0,0,0,0,0,0,1,0,0,1,1,1,1,1,0,1,0,1,1,0,0,1,1,1,1,1,0,0,0,1,0,0,0,0,0,0,1,1,1,1,1,0,0,1,0,0,1,1,0,0,0,0,1,1,1,0,1,1,0,1,0,0,0,0,1,0,1,1,1,0,0
1,0,0,1,0,0,1,1,1,0,0,1,0,1,0,0,1,0,0,1,1,1,0,1,1,0,1,0,1,1,1,0,1,0,1,1,0,1,1,0,1,0,0,1,1,0,1,1,1,1,1,0,0,1,0,0,1,0,1,0,1,0,0,0,0,0,1,1,1,1,1,1,0,0,0,0,0,1,1,0,1,1,0,0,1,1,1,1,1,1,1,0,0,0,1,0,0,1,0,0,1
0,0,0,0,1,0,0,1,0,1,1,1,1,1,0,1,0,1,0,0,1,0,1,1,1,1,1,1,0,1,1,1,1,1,0,0,0,1,0,0,1,1,0,0,0,0,1,1,0,1,0,1,0,1,0,1,0,0,1,1,0,1,0,0,1,1,1,0,0,1,0,0,0,0,1,1,1,0,1,1,0,1,0,1,1,1,1,1,0,1,0,0,1,1,0,1,0,0,0,0,1
0,0,0,1,0,1,0,0,0,0,1,1,0,1,1,0,0,1,1,0,1,1,1,1,0,0,1,1,0,0,0,1,0,0,1,0,1,0,0,0,0,0,0,1,0,0,1,0,0,1,1,1,1,0,1,1,1,1,0,1,0,0,1,0,0,1,1,0,1,1,0,0,0,1,0,0,0,0,0,0,1,0,1,0,0,1,1,0,1,0,1,0,1,1,0,0,0,1,1,0,0
0,1,1,1,1,1,0,0,1,0,0,0,1,0,1,0,0,1,0,0,0,0,1,0,0,0,1,0,0,1,1,1,0,0,0,1,1,0,1,0,0,0,0,0,0,1,0,0,1,0,0,0,0,0,0,1,0,0,0,0,1,1,0,0,1,0,0,0,0,0,1,1,1,0,1,0,0,0,1,0,0,0,0,1,0,0,0,0,0,0,1,1,0,1,0,1,1,0,1,0,1
0,1,1,0,0,1,0,0,0,0,1,1,0,0,0,0,1,1,1,0,0,1,0,1,1,1,0,0,1,1,0,0,0,0,1,1,0,0,0,1,1,1,1,0,1,0,0,0,0,0,1,1,0,1,1,1,1,0,1,0,1,0,1,0,0,1,0,1,1,1,1,1,1,1,0,1,1,0,0,0,0,1,1,0,1,1,1,0,0,1,0,1,0,1,0,0,1,0,1,0,1
1,0,1,0,1,1,0,1,1,1,0,1,0,1,1,0,0,0,0,0,0,0,0,0,0,1,1,1,0,0,0,1,0,0,1,0,0,1,1,0,0,1,1,0,0,0,1,0,1,0,1,1,0,1,0,1,1,0,0,1,0,1,0,1,0,1,1,1,0,1,0,0,1,0,0,1,1,0,1,1,1,0,0,0,0,1,0,1,1,1,1,0,0,0,0,1,0,0,1,1,1
1,0,1,0,1,0,1,1,0,0,0,0,1,1,1,0,0,0,1,0,1,1,0,0,1,1,1,1,1,1,0,1,0,0,1,0,1,0,1,1,1,0,1,0,1,1,1,0,1,1,0,1,0,1,0,0,0,1,0,1,1,0,0,0,0,0,1,0,0,0,0,0,1,1,1,0,1,1,0,0,1,0,0,0,0,1,1,1,1,0,0,1,1,1,1,1,1,0,0,1,1
0,0,0,0,0,0,1,0,0,1,1,0,1,1,0,0,0,1,1,0,0,1,0,1,1,1,0,1,1,0,0,0,1,0,1,0,0,0,0,1,1,1,0,1,0,0,1,1,1,1,1,1,1,0,0,1,0,0,0,0,1,0,1,1,0,0,0,0,0,1,0,0,0,1,0,1,0,0,0,0,1,0,1,0,0,1,1,1,0,0,0,1,0,0,0,1,1,1,1,0,1
0,1,0,1,0,1,1,0,0,0,0,1,1,1,0,1,0,1,1,1,0,1,0,0,0,1,0,1,0,0,0,1,1,1,1,1,0,0,0,1,1,0,1,0,0,0,0,1,1,1,1,0,0,1,1,0,0,1,1,1,0,0,1,0,0,0,0,1,1,0,0,0,1,1,0,1,0,1,0,0,1,0,0,1,1,1,0,1,0,0,1,1,0,0,1,1,0,0,0,0,1
1,1,0,1,1,0,0,1,1,1,0,1,1,1,0,1,1,0,0,1,0,0,1,1,0,1,0,0,1,1,0,1,1,1,0,0,0,0,1,0,1,1,1,0,0,1,1,0,1,0,0,1,1,1,0,1,1,0,1,0,0,0,0,1,0,0,0,0,1,1,0,0,1,1,1,1,0,1,0,1,0,1,1,1,1,0,1,0,0,1,1,1,0,1,1,1,0,1,1,1,1
1,1,1,0,0,1,1,0,1,1,1,0,0,1,0,0,1,0,1,1,0,0,1,0,1,1,0,0,1,0,1,1,1,1,0,0,1,0,0,1,0,1,1,0,1,1,0,0,1,0,1,1,0,1,1,0,1,0,0,1,0,1,1,1,0,0,0,1,0,0,1,1,0,1,1,1,0,1,0,0,0,0,0,1,1,0,1,0,1,1,1,0,0,0,1,1,1,1,0,0,1
0,1,1,1,0,1,0,1,1,0,0,1,1,0,1,1,0,0,0,1,0,1,0,1,0,0,0,1,0,0,1,0,0,0,1,0,0,0,1,0,0,1,1,1,1,1,0,1,0,0,0,1,0,0,0,0,0,1,1,1,0,0,1,0,1,1,0,1,0,0,1,0,1,0,1,1,1,1,0,0,0,0,0,0,0,1,0,1,1,0,0,0,0,0,1,0,1,0,1,1,0
0,0,0,1,0,0,0,1,0,1,0,0,1,1,1,1,0,1,0,1,0,0,0,0,1,1,1,1,1,0,0,1,0,0,1,0,0,1,0,0,1,1,0,1,1,1,0,0,0,1,0,0,1,1,0,0,0,0,1,0,1,1,0,1,1,0,1,0,0,0,0,1,1,1,1,1,0,1,1,0,1,0,1,1,1,0,0,0,1,0,0,0,0,1,1,0,0,1,1,0,1
0,0,0,1,0,1,0,0,0,1,0,1,0,0,0,0,1,0,1,0,1,0,0,1,0,0,0,0,0,1,0,0,1,0,0,0,0,1,0,1,0,0,0,0,0,1,0,0,0,0,0,1,0,0,1,1,1,1,1,0,1,1,0,1,0,0,0,0,1,0,1,0,0,0,1,0,1,0,0,1,1,1,0,1,0,1,1,1,1,0,0,0,1,1,0,0,0,0,1,1,0
0,1,0,1,1,0,1,1,0,1,1,0,1,0,1,1,1,1,0,0,0,0,0,1,1,0,0,0,1,0,0,0,0,0,1,1,1,1,1,1,1,0,1,1,0,0,1,1,1,0,0,1,1,0,1,1,1,1,0,1,0,0,1,1,1,1,1,0,1,1,1,1,1,0,0,0,1,0,1,1,0,1,1,0,0,0,0,1,0,0,0,0,0,1,1,0,0,1,0,1,1
1,0,0,0,1,1,1,0,0,0,0,1,1,0,0,0,0,1,1,0,1,1,0,0,1,0,0,0,1,1,0,0,1,0,0,1,1,1,1,0,0,1,1,1,1,1,0,0,1,1,0,0,0,1,0,1,1,1,1,1,1,0,1,1,0,1,1,0,0,1,0,0,0,0,1,0,0,0,0,0,0,0,1,1,1,0,1,1,0,1,1,0,0,0,1,0,0,0,0,1,0
1,0,1,0,0,0,0,1,1,0,0,0,0,0,1,1,1,0,1,0,0,0,0,1,0,1,1,1,1,1,1,0,1,0,1,0,0,1,1,1,0,0,1,0,0,0,0,1,0,0,1,1,0,1,1,1,0,1,1,1,1,1,1,0,0,1,1,0,0,0,0,1,1,0,0,1,0,0,0,1,0,0,0,0,0,1,0,0,1,0,1,1,0,0,1,0,1,0,0,0,1
0,1,1,1,1,1,0,0,0,1,0,1,1,1,1,0,1,0,1,1,1,1,1,0,0,1,1,1,1,0,1,1,0,1,0,1,0,0,1,0,1,1,0,0,0,1,0,0,0,0,0,0,0,1,0,0,1,1,1,0,1,0,0,0,1,1,0,0,1,0,1,0,1,1,1,1,1,0,0,0,0,1,1,0,0,1,1,0,1,0,0,1,1,0,1,1,0,1,1,0,1
1,0,0,0,0,0,0,1,0,1,0,1,0,0,0,0,0,0,0,1,1,1,1,1,1,1,1,1,0,0,1,1,1,0,0,0,1,0,0,0,1,1,1,0,0,1,0,0,1,0,0,1,0,0,1,1,1,1,0,0,0,1,1,0,0,0,1,0,1,1,0,1,1,1,0,1,0,0,1,0,1,1,0,0,1,1,0,0,0,1,1,0,1,1,1,1,1,1,1,0,1
1,0,1,0,1,1,1,0,1,0,1,0,0,1,1,0,0,0,0,1,0,0,1,1,1,0,1,1,0,0,0,1,0,0,1,1,0,0,1,0,0,1,0,1,0,1,1,1,0,0,0,0,1,1,0,0,1,1,1,0,1,0,0,1,1,0,0,0,0,0,0,0,0,0,0,1,0,0,1,1,1,1,0,0,1,1,1,1,1,0,1,0,1,1,0,0,0,0,1,1,1
1,1,0,1,1,0,1,0,1,1,1,1,1,1,1,0,0,1,0,1,0,0,1,1,1,0,0,0,1,0,1,0,1,0,1,0,0,0,0,1,0,0,0,1,0,1,0,1,1,0,1,0,1,0,1,1,0,0,0,0,1,1,0,1,0,0,0,1,0,0,1,1,0,0,0,1,0,0,0,0,1,0,1,0,1,1,0,1,0,1,1,1,0,1,0,1,1,0,1,0,1
1,0,1,1,1,1,0,0,1,0,1,1,0,1,0,1,0,0,0,0,0,0,1,1,0,0,1,1,1,1,1,0,1,1,0,0,0,0,0,0,0,1,1,1,1,0,1,0,0,1,0,0,1,0,0,1,1,0,0,1,1,0,0,0,0,0,1,0,1,0,0,0,1,1,0,0,0,0,0,1,1,0,0,1,0,1,0,0,1,0,0,1,1,1,1,1,1,1,1,1,0
0,1,0,0,1,0,1,0,0,1,1,0,1,1,1,1,1,1,1,0,0,1,0,0,1,0,0,0,0,1,0,1,1,1,0,1,1,1,0,0,1,1,1,1,0,1,1,0,0,1,0,1,1,1,1,0,0,1,0,0,1,1,1,0,0,1,0,1,1,0,0,0,0,1,1,1,1,1,0,0,1,0,0,0,0,1,1,1,0,1,1,0,1,0,0,1,0,0,1,0,0
0,1,1,0,0,1,1,0,0,0,0,0,1,1,0,1,0,0,0,0,0,0,0,1,0,1,0,1,1,0,0,1,0,1,0,1,0,0,1,0,1,1,1,0,0,1,1,0,1,0,0,1,1,0,1,1,0,1,1,1,1,1,0,1,0,1,1,0,1,0,1,0,1,1,1,1,1,0,1,1,0,1,0,0,1,0,0,0,0,0,1,0,1,0,0,0,0,0,1,1,1
1,0,1,1,1,1,1,0,0,0,1,0,0,1,0,0,1,1,0,0,0,0,0,1,1,1,0,0,1,1,0,1,0,1,0,1,0,0,1,1,0,0,0,0,1,1,1,0,0,1,0,1,1,0,1,1,1,1,0,1,1,0,0,0,1,1,1,1,1,1,1,1,1,1,1,0,1,0,0,0,1,1,1,0,1,0,0,0,1,1,0,1,1,0,0,0,1,1,1,0,1
0,1,0,0,1,0,1,0,0,0,0,0,0,1,0,0,1,0,0,0,1,0,0,0,1,0,0,1,0,1,1,1,0,1,0,0,0,0,1,0,0,0,0,1,0,0,1,1,1,1,1,0,1,1,0,1,1,0,0,1,1,0,1,0,0,0,0,0,1,0,0,0,0,0,0,0,1,0,0,0,1,1,1,1,0,1,0,1,1,0,1,0,1,0,0,0,1,0,0,1,1
1,0,0,0,0,1,1,1,0,1,0,0,1,0,0,0,0,1,0,1,1,1,0,1,0,1,1,1,0,1,1,0,1,1,0,1,0,0,0,0,0,1,1,0,0,0,0,0,1,0,1,1,1,1,1,1,1,0,0,0,1,0,1,0,1,0,0,0,1,0,1,0,0,1,1,1,0,1,0,1,0,0,0,1,0,0,0,0,0,1,1,0,0,0,0,1,1,0,1,1,1
0,1,0,1,0,0,1,1,1,0,1,1,1,1,0,0,1,1,0,0,0,1,0,0,1,0,0,1,0,1,0,1,0,1,1,0,0,1,0,0,0,1,0,0,1,0,1,0,0,1,1,0,1,0,0,1,0,1,0,0,1,0,0,1,1,1,0,0,0,1,1,1,0,1,1,0,1,0,0,1,0,1,1,0,1,1,0,1,1,1,1,0,0,1,1,1,1,1,1,1,0
1,0,0,0,1,1,1,0,1,0,0,0,1,0,0,1,1,0,0,0,0,1,1,1,1,0,0,0,1,1,1,1,1,0,0,0,1,1,1,1,0,1,0,1,1,1,0,0,1,1,0,1,0,0,0,1,0,0,0,0,0,1,1,0,1,0,1,0,0,0,0,0,1,1,1,1,0,1,1,1,1,1,0,0,1,1,0,0,0,1,1,1,0,1,0,1,1,0,0,1,0
1,1,1,0,1,1,0,0,1,0,0,1,1,1,0,0,0,0,0,1,1,1,1,1,1,1,0,1,0,0,0,0,0,1,0,0,1,1,1,1,0,0,0,0,0,0,0,0,0,0,1,1,0,0,1,0,1,0,0,1,1,0,0,0,0,0,0,0,1,1,0,0,0,0,0,1,1,0,0,1,1,0,0,0,0,1,0,0,0,0,1,1,1,1,1,1,1,0,1,1,1
1,1,1,0,1,0,1,0,0,1,0,0,0,1,0,1,0,0,1,1,1,1,1,1,0,0,0,1,0,0,1,1,1,1,1,1,0,1,0,0,0,0,1,1,1,1,0,1,0,1,0,0,1,0,1,1,1,0,1,0,1,0,1,1,1,1,1,1,1,1,1,0,0,1,1,0,0,0,0,1,1,1,0,1,1,0,1,1,1,0,1,0,0,0,0,0,0,1,0,0,1
1,0,0,1,1,0,0,0,0,1,0,0,1,1,1,0,0,0,1,0,1,0,1,0,1,0,1,0,0,0,0,0,1,0,1,0,0,0,0,1,0,1,1,0,1,1,0,0,1,1,0,0,1,0,1,0,1,1,0,1,1,0,0,1,0,0,1,0,0,0,1,1,0,0,0,1,0,0,1,0,1,0,1,0,0,1,0,0,1,1,0,1,1,0,0,1,0,1,0,1,0
0,0,1,0,0,0,0,0,0,1,0,1,1,1,1,1,1,0,1,1,0,1,1,0,1,0,1,0,1,0,1,0,1,1,0,0,1,1,0,0,0,1,0,1,1,1,1,0,0,1,1,1,0,0,0,0,0,1,1,0,0,1,1,0,0,0,0,1,1,0,1,1,1,1,1,0,1,1,0,0,1,1,0,1,0,1,0,0,0,1,1,1,0,1,1,1,0,1,1,0,0
1,0,1,1,0,0,0,0,0,0,1,1,1,0,1,1,1,1,0,1,0,1,1,1,1,0,1,0,1,0,1,0,1,0,0,0,0,0,1,0,1,1,0,0,0,1,1,1,1,0,0,0,1,1,1,0,0,0,1,0,1,1,1,0,0,0,1,0,0,1,1,1,0,0,0,1,0,0,0,1,1,1,1,1,0,1,1,0,0,1,0,1,1,1,1,0,0,1,0,0,1
1,1,1,0,1,0,0,1,0,1,0,1,0,0,1,0,1,0,1,0,1,0,0,0,0,1,0,1,0,0,0,0,0,0,1,1,1,0,1,1,0,1,0,1,0,0,0,1,1,1,1,0,1,1,0,0,0,1,1,1,0,0,0,0,0,0,1,0,0,1,1,0,1,0,1,1,1,0,1,0,1,0,1,1,0,1,0,0,0,1,0,1,1,1,0,1,1,0,0,1,1
0,1,0,0,0,1,0,1,0,0,1,0,1,0,0,0,0,1,1,0,1,1,1,0,1,0,1,1,0,0,0,1,0,0,1,1,1,1,0,1,0,0,1,1,0,1,0,1,1,0,0,0,0,1,1,0,1,1,0,1,0,1,0,1,0,1,0,1,0,1,0,1,0,1,0,1,1,1,0,1,0,1,0,1,0,0,1,1,1,1,1,1,0,0,0,1,1,0,0,1,1
0,1,0,0,0,0,0,0,0,1,0,0,1,1,1,0,1,1,0,0,1,0,0,0,0,0,1,0,1,0,1,1,1,1,0,0,0,1,0,0,0,0,1,0,0,0,1,1,1,1,0,0,1,0,0,0,0,0,1,0,1,1,1,0,0,1,0,0,1,1,1,0,0,0,0,0,1,0,1,1,1,1,0,0,1,1,0,0,1,0,1,1,1,1,1,1,1,1,0,0,1
1,1,0,1,0,1,0,1,1,1,1,1,0,0,0,0,0,1,1,0,0,1,0,0,0,1,0,1,0,1,1,0,0,1,1,1,0,0,0,1,0,1,1,1,0,1,0,1,0,1,0,0,0,1,0,1,1,0,1,1,1,0,0,0,0,0,1,0,0,1,0,1,1,1,1,0,0,0,1,1,0,1,0,1,1,0,0,1,0,1,1,1,0,1,1,0,1,0,1,0,1
1,0,1,0,1,0,1,1,0,1,0,0,0,1,1,0,0,0,0,1,1,1,1,0,1,1,1,1,1,1,1,1,1,1,1,1,1,0,0,0,1,1,0,0,1,1,0,0,0,0,0,0,1,0,0,1,0,1,1,0,1,0,0,1,1,1,1,0,1,1,0,0,0,1,0,0,1,0,0,1,0,1,1,1,1,0,1,0,1,1,0,1,0,0,0,1,0,1,0,1,1
0,0,1,0,1,0,0,1,1,0,1,1,0,1,0,1,0,1,1,1,1,0,1,0,0,1,1,0,1,1,1,1,1,0,1,0,1,0,1,1,0,1,0,1,0,1,0,1,0,1,0,0,1,0,1,1,1,0,0,1,1,0,0,1,1,0,1,0,1,0,1,0,1,1,0,1,1,0,1,0,1,1,1,1,1,0,1,1,1,1,0,0,0,1,1,1,1,1,1,1,1
1,0,0,0,1,0,0,0,0,1,0,0,1,1,1,1,0,0,1,0,1,1,0,1,1,0,1,0,0,1,1,0,0,0,0,1,0,1,1,1,1,0,1,0,0,0,0,0,1,0,1,0,1,0,0,0,0,1,0,1,0,0,0,1,1,0,0,1,0,0,1,0,0,1,0,1,1,1,0,0,1,1,1,0,1,0,0,1,0,0,1,1,1,0,1,1,1,0,1,0,1
0,1,1,0,1,1,0,0,1,1,1,0,1,1,0,0,1,0,0,1,0,0,0,1,1,0,1,1,0,1,1,1,1,0,1,1,0,0,0,0,1,1,0,0,1,1,1,0,1,1,1,0,0,1,0,1,1,1,1,1,0,0,0,1,1,1,1,1,1,1,1,1,0,0,1,1,0,1,1,0,0,0,1,1,1,0,0,0,0,1,1,0,0,1,0,0,1,0,0,0,1
0,0,0,1,0,0,1,1,0,0,0,1,1,1,0,0,1,0,0,1,1,1,1,1,0,0,0,1,0,1,0,0,1,1,1,1,0,1,1,1,0,1,1,1,1,1,1,0,1,0,1,1,0,0,1,0,1,0,0,0,0,0,1,1,1,0,0,0,0,0,0,0,0,1,0,0,1,1,1,0,1,1,0,0,1,1,1,0,1,1,0,0,1,0,1,0,0,0,1,1,0
1,0,0,1,0,0,0,0,0,1,0,1,1,0,0,1,0,1,1,1,0,0,1,0,1,0,1,1,1,1,1,0,1,1,1,0,1,0,1,0,0,0,1,0,1,0,1,0,1,1,0,0,0,1,1,0,1,1,1,1,0,0,1,0,0,1,1,1,1,0,1,0,0,0,1,0,0,0,0,1,0,0,0,0,1,0,0,0,0,1,1,1,0,1,0,0,1,0,1,1,1
1,1,1,0,1,0,1,0,1,1,0,0,1,0,1,0,1,0,0,1,1,0,1,1,1,0,1,0,0,1,0,1,0,1,0,0,1,0,1,1,0,0,0,0,0,0,0,1,1,0,0,1,0,1,0,1,0,0,1,1,1,1,1,1,1,0,1,1,0,1,1,1,0,1,1,0,1,1,0,0,1,1,0,1,0,1,1,0,0,0,1,0,0,0,1,0,0,1,0,0,1
0,0,1,1,0,0,0,0,0,1,1,1,1,1,0,0,1,1,1,1,0,0,1,1,0,1,0,0,0,0,1,0,0,1,1,0,1,1,0,0,1,0,1,1,0,0,1,1,0,1,1,1,1,0,0,0,1,0,1,1,1,0,1,0,0,0,1,0,0,1,1,1,0,0,1,0,1,0,0,0,0,0,1,1,0,0,1,0,1,0,1,0,0,1,1,1,0,0,1,0,1
0,1,1,0,0,0,1,1,0,0,0,0,0,0,0,0,1,0,0,0,1,0,1,0,1,1,0,0,1,1,0,0,0,1,0,0,1,0,0,1,0,1,1,0,1,1,0,1,0,0,0,0,0,1,1,0,0,1,0,0,0,0,0,0,0,0,0,0,1,0,1,0,0,0,0,1,0,1,1,0,1,1,0,0,0,0,1,1,1,1,0,1,0,0,0,1,0,1,1,0,0
0,0,0,0,0,0,1,1,1,1,1,1,1,1,1,1,0,0,0,1,1,1,1,0,1,1,1,1,0,1,1,0,1,1,0,1,0,0,0,0,0,0,1,0,0,1,1,1,1,1,1,0,1,0,0,0,1,0,1,1,0,1,0,1,1,1,1,1,1,0,1,0,1,0,1,0,0,1,1,1,0,0,0,0,0,0,1,0,0,1,1,0,0,1,0,1,1,1,0,0,1
1,0,1,0,1,1,0,0,0,0,1,1,1,0,1,1,1,1,0,0,1,1,0,1,0,0,1,1,0,0,0,0,0,0,1,0,0,0,1,1,1,0,0,0,1,1,1,1,0,1,0,1,1,1,1,0,1,1,0,1,1,0,0,0,0,1,0,0,0,0,1,0,1,0,0,0,0,1,0,1,0,1,0,1,0,0,0,0,1,0,0,0,1,0,1,0,1,0,0,0,1
1,1,1,0,1,1,1,1,0,0,0,1,0,0,0,1,0,1,1,0,1,0,1,0,1,1,1,0,0,0,1,1,1,0,0,0,0,0,1,0,0,0,1,1,0,1,1,0,1,0,1,0,1,1,1,0,1,0,1,0,0,0,1,0,1,1,0,1,1,1,1,0,0,1,1,1,0,1,1,0,1,1,0,0,0,1,0,0,0,1,0,1,1,0,0,0,1,0,1,0,1
0,1,0,1,0,0,1,0,0,1,1,1,1,0,1,0,0,1,1,0,1,0,0,1,1,1,1,1,0,1,1,0,0,0,1,0,1,1,0,1,0,0,0,1,1,0,1,1,1,1,0,1,1,1,1,0,1,1,0,0,0,1,1,1,0,1,1,1,1,0,0,1,0,1,0,0,1,0,1,0,1,0,1,0,0,1,1,1,1,1,1,1,0,0,1,0,0,0,1,1,0
1,1,0,1,0,1,0,1,0,0,0,1,0,1,0,1,1,0,1,1,0,0,0,0,0,1,1,0,0,0,0,1,1,1,1,0,1,0,0,1,1,1,0,1,0,0,1,1,1,0,0,1,1,1,1,0,0,0,0,0,1,0,0,1,0,1,1,1,0,1,0,0,1,0,1,0,1,0,1,0,1,0,1,0,1,0,1,1,0,0,0,0,0,0,1,1,1,0,1,1,1
1,0,0,1,1,0,1,1,0,0,0,1,0,0,0,1,0,0,1,1,0,0,1,0,1,1,0,0,0,1,1,0,0,0,1,0,1,1,0,1,1,0,1,1,0,0,0,1,1,0,1,0,0,0,1,0,0,0,0,1,1,1,1,1,0,0,1,0,0,1,1,0,0,0,0,1,1,1,1,1,1,1,0,0,0,0,0,1,1,0,0,1,0,0,1,0,0,0,0,1,1
1,0,0,1,1,1,1,0,1,1,0,0,1,1,0,1,1,0,1,1,1,1,0,0,1,1,0,1,1,1,0,0,0,1,0,0,0,1,1,0,0,0,0,0,0,1,0,0,0,1,0,0,0,1,0,1,1,0,1,0,0,1,0,0,1,0,0,1,1,1,0,0,1,1,0,1,1,0,1,1,0,0,0,1,1,1,1,0,0,1,0,0,1,1,0,0,1,1,1,1,0
1,0,0,0,0,0,1,0,0,1,0,0,1,1,0,0,0,0,0,0,0,1,0,0,0,0,0,1,1,0,0,1,0,1,1,0,1,0,1,1,1,0,0,1,0,0,0,0,1,0,0,0,1,1,0,0,0,1,1,1,0,0,0,1,1,0,0,1,0,1,0,0,0,1,0,0,0,0,0,0,0,1,1,0,0,0,0,0,0,0,1,1,1,0,1,0,0,1,1,0,1
0,1,1,1,0,0,1,1,1,0,1,1,0,1,0,0,1,0,1,0,0,0,0,1,1,1,0,1,0,0,0,1,0,1,0,0,1,0,1,1,0,1,0,0,1,1,0,1,0,1,0,0,0,0,1,1,1,1,0,0,0,0,1,0,0,0,1,0,1,1,1,1,1,0,0,0,0,1,1,1,0,1,1,0,0,0,1,0,0,1,0,0,0,0,1,0,0,0,0,1,0
1,0,0,1,1,1,0,0,0,0,1,0,1,0,0,0,0,0,0,1,1,0,1,0,0,0,0,0,0,0,1,1,1,1,1,0,1,1,1,1,1,0,0,1,1,0,1,0,1,0,1,1,0,0,0,0,0,1,0,0,1,0,0,1,1,0,1,1,0,1,1,0,1,1,1,1,1,0,0,1,1,1,0,0,1,1,1,1,1,0,0,1,1,0,0,0,0,1,0,0,1
0,1,0,0,1,1,0,1,1,0,0,0,0,1,0,1,0,0,1,0,0,1,1,1,0,0,0,0,0,1,0,1,0,0,1,0,1,1,0,0,1,1,1,0,1,0,1,0,0,1,0,0,0,1,0,0,1,0,1,0,0,0,0,1,0,0,0,0,0,1,1,1,1,0,1,0,1,1,0,1,1,1,0,0,1,1,0,0,1,0,0,0,0,1,1,1,0,1,0,0,0
0,1,1,0,1,1,0,0,1,0,1,1,1,1,1,1,0,1,1,0,0,1,1,0,1,1,1,1,0,0,0,0,0,1,0,0,1,1,1,1,0,0,1,0,0,1,1,1,0,0,0,1,1,0,0,1,0,0,0,1,0,1,0,0,0,1,1,1,1,0,0,0,0,0,0,1,0,1,0,1,0,0,1,0,1,1,0,1,1,0,1,1,1,0,0,1,0,1,0,0,1
1,0,1,1,0,0,1,0,1,1,0,1,1,0,0,1,0,1,1,0,0,1,0,0,1,1,0,0,0,1,1,0,0,0,0,0,1,1,1,1,0,1,1,1,1,1,0,1,1,0,0,1,1,0,1,0,0,1,0,0,0,1,1,1,0,0,1,0,1,1,0,0,0,1,1,0,1,1,1,1,0,0,0,0,0,0,0,1,1,1,1,1,0,1,1,0,1,0,0,0,0
0,1,1,1,1,1,1,1,1,1,0,0,0,1,0,1,0,0,0,0,1,1,1,1,1,0,1,0,1,0,1,0,1,1,0,1,1,0,0,0,0,1,0,1,0,1,1,0,1,1,0,0,0,0,0,1,0,0,1,0,1,0,0,1,1,1,0,1,0,1,0,1,0,0,0,1,0,0,0,0,0,1,1,0,1,0,1,0,0,1,0,1,0,1,0,1,1,1,1,0,0
0,1,1,0,1,0,0,1,1,0,0,1,1,1,1,1,0,1,1,0,1,1,0,0,0,1,1,1,1,0,0,1,0,1,0,1,0,0,0,0,1,0,0,0,0,0,0,1,1,0,1,1,1,1,1,1,1,0,1,0,1,0,1,1,1,1,1,0,1,1,1,0,0,0,0,0,0,1,1,1,0,1,0,1,0,1,0,1,1,0,1,1,1,0,1,0,0,1,0,0,1
0,1,0,0,0,1,0,0,1,0,1,1,1,1,1,0,0,1,0,1,0,1,0,0,1,0,0,0,1,0,0,0,1,1,1,0,1,1,0,1,0,1,0,0,0,0,0,0,1,0,0,0,0,0,0,1,0,0,0,0,1,0,0,0,1,1,1,0,0,1,1,0,1,1,0,0,0,0,0,1,1,1,1,0,1,1,1,1,1,0,1,0,1,0,0,0,0,0,0,0,1
1,0,0,1,1,1,0,0,1,1,1,0,1,1,1,1,0,1,1,0,0,1,1,1,1,0,1,1,1,0,0,1,0,1,0,1,0,0,0,1,1,1,1,1,1,1,1,1,0,1,1,0,0,0,0,1,0,0,1,0,0,0,0,1,0,1,1,1,0,1,0,0,1,1,0,1,1,0,0,1,0,1,0,0,1,0,1,0,1,1,0,1,1,1,1,1,1,0,0,0,0
0,1,1,1,0,0,1,0,1,0,1,1,1,1,0,1,1,1,1,1,0,0,0,1,1,0,1,1,1,0,0,1,0,0,1,0,1,1,0,0,0,1,1,1,1,0,0,0,1,0,1,1,1,0,0,1,0,0,1,1,1,1,0,0,1,0,1,0,1,0,0,1,1,1,0,1,1,1,0,1,1,0,0,0,1,0,1,1,1,0,1,0,1,1,1,1,0,0,0,0,0
0,0,1,0,1,1,1,1,1,1,0,1,0,0,0,0,0,0,1,1,1,0,0,1,0,1,1,1,0,0,1,0,1,0,1,1,1,0,1,1,0,0,1,1,0,1,1,1,0,1,1,1,1,1,1,1,0,0,0,0,0,1,1,1,1,1,0,0,1,0,1,1,1,0,0,1,1,0,1,0,1,0,0,0,1,0,0,1,1,0,0,0,0,0,0,1,1,1,0,1,1
1,1,0,1,1,0,1,1,1,0,0,1,1,1,0,1,0,1,1,1,0,1,1,1,0,1,1,0,0,1,1,1,0,0,1,1,0,1,1,0,0,0,0,0,0,1,0,0,0,0,1,1,0,1,0,0,0,0,0,0,1,1,1,0,1,0,0,0,1,1,0,1,1,0,1,0,1,0,1,1,0,1,1,1,0,1,1,1,1,0,0,1,0,1,1,1,1,1,0,0,1
0,0,1,1,1,1,1,0,0,1,1,0,0,1,0,1,0,0,1,0,0,1,0,0,1,0,0,1,1,1,1,0,0,0,1,1,1,1,0,0,0,0,0,0,0,0,1,1,1,0,1,1,1,1,1,1,1,0,1,0,1,1,0,1,0,1,1,0,1,1,1,1,0,0,1,1,0,0,0,0,1,0,1,1,0,0,0,1,1,1,0,0,0,1,1,1,0,0,1,0,1
0,1,1,0,1,0,1,1,1,1,1,0,1,1,1,0,0,0,0,1,0,1,1,0,0,0,0,1,1,1,0,0,0,1,1,1,1,0,0,1,0,0,1,1,0,0,0,0,1,1,0,0,1,0,1,0,1,1,0,1,1,0,1,1,0,0,1,1,1,1,1,1,1,1,0,1,1,0,1,1,1,0,0,1,0,0,0,0,0,1,1,0,0,0,0,1,0,1,1,0,1
1,0,0,0,0,1,1,0,1,1,0,0,0,1,1,1,1,1,0,1,1,0,0,1,1,1,0,1,0,0,1,1,1,0,0,0,0,0,1,0,1,0,1,0,1,1,1,0,0,1,0,1,0,0,0,1,1,1,1,0,1,1,0,0,1,0,0,0,1,0,0,1,1,1,1,1,1,0,1,1,0,0,1,1,0,1,0,0,1,1,1,0,1,0,0,0,1,1,0,0,1
0,1,1,0,1,1,0,1,1,0,0,0,1,0,0,1,0,0,0,0,1,0,1,0,0,0,0,0,1,1,0,0,0,1,0,0,0,1,1,0,0,1,0,0,0,0,0,0,0,1,0,0,0,0,0,1,1,1,0,1,0,0,0,1,1,0,1,1,1,1,1,1,0,0,1,0,0,1,0,1,0,0,0,0,0,1,0,0,1,0,1,0,0,0,1,0,0,0,1,1,1
1,1,0,1,1,0,0,0,0,1,0,1,0,1,0,1,1,1,0,0,0,0,1,0,0,1,0,0,0,0,0,0,0,0,0,0,1,1,1,0,0,0,1,0,1,1,0,1,1,1,0,1,0,1,0,0,1,0,1,1,1,1,1,0,1,0,0,1,1,1,0,0,1,0,1,1,1,1,0,0,0,0,0,1,0,0,0,1,0,1,0,1,0,0,0,1,1,1,0,0,1
0,0,1,0,1,0,1,0,1,1,0,0,1,1,1,1,0,0,0,1,1,1,1,0,0,0,1,1,1,0,0,0,0,1,0,0,1,0,0,0,0,1,0,1,1,1,1,1,0,0,0,1,0,1,0,0,1,1,0,1,1,1,1,1,0,0,0,1,1,0,1,0,0,0,1,0,1,1,1,1,1,1,0,0,1,1,0,1,0,0,0,1,1,0,0,1,1,0,1,1,0
0,1,1,1,1,1,1,0,0,0,0,1,0,1,0,1,1,1,0,1,0,0,1,0,1,1,0,0,1,0,1,1,0,1,0,1,1,1,0,0,0,0,0,1,1,0,1,0,1,0,1,1,1,1,0,1,0,1,0,1,0,1,0,1,1,1,0,0,0,0,0,0,1,1,0,1,1,1,1,0,1,0,1,0,0,0,0,0,0,0,1,1,1,1,0,0,1,1,1,1,1
0,0,0,1,1,1,0,0,1,1,0,0,0,1,0,1,0,0,1,0,0,1,1,1,1,1,1,1,1,1,1,0,1,1,0,1,0,0,0,1,1,0,1,0,1,0,1,1,0,1,0,0,1,0,0,1,0,0,1,0,1,0,1,1,0,0,1,1,1,1,1,1,0,1,1,1,0,0,1,0,0,0,0,0,1,1,1,1,1,1,0,0,0,0,1,0,1,0,0,1,1
0,1,0,0,1,1,0,0,0,1,0,1,0,1,1,1,0,1,1,1,1,1,1,1,1,1,0,1,0,1,0,0,0,0,1,0,0,1,0,0,0,0,1,1,0,1,0,1,0,0,1,0,0,1,1,1,1,1,1,0,1,0,1,1,0,1,1,1,1,0,1,1,0,0,0,1,1,0,0,0,1,0,1,0,0,0,0,1,1,1,0,1,1,1,0,1,1,1,0,1,1
0,0,0,0,0,0,1,1,0,0,1,1,1,0,1,0,0,1,1,0,1,1,0,0,0,1,1,1,1,0,1,0,1,0,1,0,0,0,1,0,0,1,1,0,0,1,0,1,0,0,1,1,0,1,1,1,0,0,0,1,0,1,1,1,0,1,0,1,0,0,0,0,1,0,0,0,1,1,1,1,0,1,0,0,0,0,1,0,0,1,0,0,0,0,1,1,0,0,0,0,1
0,1,1,1,0,0,1,1,1,1,1,0,1,0,0,1,0,0,0,0,1,0,1,0,1,1,0,0,0,1,1,1,1,1,0,1,1,0,0,0,0,0,0,0,1,0,1,0,0,0,1,1,0,0,0,1,0,1,1,0,0,1,1,1,1,0,1,0,0,0,1,1,1,1,1,0,0,0,1,1,0,0,1,1,1,0,1,0,1,1,0,1,0,1,0,1,0,1,1,1,1
0,0,1,0,0,1,0,0,1,0,0,0,0,1,1,1,0,0,0,1,1,0,0,1,0,0,1,0,0,0,1,1,0,1,0,0,1,0,0,1,1,0,1,0,0,1,0,1,0,0,0,1,0,1,1,0,1,1,1,0,1,1,0,0,0,0,1,1,1,0,1,1,1,1,0,1,1,0,1,0,0,1,1,1,0,0,0,1,1,1,0,0,1,0,0,1,1,1,0,0,0
1,0,1,1,1,0,1,1,0,1,1,0,0,1,0,0,0,1,1,1,1,0,0,1,1,1,1,0,1,0,1,1,1,1,1,0,1,1,0,0,1,1,0,1,1,1,1,1,0,0,1,0,1,1,0,0,1,0,1,0,1,1,0,1,1,0,1,1,0,1,0,1,1,0,1,0,1,0,0,0,1,1,0,1,0,0,1,1,1,1,0,1,1,0,1,0,1,1,1,1,1
0,1,0,0,1,1,1,1,0,0,1,0,0,1,1,0,1,1,1,0,1,1,0,0,0,1,1,1,0,1,0,0,0,1,0,1,0,1,1,0,0,1,1,1,0,0,1,0,0,1,1,1,1,0,1,0,1,0,0,0,1,0,1,1,0,1,0,0,1,1,1,1,0,1,1,0,0,0,0,0,1,1,0,1,1,0,1,1,1,0,1,0,1,0,0,1,0,1,0,0,0
0,0,0,1,0,1,0,1,0,0,1,0,0,0,1,0,1,1,1,0,0,1,0,0,1,1,0,0,1,0,1,0,0,1,0,0,0,1,0,0,0,1,0,1,1,1,1,0,1,1,0,1,1,1,1,1,1,0,0,0,0,1,1,0,0,1,0,0,0,0,1,1,1,0,1,0,1,0,0,1,1,1,1,1,1,1,0,1,1,1,1,1,0,1,0,1,0,1,1,0,0
1,0,0,0,1,0,1,0,1,0,0,1,1,1,0,0,0,1,1,0,0,0,0,1,0,0,0,0,0,0,0,0,1,1,1,0,0,0,1,0,1,0,1,0,1,0,0,0,0,0,1,1,1,1,1,1,1,1,0,0,1,0,0,0,0,0,1,0,1,0,0,0,0,0,1,0,0,1,0,0,1,1,0,0,0,1,1,1,1,1,1,0,0,0,0,0,0,0,0,0,1
0,0,0,0,0,0,1,0,1,0,0,1,0,1,1,1,1,0,1,0,1,1,1,0,1,1,1,1,0,0,0,1,0,1,1,1,1,0,1,0,1,1,1,0,0,1,1,1,0,1,1,0,1,1,0,0,0,1,1,0,1,0,1,0,1,0,1,1,0,0,1,0,1,0,1,0,0,1,1,1,1,0,0,1,1,0,0,0,0,1,0,1,1,1,1,1,1,1,1,0,1
1,1,1,0,0,1,0,0,1,0,1,1,1,0,1,1,1,0,0,1,0,0,1,1,1,0,0,0,1,0,0,1,0,1,1,1,0,1,1,0,1,1,0,0,1,0,1,1,1,1,0,1,1,0,1,1,0,1,1,0,1,0,1,1,0,1,1,0,1,0,0,0,0,1,1,1,0,1,1,1,0,0,1,0,0,0,0,0,0,1,1,1,0,0,0,1,1,1,0,0,1
1,1,0,1,0,1,0,0,0,1,1,0,0,0,1,0,0,0,0,1,1,0,1,0,0,0,0,1,0,0,0,0,1,1,0,0,0,0,1,0,0,1,1,0,0,0,0,1,0,1,1,0,1,1,1,0,0,1,1,1,1,1,0,0,1,0,0,1,1,0,1,0,1,1,0,1,1,1,1,1,1,0,1,1,0,1,1,0,0,0,0,0,0,1,1,0,0,1,1,0,1
0,1,0,0,1,0,1,1,1,1,0,1,0,1,0,0,0,0,1,1,1,0,0,0,1,1,1,0,0,1,1,0,0,1,1,0,1,0,0,0,1,1,0,0,0,1,1,1,0,0,1,0,1,1,1,0,1,1,0,0,0,0,0,0,0,0,0,0,1,1,1,0,1,1,1,0,1,1,1,0,0,1,0,1,0,0,1,0,1,1,0,1,0,1,0,0,1,1,1,1,1
1,1,0,0,0,0,1,0,1,0,0,1,1,1,0,1,0,0,0,0,0,1,1,0,0,1,1,1,0,1,1,0,1,0,0,1,1,0,1,0,1,0,0,0,0,0,0,1,1,0,1,0,1,0,1,1,1,1,1,1,0,1,0,1,1,1,1,1,1,0,1,0,1,1,0,0,1,1,1,0,0,1,1,1,1,0,1,0,0,1,0,0,1,1,1,1,0,0,0,1,1
1,0,1,0,1,0,0,1,0,1,0,1,0,0,1,1,1,1,1,1,1,1,1,0,1,1,1,1,0,0,1,1,0,1,0,1,1,0,1,0,1,1,0,1,0,1,0,0,0,1,1,0,1,1,0,0,1,1,1,0,1,1,0,0,1,1,0,1,0,1,0,1,1,0,1,0,0,1,1,0,0,0,1,1,0,1,0,1,0,1,1,0,0,1,1,0,1,1,1,1,1
1,0,0,0,0,0,1,0,1,0,0,1,0,1,1,0,1,0,0,0,1,0,1,1,1,0,1,0,0,1,1,1,0,0,0,1,0,1,1,0,0,0,1,1,0,1,0,0,0,0,1,1,0,1,0,0,0,1,1,0,0,1,0,1,0,0,1,0,1,1,1,1,0,0,1,0,1,0,0,0,1,0,0,0,1,1,0,0,0,1,0,1,0,1,1,1,0,0,1,0,0
1,1,0,1,0,0,1,1,1,1,1,1,0,1,1,1,0,1,0,0,1,1,1,1,1,1,0,1,0,0,1,1,1,1,1,0,0,1,0,1,0,1,0,1,1,1,0,0,0,1,1,0,0,0,0,0,1,0,0,0,0,1,0,1,1,0,0,0,0,0,1,1,0,1,1,1,0,1,1,1,0,1,0,0,0,1,1,1,0,1,1,0,0,1,1,0,1,1,1,1,0
0,1,1,1,1,1,0,0,0,0,1,0,1,0,0,1,1,1,1,0,0,0,1,0,1,1,0,0,0,1,1,1,1,1,1,0,1,0,1,1,1,0,0,1,0,1,0,1,1,1,1,0,1,1,0,1,1,1,0,1,1,0,1,0,0,0,0,0,1,0,1,0,0,0,0,1,0,0,0,1,0,0,1,0,1,1,0,1,0,1,0,0,0,1,0,0,0,0,1,1,1
0,1,0,0,1,0,1,1,0,0,0,0,1,1,0,1,1,1,1,0,0,0,1,0,1,1,1,0,0,0,1,0,1,0,0,1,0,0,0,1,1,0,1,0,0,0,0,1,1,1,0,0,0,1,0,1,1,0,1,0,0,0,0,1,0,1,1,0,0,1,1,0,1,1,1,0,0,0,1,1,0,0,1,1,1,1,1,0,0,0,1,1,1,0,0,1,1,1,0,0,1
1,1,0,0,1,1,0,0,0,0,0,0,0,1,0,1,0,0,1,1,0,1,1,0,0,1,0,1,1,0,1,1,0,0,1,0,0,0,0,1,0,0,1,0,0,1,1,1,1,1,1,1,1,0,1,0,0,0,0,0,0,0,0,1,0,1,1,0,0,1,1,0,0,1,1,0,1,0,1,1,1,0,0,1,1,0,0,1,0,1,1,1,1,0,1,0,0,1,1,0,1
1,1,0,1,1,1,0,0,1,0,1,1,1,1,1,0,0,0,1,1,0,0,0,0,0,1,0,1,0,0,1,1,1,1,0,0,1,0,1,1,0,0,0,0,0,1,0,1,0,0,0,0,1,1,1,0,1,1,0,0,0,1,1,1,1,1,0,1,1,1,0,0,0,0,1,0,1,0,0,0,1,1,1,1,0,0,1,0,1,0,1,0,1,1,0,1,1,0,0,1,1
0,1,1,0,0,1,0,0,1,1,0,0,1,1,1,1,0,1,1,1,0,1,1,1,1,0,0,1,1,1,1,0,0,1,1,0,0,0,1,0,1,1,1,1,0,0,0,1,0,0,1,0,1,1,1,1,0,1,0,1,0,0,0,1,0,0,0,0,0,0,1,1,1,0,1,0,0,1,0,1,0,1,0,0,0,1,1,1,1,1,0,1,1,1,1,1,1,0,1,1,1
1,1,1,1,1,1,0,0,1,0,1,0,0,1,1,1,0,1,0,0,1,0,1,1,1,0,1,1,0,1,0,1,0,0,1,0,1,0,1,1,0,1,1,0,1,0,1,0,0,1,1,0,1,0,0,0,0,0,1,0,0,0,0,0,0,1,0,0,1,0,1,0,0,1,1,0,1,0,1,0,1,1,1,0,1,0,1,0,1,0,1,1,1,1,0,0,1,1,1,1,0
1,1,0,1,1,0,1,1,0,1,1,0,1,0,0,1,1,1,1,0,0,0,0,0,1,1,1,1,1,1,1,1,1,1,0,1,0,1,1,1,1,1,1,0,0,0,1,0,0,1,1,0,0,0,0,1,0,0,0,0,0,0,0,1,0,0,1,1,1,0,1,0,0,0,1,0,1,1,0,1,0,1,0,0,1,1,1,0,0,0,0,0,0,0,1,0,0,1,0,0,1
1,0,1,1,0,0,0,0,0,0,0,0,1,1,0,0,1,0,1,1,0,1,1,1,0,0,0,1,1,1,0,0,1,1,0,0,0,1,1,1,1,0,1,1,0,1,0,0,0,1,0,0,1,1,0,1,0,0,0,0,0,0,1,0,0,1,1,1,0,0,1,1,0,0,1,0,1,0,0,0,1,1,0,0,0,1,0,0,1,0,1,0,0,1,1,0,0,1,0,1,1
0,0,0,0,1,1,1,0,0,0,0,1,1,0,0,1,0,0,1,1,1,0,0,0,0,1,0,0,1,0,1,1,0,0,0,1,0,1,1,1,1,1,0,0,0,1,1,0,1,1,1,0,1,0,1,0,0,1,1,1,1,1,0,0,1,1,1,0,0,1,1,1,0,1,0,0,0,0,1,0,0,1,1,1,1,1,1,1,1,0,1,1,0,1,1,0,1,0,1,0,1
0,1,0,0,1,0,1,1,1,0,0,0,0,1,1,0,1,1,0,0,0,0,1,0,0,1,1,0,1,0,0,1,0,0,1,1,1,1,0,1,1,0,1,1,0,0,1,0,0,0,0,1,0,1,0,1,1,0,0,0,0,0,1,1,1,0,1,0,0,0,0,0,0,0,0,0,0,1,0,0,0,1,0,0,0,1,1,0,1,0,1,1,0,0,1,0,0,1,1,1,1
0,0,1,0,0,1,1,1,0,1,0,1,1,0,1,0,0,0,1,0,1,0,1,1,1,1,0,0,1,1,1,1,1,0,0,1,0,0,1,0,0,1,1,0,0,1,1,1,0,0,1,0,0,1,0,1,1,1,0,0,1,1,1,1,0,0,0,0,0,0,0,0,0,1,0,0,0,1,1,0,1,1,0,1,0,0,1,1,0,0,1,0,1,1,0,0,1,0,0,0,1
0,0,1,1,0,0,1,1,1,0,0,1,1,0,1,0,0,0,0,1,1,0,1,1,1,0,0,0,0,0,1,0,1,1,1,0,0,1,0,0,0,1,0,1,1,1,1,0,1,0,1,1,0,1,0,0,0,0,0,1,1,1,0,0,0,0,1,1,1,0,0,1,0,0,0,0,0,1,0,1,0,1,1,0,1,1,0,0,1,0,0,0,0,1,1,0,1,1,1,1,0
0,1,1,0,1,1,0,1,0,1,0,1,0,1,1,1,1,0,0,0,1,1,1,1,0,1,0,1,1,1,0,1,0,0,0,1,0,0,0,0,1,0,1,0,1,1,0,0,0,0,0,1,0,0,1,0,1,1,1,1,1,0,1,0,0,0,0,0,1,1,1,0,0,0,1,1,1,1,0,1,1,1,0,0,1,1,0,1,1,0,0,0,0,0,1,0,0,0,1,1,0
0,1,0,0,0,1,0,0,1,1,1,0,1,0,0,0,1,1,1,0,0,1,0,0,0,0,0,0,1,0,0,0,1,0,1,1,0,0,0,0,1,1,1,1,1,1,0,0,0,0,1,1,0,0,1,1,1,0,1,0,0,0,0,1,1,0,0,0,0,1,1,0,0,1,1,0,0,1,1,1,1,1,1,1,1,0,0,1,0,0,0,1,0,0,0,1,0,0,0,0,0
0,0,0,1,1,1,0,1,1,1,1,1,1,0,1,0,0,0,1,1,1,0,1,0,0,0,0,0,1,1,1,0,0,0,0,0,1,0,0,0,1,1,1,1,1,1,1,1,1,1,1,0,0,1,1,1,0,0,1,1,1,0,0,1,0,0,1,1,1,1,0,1,0,0,1,0,0,1,1,1,0,0,1,0,1,1,0,0,0,0,0,0,1,1,0,1,1,0,0,0,0
0,0,1,1,1,1,0,1,0,0,0,1,0,1,0,0,1,1,0,1,1,0,0,0,0,0,1,1,1,1,1,0,1,1,0,0,0,0,1,0,0,0,0,0,1,1,0,0,0,1,1,0,0,0,0,0,0,0,0,0,0,0,0,0,0,0,0,1,0,0,0,0,0,1,0,1,0,0,0,0,1,0,1,0,0,0,0,1,0,1,1,0,1,0,0,0,0,0,1,1,1
1,0,1,1,1,1,0,0,0,1,0,1,1,0,1,1,0,1,0,1,0,1,1,1,1,1,1,0,1,1,0,1,1,0,0,1,1,0,0,0,1,1,0,0,0,1,1,0,1,0,0,0,0,0,0,0,1,1,0,1,0,1,0,0,0,0,0,1,0,0,0,0,0,1,0,0,0,1,0,1,1,1,1,0,0,0,0,0,0,0,1,0,0,0,1,0,0,0,1,1,1
1,1,0,0,0,0,0,0,0,1,1,1,1,1,1,1,0,0,1,0,1,0,1,0,1,0,0,0,1,0,1,1,0,0,0,0,1,1,1,1,0,0,1,0,0,0,1,0,0,1,0,0,1,1,1,1,0,1,0,0,0,1,0,1,1,0,0,0,0,1,0,0,1,1,1,0,1,0,0,0,1,0,0,1,1,0,1,0,1,0,0,0,0,0,1,0,1,1,1,0,1
1,0,0,1,1,0,1,1,1,0,0,0,1,1,0,0,1,1,1,0,1,1,0,0,0,0,1,1,1,1,0,1,0,1,1,0,1,1,0,0,1,1,0,0,1,0,1,1,0,1,0,0,0,1,1,1,1,0,1,0,0,0,0,0,1,0,0,0,0,0,0,0,0,1,1,1,0,0,1,0,0,1,1,0,1,1,0,1,1,0,1,0,0,1,1,1,0,0,1,1,0
1,0,0,0,1,0,1,0,1,1,1,0,1,0,0,0,1,0,1,1,0,0,1,1,0,1,0,0,0,1,1,1,0,1,1,0,1,0,1,1,1,1,1,0,0,1,0,0,0,1,1,1,1,1,1,1,0,1,0,1,0,0,0,1,1,1,1,1,1,0,0,0,1,0,0,1,1,1,0,0,0,1,1,0,0,0,1,0,0,0,0,1,1,1,1,0,1,0,0,0,1
0,0,0,0,1,0,0,0,0,0,0,1,1,0,1,0,0,1,1,1,1,1,1,1,0,1,1,1,0,1,0,0,0,0,1,1,0,1,1,0,1,1,1,0,0,1,0,0,0,0,1,0,1,0,1,0,1,0,0,0,1,1,0,1,0,1,1,0,0,1,1,1,0,1,1,1,0,0,0,0,0,1,0,0,0,0,0,0,0,0,0,0,1,0,1,0,0,1,0,1,1
1,1,1,1,1,1,1,0,0,1,0,0,0,0,0,1,0,0,0,0,0,0,0,0,1,0,0,1,0,1,0,0,1,1,0,0,0,0,0,1,0,1,0,1,0,0,1,1,1,1,0,0,1,0,1,0,1,1,1,0,1,0,0,0,0,1,0,0,1,1,0,0,1,0,0,0,0,0,1,0,0,0,0,0,0,1,1,1,1,0,1,0,0,0,0,1,1,1,1,0,1
1,1,0,1,0,1,1,0,0,1,0,0,0,0,1,0,0,0,0,0,0,1,0,1,0,1,0,1,1,1,0,1,1,0,0,0,1,0,1,0,1,1,1,1,1,0,0,1,0,0,1,0,0,1,0,0,0,1,1,1,1,0,1,1,1,1,1,0,0,0,0,0,1,0,1,1,0,0,0,1,1,1,1,1,0,0,1,0,1,0,0,1,0,0,0,1,0,0,1,0,0
0,1,1,0,0,0,1,1,0,1,1,0,0,1,0,0,1,1,0,0,0,1,0,0,0,1,1,1,0,0,1,0,0,1,1,0,0,0,1,1,0,1,0,1,1,0,1,0,0,0,1,1,1,0,1,1,0,0,1,0,0,1,1,1,0,1,0,0,1,1,1,1,1,1,1,1,1,0,0,1,1,0,1,1,1,0,0,1,0,1,0,1,1,1,1,1,1,0,0,1,1
0,1,0,1,0,0,0,0,1,0,1,1,0,1,1,1,0,1,1,1,0,0,1,0,0,0,0,0,0,0,0,0,1,0,0,1,0,0,1,0,1,0,0,0,1,0,0,0,0,1,1,1,1,1,0,1,1,0,0,1,1,1,1,1,0,0,0,1,0,0,0,0,0,1,1,1,1,1,0,1,1,1,1,1,0,0,1,1,1,0,0,1,1,0,0,1,0,1,1,0,1
1,0,1,1,0,0,0,0,0,0,0,0,1,0,0,0,0,0,1,1,0,1,0,0,1,1,1,0,1,1,1,0,0,1,0,0,0,1,1,0,0,0,1,1,0,0,1,1,0,1,1,1,1,0,0,1,1,1,0,0,1,1,0,0,0,1,0,1,0,0,1,0,1,1,1,0,1,0,1,1,0,1,1,1,0,1,0,0,0,0,0,0,0,0,1,1,0,0,0,0,1
1,1,0,1,1,0,1,0,1,1,0,1,0,1,0,0,0,0,1,1,0,0,1,0,1,0,1,0,1,0,0,1,1,1,1,1,1,1,1,1,1,0,1,1,1,1,0,0,1,1,0,1,1,1,1,0,0,1,0,1,1,1,1,1,0,1,0,0,1,0,1,0,0,1,1,1,1,0,0,1,1,0,0,1,0,1,1,1,0,1,0,0,1,1,0,1,1,1,0,1,1
1,1,0,0,0,0,0,0,0,1,1,0,1,1,0,0,0,0,1,0,1,0,1,0,0,1,0,1,0,0,0,0,1,0,0,1,0,0,1,1,0,0,0,1,1,0,0,0,1,1,1,0,0,1,0,1,0,1,0,1,0,1,1,1,1,1,0,1,0,1,1,0,1,1,1,0,0,0,1,0,1,1,0,0,0,0,1,1,1,1,0,0,1,1,1,1,0,1,1,1,1
0,0,0,0,1,0,0,0,1,1,0,0,0,0,0,1,1,1,0,1,1,0,0,0,1,0,0,1,1,1,0,0,0,0,0,1,1,1,0,1,1,0,1,1,1,1,0,0,0,0,0,1,1,1,0,0,1,1,0,1,1,1,1,0,0,0,1,0,0,1,1,0,0,1,0,0,0,0,0,1,0,1,1,1,0,1,1,0,0,1,0,0,0,1,1,0,0,1,1,1,0
1,1,1,1,1,1,1,0,0,1,0,1,1,0,0,1,0,0,0,0,1,0,1,1,1,1,0,1,0,1,0,1,1,0,0,1,1,1,0,0,1,0,0,0,0,1,1,0,0,1,1,0,1,0,0,0,1,0,0,0,1,0,0,0,1,0,0,1,0,1,1,1,1,0,1,0,0,1,1,1,0,0,0,0,0,0,1,0,0,0,0,1,0,0,1,0,0,0,0,0,1
1,1,1,1,0,0,0,1,1,0,1,0,0,1,1,1,0,0,0,1,0,0,1,1,0,0,0,0,0,0,0,1,0,0,0,0,0,0,0,1,0,1,0,1,0,0,1,0,0,1,1,0,1,1,1,0,1,1,1,1,1,0,0,0,1,0,1,1,0,0,0,1,0,0,0,0,0,0,0,0,1,1,1,0,0,1,0,1,1,1,1,1,0,0,0,0,0,0,1,1,0
0,1,1,1,1,1,0,1,0,1,0,1,1,1,1,1,0,1,1,1,1,0,0,0,0,1,0,1,0,0,0,1,1,0,1,0,1,1,1,0,0,0,1,1,0,1,1,0,1,1,1,0,0,1,1,0,1,0,1,0,0,1,1,1,1,0,1,0,1,1,1,1,1,0,0,1,0,0,0,1,1,1,0,1,1,0,1,0,1,1,1,0,1,0,0,0,0,1,0,1,1
1,0,0,0,0,1,0,1,0,1,0,0,0,1,1,0,0,0,0,1,1,1,0,0,1,0,0,1,1,0,0,1,1,0,0,1,1,0,0,0,1,1,1,1,1,1,0,1,1,1,1,0,1,0,1,1,1,1,1,0,1,0,0,1,0,1,1,1,0,1,1,1,0,1,0,1,0,1,1,1,1,0,0,1,0,0,0,1,0,0,0,1,1,0,1,0,0,1,1,0,1
1,0,1,1,1,1,1,1,0,1,1,1,0,1,0,0,1,1,0,0,0,0,1,1,1,1,1,1,0,0,1,0,0,1,1,0,1,0,0,1,1,1,0,0,1,0,1,0,0,1,0,0,1,0,1,1,1,1,0,0,1,0,0,1,0,1,0,0,1,1,1,0,1,0,1,1,1,1,1,0,0,0,1,1,0,1,1,1,1,0,0,1,1,0,0,0,0,0,1,0,1
0,0,1,1,0,1,1,0,0,0,1,1,1,1,0,0,0,0,1,1,0,1,1,1,0,0,1,0,0,1,0,0,1,0,0,0,1,1,1,0,1,1,0,0,0,0,1,1,1,1,0,0,0,0,1,1,1,0,0,0,1,0,0,1,0,0,0,1,0,0,1,0,0,1,1,0,0,0,1,0,0,0,0,1,0,0,0,1,1,0,1,1,1,0,1,0,0,1,0,0,0
1,1,0,0,0,0,0,1,0,1,0,0,1,1,1,0,0,1,0,1,1,0,0,1,0,0,0,0,0,1,0,1,0,0,0,0,0,0,1,1,0,0,0,0,0,0,0,1,0,1,0,0,0,1,1,0,1,0,0,1,0,0,1,0,1,1,0,0,1,1,1,1,1,0,1,1,0,1,1,1,0,0,0,0,0,0,1,1,1,1,1,1,0,0,0,0,0,0,0,0,1
0,0,1,1,1,1,1,0,1,1,1,0,0,1,1,1,0,1,0,0,1,1,0,0,1,0,1,1,1,0,1,1,0,1,0,0,0,1,1,1,1,0,1,1,0,1,0,1,0,1,0,1,0,1,0,0,1,1,0,1,1,0,1,1,1,1,0,0,1,0,0,0,0,1,0,1,0,1,1,1,1,0,0,0,0,1,0,1,0,0,0,0,0,1,1,1,0,1,0,0,1
1,0,1,1,1,0,0,0,1,0,0,0,0,0,1,1,0,1,0,1,1,0,1,1,1,0,1,1,1,1,1,1,1,1,0,1,0,0,0,1,0,1,1,1,0,1,1,0,1,0,1,1,0,0,1,1,1,1,1,0,0,1,1,1,0,1,1,0,1,1,1,0,0,1,0,1,1,1,0,1,1,1,0,0,1,0,1,1,0,0,0,0,0,0,0,0,0,0,1,1,1
0,0,0,0,1,1,1,0,1,1,0,1,1,1,0,0,1,1,0,1,0,1,0,0,1,0,1,1,0,0,0,0,1,0,0,0,1,0,0,1,1,0,1,0,0,0,1,0,0,0,0,1,1,0,0,0,0,1,1,1,1,0,0,1,0,1,0,0,0,1,1,1,1,1,1,0,0,0,1,0,0,1,1,1,1,0,1,1,1,1,1,1,1,0,0,0,0,1,0,1,1
1,1,1,1,1,1,0,0,0,0,0,1,0,0,1,0,1,0,0,0,0,1,0,0,0,1,0,0,1,0,1,0,0,0,1,0,1,1,0,0,0,0,1,0,1,1,1,1,1,0,1,0,0,1,1,0,1,1,0,1,1,0,0,0,0,0,1,1,1,0,0,1,1,1,0,0,1,1,0,1,0,1,0,0,1,1,0,1,0,1,1,1,1,1,0,1,0,0,0,0,1
0,0,0,1,0,0,0,1,0,1,1,0,1,1,1,1,0,0,1,1,0,0,1,1,1,1,0,0,0,0,0,1,0,0,1,1,1,0,0,0,1,0,1,1,0,0,0,1,0,0,0,0,1,0,0,0,0,1,1,0,1,0,0,1,0,1,0,0,1,0,0,1,1,1,0,0,0,1,1,1,1,1,0,0,0,0,0,1,0,1,1,0,1,1,1,0,1,1,0,0,1
1,0,0,0,1,0,1,1,0,0,1,1,1,0,1,1,0,1,1,1,1,0,1,1,0,1,0,1,0,0,1,0,0,1,1,1,0,1,0,0,0,1,1,0,1,1,1,1,0,1,0,0,0,0,1,1,0,0,0,1,0,0,1,1,1,1,0,0,0,0,0,1,1,1,0,0,1,1,1,0,0,0,1,1,0,1,1,0,1,0,0,1,0,0,1,1,1,1,0,1,1
0,0,0,1,1,1,0,1,0,1,1,0,1,1,0,0,0,1,0,1,1,0,1,0,1,1,0,1,0,1,0,0,0,0,1,1,1,1,0,1,0,0,1,1,1,0,1,1,0,1,1,0,0,1,1,1,1,1,1,0,1,1,0,1,1,0,1,0,0,1,1,1,1,1,1,1,0,0,0,0,0,1,1,1,0,1,1,1,0,0,1,1,0,0,1,1,0,0,0,1,1
1,0,1,0,1,1,0,0,1,1,1,0,0,1,0,1,1,1,1,1,1,1,1,0,0,0,1,1,1,0,0,1,0,1,1,0,0,0,0,0,0,1,0,0,1,1,1,0,0,1,1,1,1,1,0,1,0,1,0,1,1,1,0,1,1,1,1,0,0,0,1,1,1,0,0,0,1,1,0,0,1,1,1,0,1,0,0,0,0,0,0,1,0,1,1,0,1,0,1,0,1
1,0,1,0,0,1,1,0,1,1,0,1,1,0,1,1,1,1,0,1,0,1,1,1,0,1,1,1,0,0,0,0,1,1,1,1,1,1,0,0,1,0,1,1,0,0,1,1,0,0,0,1,0,1,0,0,1,1,1,0,1,0,1,1,1,1,0,1,1,0,1,1,0,1,1,1,0,0,1,0,1,0,0,1,1,1,0,1,0,0,0,1,0,1,1,0,0,0,0,0,1
0,0,0,0,1,1,0,0,1,0,1,0,0,0,0,1,1,1,0,1,0,0,1,1,1,0,0,0,1,1,1,1,0,0,1,0,1,0,1,1,0,0,0,0,0,1,0,0,0,1,1,1,1,1,0,1,0,0,0,0,0,0,1,0,1,1,1,1,1,0,1,1,0,0,1,0,1,1,0,1,0,0,1,0,0,1,1,0,0,1,1,1,0,1,0,0,0,0,1,0,1
0,0,0,1,1,1,0,1,1,1,0,1,0,0,0,1,1,0,0,0,0,1,1,0,0,0,0,1,1,0,0,1,0,1,0,0,1,1,0,1,1,1,1,0,1,1,1,1,1,1,1,0,1,1,0,0,1,0,1,1,0,1,1,1,0,1,1,1,1,0,1,0,1,0,0,1,0,1,1,1,1,1,0,1,0,0,0,1,0,1,1,0,1,0,0,1,1,1,1,0,0
1,0,0,1,0,1,0,0,0,1,1,1,0,0,1,0,0,0,0,1,1,1,0,0,0,0,1,0,0,0,1,1,0,1,1,0,0,1,0,1,1,1,0,1,0,0,0,0,0,1,0,1,0,0,1,0,1,0,1,1,0,1,1,1,1,0,0,1,1,0,0,0,0,1,0,1,1,0,0,1,1,1,1,0,1,0,0,1,0,0,1,1,1,0,1,1,0,0,1,0,0
1,1,0,1,1,1,1,1,1,0,1,0,1,1,1,1,1,0,1,0,0,0,1,0,1,1,0,1,1,1,1,1,1,1,1,1,1,0,1,1,1,0,0,0,1,1,1,0,1,0,1,0,0,1,0,0,0,0,1,0,1,0,0,0,1,0,1,1,1,1,0,0,0,0,0,1,1,0,1,1,0,1,1,0,1,1,1,1,0,1,0,1,1,1,1,0,1,1,0,0,1
0,0,0,0,0,1,0,1,1,1,0,1,0,1,0,0,1,1,1,0,0,1,0,1,0,1,0,0,1,0,0,0,0,1,1,1,0,1,0,1,1,1,1,0,0,1,0,0,1,1,1,0,1,1,1,1,0,0,1,0,1,0,0,0,0,1,0,0,1,0,0,0,1,1,0,1,0,1,0,1,0,0,0,1,0,1,1,1,1,1,1,1,1,0,0,1,0,0,1,1,1
0,0,1,1,0,1,0,1,1,0,0,0,1,0,0,0,1,1,1,0,1,1,0,1,0,1,1,0,1,1,1,0,1,0,0,1,0,0,1,0,0,1,0,1,0,1,0,0,0,0,1,0,0,1,1,1,1,1,0,0,0,1,1,0,0,0,1,1,1,1,1,0,0,0,1,0,0,0,1,1,1,0,0,1,1,0,1,1,0,0,0,0,1,1,0,1,0,1,0,1,0
1,0,1,0,1,0,0,1,1,1,1,0,1,1,0,0,0,0,1,1,0,1,1,1,1,0,1,0,0,0,1,1,0,0,0,1,0,1,1,0,0,0,1,1,0,0,1,0,1,0,0,1,1,1,1,0,0,0,1,1,0,0,0,0,1,0,0,0,1,0,0,1,1,1,0,1,1,1,1,0,0,0,1,0,0,0,1,0,1,0,0,0,0,1,1,1,1,0,0,1,1
1,0,0,1,1,1,1,1,0,1,1,1,0,0,1,0,1,0,0,1,0,1,0,0,1,1,1,1,0,1,0,1,0,1,0,0,1,1,1,0,0,0,0,0,0,0,0,1,0,1,0,0,0,0,1,1,0,1,0,1,1,1,0,0,0,0,0,0,1,1,0,0,1,0,0,1,0,0,0,1,0,0,1,1,0,1,0,0,0,0,1,0,1,0,0,0,1,0,1,0,1
0,0,0,0,1,0,0,1,0,1,1,0,0,1,1,0,0,1,1,0,1,0,0,0,1,1,0,0,1,1,1,1,1,0,1,1,1,1,0,1,1,0,0,1,1,1,0,0,0,0,1,1,0,0,1,0,0,1,1,1,0,0,1,0,1,1,0,0,0,1,0,0,0,1,0,1,0,1,0,0,1,0,0,1,1,0,1,0,0,0,0,0,1,0,1,1,1,1,0,0,1
0,0,0,1,1,1,0,0,0,0,0,1,1,0,1,1,1,1,0,1,0,0,0,1,1,1,1,0,1,1,1,0,0,0,0,0,1,0,0,1,0,1,1,0,0,0,1,1,1,1,1,1,1,1,0,0,1,1,0,0,0,1,0,1,0,1,0,0,1,1,1,1,1,0,0,1,0,0,0,0,0,0,0,0,0,0,1,1,1,0,0,1,0,1,0,0,1,1,0,0,1
0,0,0,1,1,1,1,1,1,0,0,1,1,0,0,1,0,1,1,0,0,0,0,1,0,1,0,1,0,1,0,1,0,0,0,0,0,1,0,0,1,1,0,0,1,1,1,1,1,1,0,1,0,0,0,0,0,1,0,1,1,0,1,1,1,1,1,1,1,0,0,1,1,0,1,1,0,0,0,0,0,0,1,0,0,0,0,1,1,0,1,0,1,1,0,1,0,1,0,0,0
0,1,1,1,0,1,0,1,1,0,1,1,1,0,0,0,0,0,0,0,0,1,0,0,1,1,0,1,1,0,0,1,1,0,0,1,0,0,0,0,0,0,1,1,1,1,0,0,1,0,0,1,1,1,1,0,1,0,1,0,0,0,1,0,1,1,1,1,1,0,0,0,0,0,0,0,1,0,1,0,1,0,1,1,0,0,0,0,1,1,0,0,1,1,0,0,0,0,0,1,0
1,1,0,0,1,0,1,0,0,0,1,1,1,1,1,0,1,0,0,0,0,1,1,0,0,1,0,0,0,0,0,1,0,1,1,0,0,1,0,1,0,0,0,0,0,0,1,0,0,0,0,0,0,1,0,0,1,1,0,0,1,0,1,1,0,0,0,0,1,0,0,0,0,1,1,1,0,0,0,1,1,0,1,0,0,0,0,1,1,0,0,0,0,0,0,1,1,0,1,0,1
1,1,1,1,0,1,0,1,0,0,1,0,0,1,0,1,0,1,1,0,0,0,0,0,0,0,0,0,1,1,0,1,0,1,0,0,1,0,0,1,1,1,1,1,0,0,0,1,0,1,1,1,1,1,0,0,0,1,0,1,1,1,1,1,1,1,1,0,0,0,1,1,1,1,0,1,1,1,1,0,0,1,0,1,0,0,0,1,1,1,1,1,0,1,1,0,0,1,0,1,1
0,0,1,0,1,1,1,0,0,1,1,1,1,1,1,0,1,1,0,0,0,1,1,1,1,1,1,1,0,1,0,1,0,1,0,0,0,0,0,0,1,1,0,0,0,1,0,0,0,0,0,1,1,0,0,0,1,0,1,1,1,1,1,1,1,0,0,1,0,1,0,1,0,0,0,0,0,0,1,1,1,1,0,1,1,1,1,1,0,1,1,0,1,0,1,1,0,0,1,0,0
1,0,0,0,1,0,0,1,1,0,1,1,1,0,1,1,0,0,0,1,1,1,0,1,1,0,0,1,0,0,0,1,1,0,1,1,1,1,0,1,1,1,0,1,0,1,0,1,1,0,1,0,1,1,1,1,1,1,0,0,0,1,1,0,1,1,1,0,0,0,0,0,0,0,1,0,0,1,1,0,1,1,1,1,0,1,1,1,0,1,0,1,1,0,0,1,0,0,1,0,1
1,1,0,1,0,1,0,1,0,0,0,1,1,1,0,1,0,0,0,1,1,1,1,1,1,1,0,1,1,0,1,1,0,0,1,1,1,0,0,0,1,0,1,0,0,1,0,0,0,0,0,0,0,0,1,0,1,0,0,1,0,1,1,1,0,0,1,0,1,1,1,0,0,0,1,0,0,1,1,0,1,1,1,0,0,0,0,1,0,1,1,0,0,0,1,1,0,1,1,0,1
1,0,0,0,0,1,1,1,1,1,0,0,0,1,0,0,0,1,1,1,0,0,0,0,1,1,0,1,1,1,0,1,1,1,0,0,0,0,0,0,0,0,0,1,1,0,0,1,1,1,1,0,1,1,1,1,0,0,0,1,1,0,0,1,0,1,1,0,0,0,0,1,0,1,0,1,1,1,0,1,1,0,0,1,1,1,1,0,0,0,1,0,1,0,1,0,0,1,1,1,1
0,1,0,1,0,0,0,1,1,0,0,0,0,0,0,0,0,1,0,0,1,1,1,1,0,0,1,1,1,1,1,1,1,1,1,1,0,0,1,1,1,1,1,1,0,1,0,0,0,1,1,0,1,1,1,0,0,0,1,0,0,1,1,1,1,1,1,0,0,0,0,0,0,1,1,0,1,0,1,1,0,1,1,0,0,0,0,0,1,0,0,0,0,0,0,0,1,1,1,0,1
0,1,1,1,0,0,1,1,1,1,0,1,0,0,1,0,0,0,1,0,1,1,0,1,1,0,1,0,1,0,1,1,0,1,0,1,0,1,0,0,0,1,0,1,1,0,0,1,0,1,0,1,1,0,0,0,0,1,1,1,0,1,0,1,0,1,0,0,0,0,1,0,0,0,1,0,1,0,0,0,1,1,1,0,0,0,1,1,0,0,0,1,0,0,0,0,1,0,1,0,0
1,1,1,0,1,0,0,1,0,0,0,1,1,1,0,1,0,1,0,1,0,1,0,0,0,1,1,0,1,1,0,0,1,0,0,1,0,1,0,0,1,0,1,0,1,0,0,0,1,1,1,1,0,1,0,1,1,1,1,0,0,1,0,1,0,0,1,1,1,0,0,0,1,0,0,0,1,0,0,0,0,1,0,0,0,1,0,0,1,1,1,0,1,0,0,1,0,1,1,0,1
1,1,0,0,1,1,1,0,0,0,1,1,0,0,1,1,1,1,1,0,1,1,1,0,0,0,1,0,0,0,1,1,0,1,0,1,1,0,0,1,1,1,0,1,1,0,0,1,0,0,0,0,1,1,0,0,1,1,1,1,0,0,1,0,0,0,1,0,0,1,1,0,0,0,1,1,1,1,1,0,1,1,0,0,0,0,1,1,0,1,1,0,0,0,0,0,0,1,1,0,0
1,0,1,0,1,1,1,0,1,1,1,0,1,1,1,0,1,1,0,0,1,0,0,1,0,0,1,0,0,0,0,0,0,1,0,1,1,1,1,1,1,1,1,1,1,0,1,1,0,0,0,0,1,0,1,1,1,1,1,0,0,1,0,1,0,1,0,1,0,0,1,0,1,1,0,0,0,0,0,0,1,0,1,0,0,1,1,0,0,0,1,0,0,1,0,0,1,1,0,0,0
1,0,1,1,1,0,1,0,1,1,1,1,0,1,0,0,1,1,0,0,1,1,0,0,1,0,0,0,1,1,0,1,1,0,1,1,1,1,1,0,0,1,0,1,0,0,0,1,1,0,1,1,0,1,1,1,0,0,0,0,1,0,1,0,1,1,1,1,1,1,1,0,1,1,1,0,1,0,1,1,0,1,1,1,0,0,1,0,1,0,0,1,1,1,0,1,1,1,1,1,1
0,0,1,0,0,1,1,0,0,0,1,0,0,0,0,1,1,0,0,1,1,1,0,0,0,1,0,1,0,1,1,1,1,0,0,1,1,0,1,0,0,0,0,0,1,0,0,0,1,0,1,0,0,0,1,1,1,1,0,1,0,1,0,1,1,1,0,1,1,1,0,0,1,1,0,0,1,0,1,1,0,1,1,0,0,1,0,1,0,0,0,1,1,1,0,1,0,0,0,1,0
1,1,1,0,0,0,0,0,1,0,1,1,1,0,0,1,1,1,1,1,0,1,0,1,0,0,1,0,1,0,0,0,0,0,1,1,0,1,1,1,1,0,0,1,1,1,1,1,1,1,0,0,1,1,0,0,0,0,1,1,0,0,1,1,0,1,0,1,0,0,0,0,1,1,1,0,1,0,0,1,1,0,0,1,1,1,0,0,1,0,1,1,1,0,0,1,1,1,1,1,1
1,0,0,1,0,1,1,1,0,1,0,1,1,1,1,1,0,1,0,0,0,0,0,1,0,1,1,0,1,0,0,0,0,1,1,0,0,0,1,0,0,0,1,1,0,0,0,1,1,1,1,1,1,1,1,0,1,0,0,0,1,1,0,0,0,0,0,1,1,0,1,0,1,1,1,0,1,0,0,0,0,0,1,1,1,0,1,1,0,0,1,1,0,0,1,0,1,0,0,0,1
0,1,1,0,1,1,0,1,1,0,1,0,1,0,0,0,1,1,0,0,0,1,1,1,1,0,0,0,1,1,0,1,0,1,0,1,0,1,0,1,0,0,1,0,1,1,1,1,1,0,0,0,1,0,1,0,0,1,0,1,1,0,1,0,1,0,1,0,0,1,0,1,1,1,1,0,1,0,0,1,1,0,1,0,1,1,1,1,1,1,0,0,0,0,0,0,0,0,0,0,1
1,0,0,1,1,1,1,1,0,1,0,1,1,0,1,1,1,1,0,0,0,1,1,1,1,1,0,0,1,1,0,1,0,0,1,0,1,0,0,1,1,0,0,1,0,0,1,0,0,1,0,1,0,0,1,0,1,0,1,0,0,0,1,1,1,0,0,1,0,0,1,1,1,1,0,0,0,0,1,1,0,1,1,0,1,0,0,0,1,0,1,0,0,1,1,1,0,1,1,1,1
0,0,0,1,0,1,1,1,1,1,0,0,1,0,1,1,0,1,1,1,1,0,0,1,1,0,0,1,1,1,0,0,1,1,0,0,1,1,1,1,1,0,1,1,1,1,1,1,1,0,0,0,0,0,0,0,1,1,0,0,0,0,1,0,1,0,1,1,1,1,1,1,0,1,0,0,0,0,1,1,1,1,1,1,0,0,0,0,1,1,1,0,0,0,1,0,1,0,1,0,0
1,1,0,1,1,1,1,1,1,1,0,1,1,0,0,0,0,0,1,0,1,0,0,1,1,1,1,1,1,1,1,0,0,0,1,0,0,1,1,0,0,1,0,0,0,1,1,1,0,0,1,0,1,1,0,1,0,0,1,0,1,0,0,0,1,1,0,0,0,0,0,1,0,0,1,1,1,1,1,1,0,1,0,1,0,1,0,1,1,1,1,0,0,0,0,0,0,1,0,0,1
1,1,0,1,0,0,0,1,1,0,1,1,0,1,1,0,0,1,0,0,0,0,0,1,1,0,1,1,0,0,1,1,1,0,1,1,1,0,0,1,0,0,1,0,1,0,1,0,0,0,1,1,1,1,1,1,0,1,0,1,0,1,0,0,0,1,0,1,0,0,0,1,1,0,1,0,1,0,0,1,1,0,1,1,1,1,1,1,0,0,0,1,1,0,0,0,1,0,1,1,1
0,1,1,1,1,0,0,0,0,1,1,0,1,0,0,1,0,1,1,1,1,0,0,1,1,0,1,1,1,0,1,1,1,0,1,0,1,1,1,0,1,0,0,0,1,1,0,0,1,0,1,0,1,0,1,0,1,1,0,0,0,1,1,0,0,0,1,1,1,0,1,1,1,1,0,0,0,0,1,1,0,0,1,0,1,0,1,1,1,0,0,1,0,1,1,1,1,0,1,0,1
1,1,0,0,1,0,0,1,0,0,1,1,0,0,1,1,1,1,1,0,1,0,0,1,0,0,1,1,0,0,0,1,0,0,0,1,1,0,0,0,0,1,0,1,1,1,0,1,1,1,0,0,0,0,0,1,1,1,0,0,0,1,1,0,1,1,0,0,0,0,0,1,0,0,0,1,0,1,1,1,0,1,0,0,0,0,0,1,1,1,0,1,1,0,0,0,0,1,0,1,0
1,1,0,1,0,1,0,1,1,1,1,0,1,0,0,1,0,1,1,1,1,1,0,1,1,0,0,0,1,0,1,1,1,0,1,0,1,0,1,1,1,0,1,1,0,0,0,1,0,0,0,0,0,0,1,1,0,0,0,0,0,0,0,1,0,0,1,1,0,0,1,0,0,0,0,1,0,0,1,1,1,0,1,1,0,1,0,0,0,0,1,1,0,0,0,0,1,0,0,0,1
0,0,1,1,0,0,1,1,0,0,1,0,1,0,1,0,0,1,0,1,0,0,0,0,0,1,0,0,0,0,1,1,1,0,1,1,0,0,0,0,1,1,1,1,0,1,1,1,1,1,1,0,1,0,0,1,0,1,1,1,0,0,1,0,1,0,1,0,1,1,1,1,0,1,0,1,0,1,0,0,1,1,0,0,0,1,0,0,0,0,0,0,0,1,1,1,0,1,0,1,1
1,1,1,0,0,1,0,1,0,0,1,0,0,0,0,0,1,1,0,0,0,1,1,1,0,0,1,0,1,1,0,0,0,1,1,1,0,0,1,0,0,0,1,0,0,1,1,1,1,1,1,1,1,1,0,0,0,1,0,1,0,0,0,1,0,1,1,0,1,0,1,1,0,1,1,0,0,1,1,0,1,1,1,0,1,0,0,0,1,1,1,0,1,0,1,1,1,1,1,1,1
0,0,1,0,0,1,1,0,1,0,1,0,0,1,1,0,1,1,1,1,0,0,1,0,1,1,1,0,1,1,1,1,1,1,1,1,0,0,0,1,0,1,0,0,1,1,0,0,0,1,1,1,1,0,1,1,0,1,0,0,0,1,1,0,0,0,1,1,0,0,0,1,1,1,1,1,0,1,0,1,1,1,0,1,0,0,0,0,0,1,0,1,1,1,1,1,0,0,1,0,1
1,0,0,0,0,1,0,1,0,1,1,1,0,1,1,1,1,0,0,1,0,1,0,1,1,1,0,1,1,0,1,1,0,1,0,1,0,1,1,1,0,0,0,0,0,1,1,1,0,1,1,0,0,0,0,0,1,1,0,1,0,1,0,0,1,1,1,1,0,1,1,0,0,1,1,1,1,1,1,0,1,0,1,0,1,1,1,1,0,1,1,0,0,1,1,1,0,0,0,1,1
0,1,0,0,1,0,1,1,0,0,1,1,0,0,1,0,1,1,1,1,0,1,1,0,1,1,1,1,0,0,0,0,0,1,1,1,1,1,1,0,1,0,1,1,1,1,0,1,1,0,0,0,1,1,0,0,0,1,1,1,1,0,0,1,0,1,1,0,1,0,1,1,0,1,0,1,0,0,1,0,1,0,1,1,0,1,0,1,1,0,0,1,1,0,1,1,0,1,1,1,1
0,0,1,1,1,1,0,0,0,1,0,0,1,0,0,1,0,1,0,0,0,1,1,1,1,0,0,1,1,1,1,1,1,1,1,1,0,1,1,0,1,0,1,0,1,0,1,1,1,0,1,1,1,1,0,1,1,0,1,1,0,0,0,1,1,1,1,1,0,0,0,1,1,1,1,0,1,1,0,0,1,0,0,0,0,1,0,0,0,1,1,1,0,0,0,1,1,1,0,1,1
1,0,1,1,1,1,1,1,1,0,1,1,0,0,0,1,1,1,0,0,1,0,1,1,0,1,0,0,0,0,0,1,1,1,1,1,0,0,0,1,1,1,0,0,1,1,1,0,0,1,1,0,1,1,0,0,1,0,0,0,0,0,1,0,0,0,0,0,1,1,1,0,0,1,1,0,1,1,0,0,0,1,1,1,1,1,0,1,1,1,1,1,0,1,0,1,0,1,1,0,1
1,0,1,1,1,1,0,1,1,1,1,1,1,0,1,1,1,1,1,1,1,1,0,1,0,0,0,1,1,0,1,1,1,1,1,0,1,0,1,0,0,0,1,0,1,0,1,1,0,1,0,1,0,0,1,1,0,0,1,1,0,0,0,0,1,0,0,1,1,1,1,0,0,0,1,1,1,1,1,0,0,1,1,0,1,1,0,1,1,1,1,0,0,1,1,0,0,0,0,1,1
1,0,0,1,1,1,1,1,1,0,1,0,1,1,0,1,1,1,0,1,0,0,0,0,1,1,0,0,1,1,0,0,1,0,1,1,1,1,1,1,0,0,0,0,0,1,0,0,0,1,0,1,1,1,1,0,1,0,1,1,0,0,1,0,0,0,0,1,1,0,0,0,1,1,0,1,1,1,1,0,1,0,0,1,0,0,0,0,0,0,0,0,0,0,1,1,1,0,1,1,1
0,0,0,1,1,1,1,1,1,1,0,0,0,1,1,1,0,1,0,0,1,0,0,0,0,1,0,1,0,0,0,0,1,0,0,0,0,0,1,0,1,0,1,0,1,0,0,1,0,1,0,1,0,1,1,1,0,0,0,0,1,1,0,0,0,0,1,1,1,0,0,0,0,1,1,0,0,0,1,1,0,1,0,1,1,1,1,1,0,1,0,0,0,1,0,0,0,0,1,1,1
0,1,1,0,1,1,0,0,1,0,0,1,1,1,0,1,0,1,0,0,0,1,0,1,1,0,0,0,0,1,1,1,1,1,1,0,0,1,0,1,1,0,1,1,0,1,1,1,1,1,0,1,1,1,1,0,1,1,0,1,1,0,1,0,1,0,1,0,0,0,1,1,0,0,0,0,0,1,1,0,1,1,0,0,1,0,1,0,0,0,0,1,1,1,0,0,1,0,1,0,1
0,0,1,0,0,0,1,0,1,0,1,1,0,1,1,0,1,1,1,1,1,1,1,0,0,1,1,0,1,0,1,0,1,1,0,0,1,1,1,1,1,0,0,1,0,1,0,1,0,0,0,1,0,0,1,1,0,0,1,1,1,0,1,1,1,1,0,1,1,0,0,0,1,0,0,0,0,1,1,0,1,0,0,0,1,1,1,1,0,0,1,1,1,0,0,1,1,0,0,0,0
0,1,0,0,1,0,1,0,0,1,0,0,1,1,1,0,1,1,1,0,0,1,1,0,1,0,0,1,0,0,1,0,1,1,1,1,0,0,0,1,1,1,0,0,0,0,0,0,1,0,0,0,0,0,1,1,0,0,1,1,1,1,1,0,0,1,0,0,0,1,1,1,0,0,1,1,0,1,1,0,0,0,1,1,1,1,0,0,1,0,0,1,1,0,0,0,1,1,1,0,1
1,1,0,1,1,1,1,1,1,0,0,0,1,1,0,1,0,1,1,1,0,0,1,1,1,1,1,0,0,1,0,1,1,1,0,0,1,1,0,1,0,0,1,0,1,0,0,1,1,1,0,1,0,1,1,0,1,1,0,1,1,1,1,0,0,0,1,1,0,1,1,0,1,0,1,1,1,0,1,0,1,1,1,1,1,1,1,0,1,1,1,0,0,1,0,1,1,0,0,1,1
1,0,0,0,0,1,0,1,0,1,0,1,1,1,1,1,1,0,1,1,1,0,0,0,1,0,0,0,0,0,0,0,0,1,1,0,1,0,0,0,1,1,1,0,1,0,0,0,1,0,1,0,1,1,1,0,0,1,0,1,0,1,0,0,1,0,0,1,0,0,0,1,1,0,1,1,0,1,1,0,1,1,1,1,1,0,1,0,0,1,0,0,1,1,1,0,0,1,0,1,0
1,1,1,1,1,1,1,1,1,0,1,1,0,0,0,0,1,0,1,1,0,1,1,1,1,0,0,1,1,0,0,1,0,1,0,1,1,1,1,0,0,1,0,0,1,0,1,1,0,1,1,0,0,1,0,1,1,0,0,0,0,1,0,0,0,0,1,1,1,0,1,1,1,0,1,1,1,1,0,0,1,0,0,0,1,0,1,0,1,0,0,0,1,1,1,0,1,0,1,0,1
0,0,0,0,0,0,1,1,1,1,0,0,0,0,1,1,0,0,1,0,1,0,1,0,0,0,0,0,0,1,0,1,1,0,1,1,1,1,1,0,1,0,1,1,1,0,0,0,0,0,1,1,1,0,1,1,1,1,0,1,1,1,0,0,0,0,1,1,1,1,0,0,0,1,1,1,1,1,1,1,1,1,1,0,0,1,1,0,1,0,0,0,1,0,0,1,1,1,0,1,0
1,1,1,1,0,1,1,1,1,1,0,1,0,1,1,1,1,1,0,1,1,1,1,1,0,1,1,1,0,0,0,1,0,0,0,1,1,0,0,0,1,0,0,1,0,0,1,0,0,0,1,0,0,1,0,1,0,0,1,0,0,0,1,1,1,0,1,1,1,0,0,1,1,0,1,0,0,0,1,1,0,1,0,0,0,1,1,0,0,1,1,0,1,0,0,0,1,1,0,0,0
0,1,0,0,1,1,0,0,0,0,0,0,0,0,0,1,1,1,1,1,0,0,1,0,0,1,0,1,0,1,0,0,1,1,1,0,1,1,1,0,1,1,0,1,1,1,0,0,1,1,1,0,0,1,1,0,1,0,0,1,0,1,0,1,1,1,1,0,0,1,0,0,1,0,0,0,0,0,1,0,0,1,0,1,0,1,1,1,1,0,0,0,1,1,1,0,0,1,0,0,1
0,0,1,1,1,1,0,1,0,1,1,0,0,0,1,0,0,0,1,0,1,0,0,1,1,1,1,1,1,0,0,1,1,0,1,0,1,0,1,1,0,1,1,0,0,0,1,0,1,1,0,0,0,1,1,0,1,1,1,1,1,1,0,0,1,1,0,0,0,1,1,1,0,1,0,0,1,1,1,0,0,0,1,1,1,1,1,1,1,0,1,0,0,1,1,1,1,0,0,1,1
1,1,0,1,1,0,0,1,0,0,1,0,1,1,0,0,1,0,0,0,0,1,1,0,1,0,0,0,0,1,1,1,1,0,0,0,1,0,0,1,0,0,0,0,1,1,1,1,1,1,1,1,0,1,0,0,1,1,1,0,1,0,1,1,1,0,1,1,0,0,0,0,0,1,0,1,0,0,1,1,0,0,1,0,0,1,1,1,1,1,1,0,1,1,0,0,1,0,0,1,1
0,0,0,0,1,0,0,1,1,0,0,0,1,1,1,0,1,1,0,0,0,1,0,1,1,0,0,1,1,0,0,0,0,1,0,1,1,1,1,1,0,1,1,1,0,0,0,0,1,0,1,1,1,1,1,0,0,0,0,1,1,0,1,0,0,1,1,0,0,1,0,0,1,0,1,1,0,0,1,0,1,1,0,0,0,1,1,1,1,0,1,1,1,1,0,1,1,0,1,0,1
0,1,1,0,1,0,0,1,0,0,0,1,0,0,1,0,0,1,0,0,0,0,1,0,1,1,0,1,1,1,0,1,0,1,1,1,1,1,1,0,0,0,1,1,0,0,1,0,1,0,0,1,1,1,0,0,0,1,1,0,1,0,0,0,1,0,0,0,0,0,1,0,1,0,0,1,0,1,1,0,0,1,1,1,1,1,1,1,0,1,1,0,0,1,1,1,1,1,0,1,1
0,0,0,0,0,1,1,1,0,1,0,1,1,1,1,1,1,1,0,0,1,1,1,1,0,0,1,0,1,0,0,1,1,0,0,1,0,0,0,0,0,0,0,1,1,1,0,1,1,0,0,1,0,0,0,0,1,1,0,0,1,0,1,0,1,0,1,1,1,0,1,0,1,1,0,0,1,0,0,1,0,0,0,0,1,0,1,1,0,1,0,1,1,0,1,1,1,1,0,1,0
1,1,1,0,0,1,1,1,1,1,1,0,1,0,1,1,1,0,0,1,1,0,0,1,0,1,0,1,1,1,1,1,1,1,0,1,1,1,1,1,0,0,0,0,1,0,0,1,0,1,0,0,0,1,0,0,1,1,1,0,0,1,1,1,1,0,1,1,1,0,1,1,0,1,0,0,0,1,0,1,1,0,0,1,1,0,0,0,1,1,1,1,1,0,1,0,1,1,0,0,1
0,0,1,1,0,1,1,1,1,1,0,1,0,0,0,0,1,1,0,1,1,1,1,1,0,1,1,0,0,1,0,0,1,0,1,1,0,0,1,0,1,1,0,0,0,1,0,1,1,1,1,1,0,0,0,0,0,0,1,1,1,0,0,0,0,0,0,1,1,1,0,0,1,1,1,0,0,1,0,0,0,0,1,0,0,1,0,1,0,0,1,0,1,0,1,1,0,1,0,1,1
1,0,1,0,0,1,1,1,0,1,0,1,0,0,1,0,0,0,0,1,1,1,0,0,1,0,0,0,1,1,1,0,1,0,0,0,1,0,1,1,0,0,1,1,1,0,1,0,0,1,1,0,1,1,1,0,1,1,0,0,0,0,0,1,1,0,1,0,0,1,1,1,1,1,1,0,1,0,1,1,1,1,1,0,1,0,0,1,1,0,0,0,0,0,1,1,1,0,1,0,1
0,1,1,1,0,0,0,1,0,0,1,1,0,1,0,0,1,1,1,1,0,1,0,1,0,0,1,0,0,0,0,0,1,0,1,0,1,1,1,0,1,1,1,0,1,0,1,0,0,1,0,1,0,0,0,1,0,1,0,0,1,0,0,0,0,0,1,0,0,1,1,0,1,0,0,0,1,1,1,0,1,0,0,0,0,0,0,0,0,0,1,1,1,0,0,0,1,0,1,0,0
1,1,0,0,0,1,1,1,1,1,1,1,0,0,1,0,0,0,1,0,1,1,1,0,0,1,0,1,0,0,1,1,1,1,0,1,0,0,0,1,0,0,1,0,1,0,1,1,1,1,1,0,0,0,0,0,0,1,1,1,0,0,0,1,1,1,0,1,1,1,1,1,1,1,0,1,1,0,0,1,1,1,1,1,0,1,0,0,0,1,0,0,0,0,0,1,0,0,1,0,1
0,0,1,0,0,1,1,1,1,0,0,0,1,1,0,0,0,1,1,1,0,0,0,1,1,1,1,1,0,1,1,0,0,0,1,1,1,1,0,0,1,0,1,0,1,1,1,0,0,0,1,0,0,0,1,1,0,1,0,1,1,0,0,0,1,0,1,1,1,0,0,0,0,0,0,0,1,1,1,1,1,1,0,1,1,1,0,1,1,1,0,0,1,0,0,0,0,0,0,1,1
0,1,1,1,0,0,1,1,0,0,1,0,1,0,1,1,0,1,0,1,0,0,1,1,0,0,0,0,1,0,1,0,0,1,0,0,0,1,1,1,0,0,0,1,1,0,0,0,1,0,0,0,1,1,0,1,1,0,1,1,1,1,1,1,0,1,1,1,0,1,1,1,0,0,0,0,1,1,0,1,0,1,1,0,1,0,1,0,0,1,0,0,0,0,0,0,1,0,1,1,1
0,1,1,1,1,0,1,1,1,1,0,0,1,1,0,1,0,1,1,1,0,0,1,0,0,1,0,1,0,0,1,0,1,1,0,0,1,0,1,1,1,1,0,1,0,0,1,1,1,1,1,1,0,0,0,1,1,1,1,0,1,1,1,1,0,0,0,1,0,1,1,1,0,0,0,1,0,1,0,1,0,1,1,1,0,0,0,1,1,1,0,1,0,0,0,0,1,1,1,1,1
1,0,1,0,0,1,0,0,1,0,0,1,0,0,0,1,1,0,0,0,0,1,1,1,0,1,0,0,1,0,0,0,0,1,1,1,1,1,0,0,1,0,1,1,1,0,0,0,1,1,0,0,1,1,1,1,1,1,0,0,1,0,0,0,1,0,0,0,1,1,0,1,0,0,0,0,0,1,1,1,0,1,1,0,1,0,0,1,1,1,1,1,1,0,1,1,0,1,0,0,1
0,1,0,0,1,0,0,1,1,0,0,1,1,0,1,0,1,0,1,0,1,1,1,0,1,0,0,1,0,1,1,0,1,1,0,0,1,1,0,0,1,1,0,1,1,0,1,0,1,1,0,0,0,1,1,0,1,1,1,1,1,0,1,0,1,1,0,1,1,1,0,1,0,0,0,1,1,0,0,1,0,0,1,1,1,0,1,0,0,1,1,1,0,1,0,0,1,1,1,0,0
1,1,1,0,1,1,0,1,1,0,0,1,1,0,0,0,1,0,0,0,1,0,1,1,0,1,1,0,1,0,0,1,1,0,1,1,0,0,1,0,1,0,0,0,1,0,1,0,1,1,0,0,0,1,0,1,0,1,0,1,1,0,1,1,0,0,1,1,1,1,1,1,0,0,0,1,1,1,0,1,1,1,1,0,1,0,1,1,0,1,0,1,1,1,0,1,1,1,0,1,1
0,1,1,1,1,0,0,1,0,1,1,0,0,1,0,0,1,1,1,1,1,0,0,1,1,0,0,0,1,1,0,1,0,1,1,1,1,0,1,0,1,1,1,1,0,0,0,1,0,1,1,1,0,0,0,0,1,0,0,0,0,1,0,0,1,0,1,1,0,0,1,1,0,0,1,1,1,0,0,0,1,0,0,0,0,1,1,0,0,1,0,0,0,0,0,0,1,1,1,0,1
1,1,0,1,1,1,0,1,0,0,0,1,0,1,0,0,0,0,0,0,1,1,0,1,1,0,1,1,1,0,0,1,1,1,0,1,1,1,1,0,1,0,0,1,1,1,0,0,0,0,0,0,1,0,0,1,1,0,1,1,1,1,1,1,1,1,1,0,0,0,0,1,1,1,0,1,0,1,1,1,1,1,0,1,0,1,1,0,0,0,1,1,1,0,1,0,1,1,0,0,1
1,1,1,0,1,0,0,0,1,1,1,1,0,1,1,0,0,0,0,0,1,1,1,0,0,0,1,0,0,0,0,0,0,0,0,0,1,1,0,1,1,0,1,1,1,1,1,0,1,0,0,1,1,0,0,0,1,0,1,1,1,0,1,1,1,0,0,0,1,1,0,1,1,0,0,1,1,1,0,0,0,1,0,0,0,0,1,0,0,1,1,1,1,1,0,0,0,0,1,1,0
0,1,0,0,1,0,1,1,1,0,1,1,0,1,1,0,0,0,1,1,0,0,1,0,0,1,0,1,0,1,1,0,0,0,0,1,0,1,0,1,1,1,0,1,1,1,1,0,0,0,0,0,0,0,1,0,1,0,1,0,1,1,0,1,1,0,0,1,0,0,1,0,0,1,1,1,1,0,0,1,1,0,0,0,1,1,1,1,1,0,1,0,0,1,1,1,0,1,0,1,0
1,0,0,0,0,1,1,0,1,0,0,0,1,1,0,1,0,1,1,1,1,1,1,0,1,1,1,1,1,1,0,1,1,0,0,0,0,1,1,1,0,0,1,0,0,1,0,0,1,0,1,1,1,1,0,1,0,1,1,1,0,1,0,0,1,0,1,0,1,1,1,0,1,1,1,0,1,0,1,0,1,1,1,1,0,1,1,0,1,0,0,0,1,0,1,0,1,1,1,0,1
1,0,0,0,1,1,1,1,1,0,0,0,1,0,1,1,1,1,1,0,1,1,0,0,1,0,1,0,1,0,0,1,1,1,0,1,0,0,1,1,0,0,1,1,1,0,1,1,1,1,0,0,1,1,0,0,1,1,0,0,0,0,1,0,0,0,1,0,0,0,1,1,0,0,0,1,1,1,0,1,0,0,1,0,0,1,0,1,0,0,1,1,0,1,1,1,0,0,1,0,1
1,1,1,1,0,1,0,1,1,1,1,0,1,1,1,1,1,0,0,1,0,1,1,1,0,1,1,0,0,0,1,0,0,0,1,1,1,1,0,1,1,1,1,0,1,1,1,1,0,1,1,1,0,1,1,1,1,0,0,1,0,1,1,1,1,1,1,1,0,0,0,1,1,1,1,0,0,0,1,1,1,1,0,1,1,0,0,1,1,1,0,1,1,0,1,1,0,0,1,1,1
1,1,0,1,1,1,1,0,0,1,0,1,0,1,1,1,1,1,1,0,0,1,0,0,0,0,0,1,0,1,0,0,1,1,1,0,0,1,1,1,0,1,0,0,0,1,1,0,0,0,1,1,1,0,0,1,1,0,0,1,0,0,0,0,1,0,1,0,0,1,1,1,1,1,0,0,1,1,1,0,1,1,1,1,1,1,1,1,0,0,1,1,1,0,0,1,1,0,1,1,0
0,0,1,1,0,1,0,1,1,0,1,0,1,0,0,0,0,1,0,1,0,0,1,1,1,1,0,1,0,0,1,0,1,0,1,1,0,0,1,1,0,0,0,0,0,0,0,0,1,1,1,1,0,1,1,0,1,1,1,0,1,0,0,0,0,1,1,0,0,1,1,0,0,1,1,1,1,1,0,0,1,0,0,1,0,0,1,0,1,1,0,0,1,1,1,0,1,0,1,0,1
0,0,1,0,1,1,0,1,0,1,0,0,1,0,0,1,1,1,0,0,1,0,0,1,0,0,1,1,1,1,1,0,0,1,1,1,0,0,1,0,1,1,0,1,0,1,1,1,1,1,1,1,0,1,1,0,0,0,0,0,0,1,0,0,1,1,1,1,0,1,1,0,1,0,0,0,0,1,0,0,1,1,0,0,0,1,1,1,1,1,1,1,0,0,0,0,1,0,0,1,1
1,0,1,0,0,0,0,1,1,0,0,0,0,0,0,0,1,0,1,0,0,0,1,1,0,0,1,1,0,1,1,0,1,1,1,1,1,1,1,0,1,1,0,0,1,1,0,1,0,1,0,0,1,0,1,0,1,1,1,1,0,0,1,0,0,0,1,1,0,1,0,1,1,1,1,0,1,0,0,1,0,0,1,0,1,0,0,1,1,0,0,1,0,0,0,0,0,1,0,0,1
1,1,0,0,0,1,1,1,0,0,1,0,1,0,1,1,1,0,0,0,1,0,0,1,1,0,0,0,1,0,1,1,0,1,1,0,0,0,0,0,1,0,1,1,0,1,1,0,0,0,0,0,1,1,0,1,0,1,0,1,0,1,0,1,0,0,0,0,1,1,0,1,1,1,1,0,0,0,0,0,1,1,0,0,1,1,0,1,1,1,0,1,1,1,0,1,0,1,0,1,1
1,1,1,1,0,0,1,1,1,1,1,0,1,0,1,0,1,1,1,0,1,0,0,0,0,0,0,0,0,0,0,0,0,0,1,0,1,0,1,0,0,1,0,0,0,1,1,1,1,1,1,1,0,1,0,1,1,1,0,0,0,0,1,1,0,1,1,1,0,0,0,1,1,0,1,1,1,0,1,0,1,0,1,1,1,1,0,0,1,0,0,0,0,1,1,1,1,0,1,0,0
0,0,1,0,1,0,1,1,1,0,1,1,1,0,0,0,0,1,0,0,1,1,1,0,0,1,1,0,1,0,0,1,0,1,0,0,1,0,0,1,1,0,1,1,1,0,1,0,1,1,0,0,0,0,0,0,1,0,0,1,1,0,1,0,1,0,0,0,1,1,0,1,0,1,0,0,0,0,0,1,1,1,1,0,1,0,0,1,1,1,1,1,1,1,0,1,0,1,0,0,1
1,1,1,1,1,1,0,1,0,0,0,1,0,0,1,1,0,0,0,0,1,1,0,0,0,1,1,0,0,0,0,0,1,1,1,0,0,1,0,1,1,0,0,0,0,0,0,1,1,0,1,1,1,0,1,1,0,1,0,1,0,1,0,0,1,1,0,1,0,1,1,1,0,0,0,0,1,0,1,1,0,1,1,0,0,0,0,0,0,0,0,1,1,0,0,1,0,0,0,1,1
0,0,0,0,1,0,0,0,0,0,0,0,1,0,0,1,0,1,0,0,1,0,0,0,1,0,1,0,1,0,1,1,0,0,1,0,1,0,0,1,1,1,1,0,0,0,1,0,1,1,1,0,0,1,0,1,1,0,0,1,0,1,0,1,1,1,0,0,1,0,1,0,1,0,1,1,1,0,0,1,0,1,0,1,1,0,1,1,0,1,0,1,0,0,1,1,1,0,1,1,1
0,1,0,1,1,1,1,0,0,1,0,0,0,1,1,0,1,0,1,0,0,1,0,0,0,1,0,0,0,0,1,1,0,0,1,0,0,0,1,0,1,1,1,0,0,1,0,1,1,1,0,1,1,0,1,0,1,1,0,0,1,0,0,1,0,0,0,1,1,0,1,1,0,0,0,0,0,0,0,1,1,0,1,1,1,0,0,0,1,0,1,1,1,0,0,1,1,1,0,1,1
1,0,0,0,1,0,1,0,1,1,0,0,1,1,1,1,1,0,0,0,0,0,0,0,0,1,1,0,1,1,0,1,0,0,0,1,0,0,1,1,1,1,1,0,0,1,1,1,1,1,0,0,0,1,0,1,0,1,0,0,0,1,0,0,1,1,0,0,0,1,0,0,1,1,1,1,0,0,0,1,0,1,0,1,0,0,0,1,0,1,1,0,1,0,0,0,0,1,0,1,1
0,0,0,0,1,0,1,1,1,1,0,1,0,1,0,1,1,1,0,1,1,1,1,0,1,1,0,1,1,1,0,0,1,0,1,0,1,0,0,0,0,0,0,1,0,0,1,0,1,1,1,0,0,0,0,1,1,0,0,1,0,0,0,0,0,1,0,1,0,0,0,1,1,0,1,1,1,0,1,1,0,0,1,1,0,0,0,0,0,1,0,1,1,1,0,0,1,1,0,1,1
0,0,1,0,1,1,0,1,1,1,1,0,1,1,0,1,1,1,1,0,1,1,0,0,0,0,1,0,1,0,0,0,0,0,1,0,0,1,1,1,1,1,0,1,0,0,1,0,1,0,1,1,0,1,0,0,1,0,0,1,0,0,0,1,1,1,0,1,1,0,0,1,1,0,1,0,0,1,1,0,0,1,0,0,0,0,1,1,1,1,1,0,0,0,1,0,0,1,0,0,1
1,1,1,0,1,0,1,1,1,0,1,0,0,1,0,1,0,1,1,1,0,0,0,1,1,1,0,0,0,0,1,1,1,1,1,0,1,0,0,0,0,1,0,0,0,0,1,0,0,1,1,1,0,0,0,1,0,0,0,1,1,1,1,0,0,1,0,0,1,0,0,0,1,0,0,1,0,1,1,0,1,0,1,1,0,1,1,1,0,0,1,1,0,0,1,0,1,0,0,0,1
1,0,1,0,0,1,0,0,0,1,1,0,1,1,1,1,1,1,1,0,0,1,1,1,0,0,0,0,1,0,1,1,1,0,1,0,0,1,0,1,1,1,0,1,0,0,1,1,0,0,0,0,0,0,1,0,1,1,1,0,0,0,0,0,1,1,1,0,1,1,0,1,1,1,0,0,1,0,1,1,0,0,0,0,0,0,0,0,0,0,0,1,1,1,1,1,1,0,1,1,1
1,1,1,0,1,1,1,0,1,1,0,1,1,0,0,0,1,0,0,0,0,1,0,1,1,1,0,1,0,0,1,0,1,1,0,1,1,1,1,1,1,1,1,0,0,0,1,1,1,1,0,0,1,1,1,1,1,0,0,0,1,0,0,0,1,0,1,1,1,0,0,0,0,0,1,1,0,1,0,0,1,0,0,1,0,1,0,0,1,1,1,0,0,1,0,1,0,0,0,1,1
1,1,0,0,1,0,1,0,1,0,1,0,1,1,1,1,0,1,0,1,1,1,0,1,1,1,1,0,1,1,0,1,1,1,0,0,1,1,1,0,1,0,1,0,1,1,1,0,1,1,0,0,1,0,0,0,1,0,0,0,0,0,0,1,0,0,1,0,1,0,1,1,1,1,1,1,0,1,1,1,1,1,0,0,1,0,0,1,1,1,1,0,0,1,0,0,1,0,1,1,1
0,1,1,0,1,1,1,0,0,0,0,0,1,0,1,0,0,0,1,0,1,1,0,1,0,1,0,1,1,1,1,1,1,0,1,1,0,1,0,1,0,0,1,1,1,0,1,1,0,0,1,0,1,1,0,0,0,1,0,0,1,1,0,1,0,1,0,0,1,0,1,0,1,1,0,1,0,0,1,1,1,0,0,0,1,0,0,0,0,1,1,0,1,1,1,0,0,0,0,1,1
1,1,0,0,0,0,1,0,0,0,0,0,0,1,1,1,1,0,1,0,0,0,1,0,0,0,1,0,0,0,0,0,0,0,0,1,1,0,1,0,0,1,1,1,1,1,0,1,0,0,0,1,1,0,0,1,0,0,1,1,1,1,0,0,1,1,0,0,1,1,0,0,0,1,1,0,1,1,0,1,1,1,0,0,0,1,0,0,0,1,0,0,0,0,1,1,0,0,1,0,0
1,1,1,0,1,1,0,0,1,1,1,0,1,0,1,1,1,1,1,1,1,0,0,1,0,0,1,0,1,1,1,0,1,0,1,1,0,1,0,0,1,0,0,1,1,0,1,0,0,0,1,1,0,1,1,1,0,0,1,0,1,1,1,1,0,1,0,0,1,0,1,0,1,1,0,1,0,1,0,0,1,1,0,1,0,0,1,0,0,1,0,0,0,1,1,1,0,0,0,0,1
1,1,1,0,0,0,0,1,0,0,0,1,0,0,1,1,0,0,1,0,1,1,1,0,0,1,1,1,0,1,1,0,1,1,0,1,0,0,0,1,0,1,0,0,0,0,1,0,1,1,0,1,1,0,1,0,1,0,0,1,0,0,0,0,0,0,1,0,1,1,1,0,1,0,1,0,1,1,1,1,0,0,0,0,0,0,0,1,1,0,1,1,1,0,0,0,1,1,0,0,1
1,0,0,0,0,0,1,1,0,0,1,0,0,0,1,0,1,1,1,1,1,0,0,1,1,1,0,1,1,1,1,1,1,0,0,1,0,0,1,0,0,0,1,1,1,0,1,1,1,0,1,0,0,1,0,0,0,0,1,1,1,1,0,0,1,1,1,1,0,1,1,0,1,1,1,0,0,0,1,1,1,0,1,0,0,1,0,0,0,0,1,0,1,1,0,1,1,1,0,1,1
1,0,0,0,0,0,0,0,0,1,1,0,0,1,0,1,1,0,0,0,0,1,0,0,0,0,0,1,0,0,1,0,0,1,1,0,1,1,0,1,1,1,0,0,1,0,1,0,1,1,1,1,1,1,1,0,1,1,1,0,1,0,0,0,0,1,0,1,0,1,1,1,0,1,0,1,0,0,1,0,1,0,1,1,0,1,1,0,0,0,1,1,1,1,0,1,1,1,0,0,1
0,0,0,1,1,0,1,1,0,0,1,1,0,0,1,1,0,1,1,1,1,1,1,0,1,0,1,0,1,1,1,0,0,1,0,0,0,1,1,0,0,1,1,0,0,0,0,1,1,0,0,1,0,0,0,1,0,1,0,1,1,1,0,0,0,1,1,0,0,0,0,1,0,0,1,1,1,1,0,1,0,0,1,0,0,1,1,1,0,1,1,1,0,1,0,1,1,1,1,1,1
0,0,0,0,1,0,1,0,0,0,1,0,1,0,1,1,1,1,0,0,1,0,1,1,0,1,0,0,0,1,0,0,1,0,0,0,0,1,0,0,0,1,0,1,0,1,1,0,0,1,1,0,1,1,0,0,1,1,1,1,0,0,1,0,0,0,1,0,1,1,1,0,1,1,1,1,0,0,1,1,1,1,0,1,0,1,0,1,0,1,0,0,1,0,1,1,0,0,1,1,0
1,0,1,1,1,1,1,1,0,0,1,1,1,0,0,1,1,1,0,0,1,1,0,1,0,0,0,0,0,1,0,0,1,1,0,0,0,0,0,1,1,0,0,0,0,0,1,1,1,1,1,1,0,1,0,1,1,0,1,1,1,0,0,1,0,1,1,0,1,0,0,0,1,0,1,1,0,0,0,1,0,0,0,0,0,1,0,0,1,0,0,0,1,1,0,1,1,1,0,1,1
0,1,0,1,1,1,0,1,1,0,1,0,0,1,0,1,0,0,1,1,0,1,1,0,1,0,1,1,0,0,1,1,1,0,1,0,1,1,1,1,1,0,1,1,0,0,0,1,0,0,1,0,1,0,0,1,0,0,1,0,0,0,0,0,0,0,1,0,1,0,0,0,1,1,0,1,0,0,1,0,1,0,0,0,0,0,0,1,1,1,0,1,1,1,1,1,0,0,1,0,1
1,0,0,0,0,1,0,1,0,0,1,0,1,1,1,0,1,1,0,0,0,1,1,0,1,1,0,0,1,0,1,0,1,0,0,1,0,0,1,1,1,0,0,0,1,1,1,1,0,0,0,0,1,0,0,0,1,1,0,1,0,0,1,0,1,1,0,0,1,0,0,1,1,1,1,1,0,0,1,1,0,1,1,1,1,0,1,0,1,0,0,0,1,1,1,1,1,0,0,0,1
0,1,1,1,0,0,1,0,0,0,0,0,1,0,0,0,0,0,0,1,1,1,0,1,1,0,1,0,0,1,0,1,1,0,1,0,1,0,0,1,0,0,0,0,1,0,1,0,1,1,1,0,1,1,1,1,1,0,1,1,1,1,1,1,1,1,0,0,1,0,1,1,0,1,1,1,0,0,1,1,0,0,0,1,0,1,0,1,1,0,0,1,0,1,1,0,1,1,1,1,0
0,0,1,0,0,1,0,0,0,0,0,0,1,1,1,1,0,0,1,1,0,0,0,1,1,0,1,1,0,0,1,0,1,0,1,0,1,0,0,1,0,1,1,1,0,1,1,1,0,1,0,0,1,0,1,1,1,1,1,0,0,0,1,1,1,1,0,1,0,1,1,0,1,1,0,0,1,1,0,1,0,1,1,1,0,0,1,0,0,0,1,1,0,0,1,0,0,1,1,1,0
1,0,1,1,0,0,0,1,1,0,1,1,1,0,0,0,0,0,1,1,1,1,1,0,1,0,0,0,0,0,0,1,1,0,1,1,1,0,1,0,1,1,1,1,1,0,1,0,1,0,0,1,1,1,1,0,1,1,0,0,0,1,1,0,0,1,1,1,0,1,0,0,0,1,0,0,1,0,1,0,1,1,0,1,0,0,1,1,0,0,0,0,0,1,1,0,0,1,0,1,1
0,1,1,0,0,0,0,1,1,0,0,0,1,1,1,0,0,1,1,0,0,1,0,0,1,1,0,0,1,0,1,0,0,1,1,1,0,0,1,0,0,1,1,0,1,0,0,1,0,1,0,1,1,1,0,1,0,0,0,1,0,1,1,1,1,1,0,0,0,0,1,1,1,1,1,1,1,1,1,1,0,1,0,0,0,1,1,1,1,1,0,0,0,0,0,1,0,0,0,0,1
0,1,0,1,1,0,0,0,0,0,0,0,1,1,1,1,0,0,0,1,1,0,1,1,1,1,1,0,1,1,1,1,1,1,0,1,0,1,1,0,0,0,0,1,0,1,1,1,1,0,1,1,0,0,0,0,0,1,0,1,0,1,1,0,0,1,0,1,1,1,0,0,1,1,1,0,0,1,0,1,1,1,0,1,0,0,0,0,1,1,0,1,0,0,1,0,1,0,0,1,1
0,1,1,0,0,0,0,0,0,0,0,1,1,0,0,0,0,1,1,1,1,0,0,1,1,1,0,0,0,0,1,1,0,0,0,0,0,1,0,0,1,0,1,1,0,0,1,0,1,1,1,0,1,0,1,0,0,0,0,1,1,0,0,1,0,1,0,0,0,0,0,0,1,1,1,0,0,0,1,1,0,1,1,0,0,0,0,1,1,0,1,1,1,0,1,1,0,0,0,0,1
0,1,1,0,1,0,1,0,1,0,0,1,1,0,1,0,0,0,1,1,1,1,1,0,1,0,1,0,0,1,1,1,1,0,1,0,1,0,1,0,1,0,1,0,0,0,1,0,0,1,1,0,0,1,1,0,0,0,0,1,1,1,0,0,0,1,1,1,0,1,0,0,1,0,1,1,0,0,0,0,1,1,0,0,1,0,0,0,1,1,0,1,0,0,1,0,0,1,0,0,1
0,0,1,0,1,1,0,0,1,1,0,0,0,1,1,1,1,1,1,1,0,0,1,0,1,1,0,0,1,1,0,0,1,0,1,1,0,0,1,0,0,1,1,1,0,0,0,0,1,1,1,1,1,1,0,1,1,1,0,1,0,1,0,1,1,1,1,1,1,1,1,0,1,0,0,0,0,1,1,1,0,0,1,1,0,1,1,0,1,1,1,1,0,1,1,0,1,1,1,0,1
1,0,1,0,1,0,1,0,1,1,1,1,1,0,1,1,1,0,0,1,0,1,0,1,1,0,1,0,1,0,1,1,0,0,0,1,1,1,0,1,1,1,0,0,1,1,1,1,0,1,1,0,1,1,0,1,0,1,1,1,1,0,0,1,0,1,1,1,0,0,1,1,1,0,1,0,0,1,1,0,1,1,1,0,1,0,0,1,1,0,0,0,1,0,1,1,1,0,1,1,0
1,1,0,0,0,0,0,1,0,0,1,0,0,0,0,1,0,0,1,1,1,0,0,0,0,0,0,0,0,1,1,1,1,0,0,1,1,1,1,1,0,0,1,1,0,0,0,1,0,0,0,1,1,1,1,1,1,0,1,0,0,1,1,1,0,0,0,1,1,0,0,1,1,1,1,0,1,1,1,0,1,0,0,0,1,1,0,0,0,1,0,0,1,1,1,0,1,1,0,0,1
1,1,1,1,0,0,0,1,1,0,0,0,0,1,0,1,1,1,1,0,1,0,0,0,0,0,0,1,0,1,1,0,0,1,0,0,0,1,1,0,0,0,1,1,0,0,0,1,1,1,1,0,0,1,1,0,1,1,1,0,1,0,1,1,1,0,0,1,0,0,0,1,0,0,0,1,1,0,1,0,0,0,0,1,1,0,1,0,1,1,0,0,0,1,1,1,1,1,1,1,1
1,0,0,0,0,0,0,0,1,1,1,0,1,0,0,1,1,0,0,1,0,1,0,0,1,1,0,1,0,1,1,1,1,0,1,1,1,1,1,1,1,1,1,1,1,1,1,1,1,1,0,0,0,1,0,0,1,0,0,1,0,1,1,0,0,1,0,0,1,1,1,1,0,0,1,1,1,0,1,0,1,0,0,1,0,0,0,1,1,1,0,0,0,0,1,1,1,1,0,0,1
0,0,1,1,0,1,0,1,0,1,0,1,0,0,0,1,1,1,1,0,0,0,0,1,0,1,0,1,0,0,1,0,1,1,0,0,1,1,0,0,0,0,0,1,0,1,1,1,0,1,1,1,1,0,0,0,1,0,0,0,0,0,1,0,0,0,0,1,0,0,1,0,0,0,1,1,0,0,0,1,0,0,0,1,1,1,1,0,1,0,1,1,1,1,0,1,1,0,1,0,1
1,0,0,0,0,0,0,1,1,0,1,1,1,1,1,1,0,1,1,1,1,1,0,0,0,1,0,0,0,0,1,0,0,0,0,0,1,0,0,0,0,0,0,1,1,0,0,0,0,0,1,1,0,1,0,0,1,1,0,0,0,0,1,0,0,1,0,1,0,1,0,1,0,0,1,1,0,1,1,1,1,1,0,1,0,1,1,0,0,1,1,0,0,1,0,0,0,0,0,1,0
0,0,0,0,0,1,0,1,1,0,0,1,1,1,1,0,0,1,1,1,1,1,1,0,1,1,1,1,1,1,1,1,0,1,0,1,0,1,0,0,1,0,1,1,1,0,0,1,0,0,0,1,0,0,0,0,1,1,1,0,1,0,1,0,1,0,1,0,1,1,1,1,1,1,1,1,0,0,1,0,0,1,0,0,0,1,1,1,0,0,0,0,1,1,1,0,0,1,1,0,1
0,0,0,0,0,0,0,1,1,1,0,1,0,1,1,1,1,1,0,1,0,1,0,1,1,0,1,0,1,0,1,1,1,0,0,1,0,0,0,1,1,0,0,0,1,0,1,0,0,1,1,1,0,0,1,0,0,1,1,1,0,1,1,0,1,1,1,1,1,1,1,1,1,1,0,0,0,1,0,0,0,0,0,0,1,0,0,1,1,1,1,1,0,0,1,1,0,1,1,0,1
1,1,1,0,0,1,1,0,1,1,1,0,1,1,0,0,1,0,1,1,0,1,1,1,0,1,0,0,1,1,1,1,1,1,1,0,0,0,1,0,0,1,1,0,0,0,1,0,0,0,1,0,1,1,1,1,1,1,1,1,0,0,1,0,1,0,1,0,0,0,0,0,0,1,1,0,1,0,1,1,1,1,0,1,1,1,1,0,1,1,1,1,1,1,0,1,0,1,1,1,1
1,0,1,0,1,0,0,1,1,0,1,1,1,0,0,0,1,0,0,0,1,0,1,0,1,1,0,1,1,1,0,1,1,0,0,0,1,1,1,1,1,0,1,1,0,0,0,1,0,0,0,0,0,1,1,1,1,1,0,1,1,0,1,1,1,1,0,0,0,1,1,1,0,1,0,0,0,1,1,0,0,1,1,1,0,0,0,0,0,1,0,0,1,1,1,0,1,1,1,0,1
0,1,1,1,0,0,1,1,0,0,1,1,1,1,0,1,1,0,1,1,0,1,1,0,1,1,0,0,0,0,0,1,0,0,1,1,0,0,0,1,0,0,0,0,0,0,1,1,1,0,1,0,1,1,0,1,0,1,1,0,0,1,0,0,1,1,0,0,0,0,0,0,1,1,0,0,0,0,0,1,0,1,1,0,0,1,0,0,0,1,0,0,1,1,0,0,0,0,1,0,1
1,0,0,1,0,1,1,0,1,0,0,1,1,1,1,1,1,0,0,1,1,0,1,1,1,0,0,0,1,1,1,1,1,0,0,1,0,0,1,1,1,0,1,1,1,0,1,0,1,1,0,0,0,0,1,1,0,1,0,0,0,1,1,1,1,1,0,0,1,1,0,1,0,0,1,1,0,0,1,0,1,0,0,1,0,0,0,1,1,1,0,0,1,0,1,0,0,1,0,0,1
0,1,0,0,0,1,0,1,1,0,1,1,0,1,0,0,0,0,0,1,0,1,0,1,1,1,1,1,0,0,0,0,0,1,0,0,0,0,0,1,1,1,0,1,0,1,0,0,0,1,0,1,1,1,1,1,0,1,0,0,0,0,1,1,0,1,1,0,0,0,0,1,0,0,1,0,0,0,1,0,0,0,1,1,0,0,0,1,0,0,0,0,0,1,1,0,1,0,1,1,0
1,1,0,1,0,1,1,1,0,0,0,1,0,0,0,0,1,0,0,1,0,1,1,1,0,1,0,0,0,1,0,1,1,0,1,1,1,0,0,0,0,0,1,0,1,0,0,0,1,0,0,0,1,1,0,1,1,0,0,1,0,0,0,1,1,1,0,0,1,0,1,0,1,0,0,1,1,1,1,1,1,0,0,0,1,0,0,1,1,1,1,1,0,0,1,1,1,0,1,1,1
0,0,0,0,0,0,0,0,1,1,0,1,0,0,1,1,1,0,1,0,1,1,0,0,0,1,0,0,1,1,1,0,1,0,0,1,0,0,0,1,0,1,0,1,0,1,0,1,1,0,1,1,0,0,1,0,1,1,0,0,1,1,1,1,0,0,1,0,0,0,1,0,1,0,0,0,1,1,0,1,1,0,1,1,1,0,0,0,1,1,1,0,0,1,1,0,0,1,1,0,0
0,1,0,1,1,0,1,0,1,0,0,0,0,1,1,1,0,0,1,0,0,0,1,0,1,1,0,0,0,1,0,0,0,0,0,0,1,0,1,0,0,1,0,1,1,1,1,1,0,1,0,0,0,0,0,1,0,0,1,1,0,0,0,0,1,1,0,0,1,0,0,1,1,0,1,0,1,1,0,0,0,1,0,0,0,0,0,0,1,1,0,0,1,1,1,1,0,1,0,0,0
0,1,1,0,0,0,0,0,0,0,1,0,1,0,1,1,1,1,0,1,1,1,0,0,0,1,0,1,0,1,0,1,1,1,1,0,1,1,0,0,0,0,0,1,1,1,0,0,0,0,0,0,0,0,0,0,0,0,0,1,0,1,1,1,1,0,1,1,0,0,0,1,0,1,1,0,1,1,1,0,0,0,1,1,0,1,1,1,0,1,1,1,1,0,0,0,0,1,0,1,0
1,0,0,1,0,1,1,0,0,1,0,0,1,0,1,1,1,0,0,1,1,1,0,1,1,1,1,1,0,1,0,0,1,1,0,1,0,0,0,0,0,1,0,0,0,0,0,1,1,0,0,1,0,0,0,1,1,1,1,0,1,1,0,1,1,0,1,1,1,0,1,0,0,1,1,1,0,0,1,0,1,1,1,0,0,0,0,1,1,0,0,1,1,0,0,1,1,1,0,1,0
0,0,1,0,0,1,1,1,1,1,0,0,0,0,0,0,1,0,1,1,0,1,1,0,0,1,1,0,0,1,0,0,0,1,0,1,1,0,0,0,0,1,1,0,0,1,1,1,1,1,0,1,1,0,1,1,0,0,0,0,1,1,1,1,0,1,0,0,0,1,1,1,0,1,0,0,0,1,1,1,1,1,0,1,0,1,0,0,1,1,0,0,1,1,1,0,1,1,0,1,1
0,0,1,0,1,1,1,1,0,1,0,0,1,0,1,1,1,0,0,0,1,1,1,1,0,0,1,1,1,1,1,0,0,1,0,1,1,1,0,0,1,1,0,1,0,1,0,0,0,1,1,0,1,0,0,1,0,0,1,1,1,0,0,1,1,1,0,0,0,0,0,1,0,1,1,0,0,1,1,1,0,0,1,1,0,0,0,1,0,0,1,0,1,1,1,0,0,1,0,0,0
1,0,1,1,0,1,0,1,1,1,0,1,0,0,1,1,0,0,0,0,0,0,1,1,1,0,0,1,0,1,1,0,1,0,1,0,0,0,1,0,1,1,1,1,0,1,1,0,1,0,0,1,1,1,0,1,0,1,0,0,1,0,0,1,0,1,1,0,1,1,0,1,0,0,1,0,0,0,0,1,0,0,1,0,0,1,1,0,1,0,1,0,1,1,1,1,0,0,1,1,1
1,0,1,1,0,0,1,1,0,1,1,1,0,1,1,1,0,1,1,0,0,1,1,0,1,1,0,0,1,0,1,0,0,0,0,1,0,1,0,1,0,1,1,0,1,1,1,0,0,0,1,1,1,0,1,1,1,1,0,0,1,0,0,0,1,1,0,1,1,1,0,1,0,1,0,1,1,0,1,0,1,0,1,1,1,1,0,0,1,0,1,1,1,1,0,1,0,0,0,0,1
0,0,1,0,1,1,1,1,0,1,0,1,1,0,1,1,0,0,1,0,0,1,1,1,0,1,0,0,0,0,0,0,1,1,0,1,0,1,1,0,0,0,0,0,1,0,0,0,1,0,1,1,1,0,0,1,0,0,0,1,0,0,0,0,0,0,0,0,0,1,0,0,0,1,0,1,0,0,0,0,0,1,1,0,1,0,0,1,1,1,0,1,0,0,0,0,0,1,0,0,1
0,1,0,1,1,1,0,1,0,1,0,1,0,1,1,1,0,0,0,0,1,1,1,0,0,1,0,0,0,1,0,1,0,1,0,1,0,0,1,1,0,1,1,1,0,0,0,0,1,0,1,1,1,1,0,1,0,0,1,0,0,1,0,0,1,0,0,0,0,0,0,1,1,0,1,1,1,1,0,1,0,0,0,0,1,0,1,0,0,1,1,1,0,1,1,0,1,1,0,0,1
1,1,1,0,1,1,1,0,0,1,0,1,0,1,1,0,1,0,0,0,1,1,0,0,1,0,1,0,1,0,1,0,0,0,1,0,0,0,1,0,0,1,1,1,0,0,0,0,0,1,1,0,0,1,0,0,1,1,1,1,1,1,0,0,1,0,1,0,1,1,1,0,0,1,1,0,1,0,0,0,0,1,0,0,1,0,0,0,1,0,1,0,0,0,0,1,1,0,1,1,1
0,0,0,1,0,1,0,1,0,1,1,1,0,1,1,0,0,0,0,1,1,1,0,0,0,0,1,0,0,0,1,1,1,1,0,1,0,0,1,1,0,0,0,1,0,1,1,0,0,1,1,0,0,1,1,0,1,0,0,0,0,1,1,0,0,0,0,1,0,0,1,1,1,1,0,1,1,1,0,1,0,0,0,1,1,1,1,1,0,1,0,1,1,0,1,1,0,0,1,1,1
1,0,0,0,1,1,1,0,1,0,0,1,1,0,1,1,1,0,1,1,1,0,1,0,1,1,0,0,1,1,1,0,0,0,0,0,0,1,0,0,0,1,0,0,1,0,1,1,0,0,1,0,0,1,1,1,1,0,1,1,0,1,1,1,0,1,1,0,1,0,1,0,0,1,1,0,1,0,1,1,0,0,1,0,1,0,1,0,1,0,0,0,0,1,0,1,0,0,0,0,1
0,0,1,1,0,0,0,1,0,1,0,1,0,1,0,1,0,1,1,1,0,0,0,1,0,0,1,0,1,1,0,1,0,1,1,0,1,0,1,0,0,0,0,1,1,1,1,0,1,1,0,0,0,0,0,1,1,0,1,1,0,1,0,0,1,1,1,1,0,1,0,0,1,0,0,1,0,1,0,1,1,0,0,0,0,0,1,1,0,0,0,0,1,1,1,0,1,0,1,1,1
1,1,1,1,0,1,0,0,1,0,0,0,0,1,1,0,0,1,0,0,0,0,0,1,1,1,0,1,1,1,1,1,0,1,1,1,1,1,1,1,0,0,0,1,0,0,1,0,0,1,1,0,1,1,0,1,1,0,0,1,1,1,1,0,1,0,1,1,1,1,0,1,1,1,0,0,1,0,0,0,0,0,0,0,1,1,1,0,1,1,0,0,0,0,1,0,0,0,0,0,1
0,0,0,1,1,1,1,0,0,1,1,0,0,1,1,0,1,1,1,0,1,1,1,1,0,0,0,0,0,1,0,1,1,1,1,0,1,1,0,1,0,0,1,0,1,0,1,0,1,1,0,0,0,1,0,1,0,0,0,1,1,1,1,1,1,0,0,1,1,0,1,0,0,0,0,1,1,0,1,0,0,0,1,0,0,0,1,1,0,1,0,1,0,0,0,0,0,1,0,1,0
0,0,1,1,1,1,0,1,0,0,0,1,0,1,1,1,1,1,1,1,1,1,1,0,1,0,0,0,1,1,1,1,0,1,1,0,0,1,0,1,0,1,1,1,0,0,0,1,1,1,1,0,1,0,0,1,1,0,0,0,1,0,0,0,1,0,0,0,1,0,1,1,1,0,0,1,0,0,1,1,1,0,1,0,1,0,0,1,0,1,0,1,0,1,0,0,0,1,1,0,1
1,0,0,1,0,1,0,1,1,0,0,0,1,1,1,1,0,1,1,1,1,0,0,0,1,0,1,1,1,0,0,0,0,1,0,1,0,1,0,1,1,1,0,1,0,0,0,0,1,1,1,0,1,1,1,1,1,0,0,0,0,0,0,0,0,0,1,0,0,0,0,0,1,1,0,1,0,1,1,1,1,1,1,1,1,1,1,0,1,0,0,1,0,0,0,1,0,0,0,1,1
1,1,1,1,0,1,0,0,1,0,0,0,1,1,1,1,0,0,0,0,1,0,0,1,1,1,0,1,1,0,0,1,1,0,0,0,0,0,1,0,1,0,0,0,1,0,0,1,0,0,0,0,1,0,0,1,0,0,0,1,0,1,0,1,0,0,1,0,0,1,1,0,0,1,1,0,1,1,1,0,1,1,1,0,0,0,1,0,1,1,0,0,0,1,1,0,0,1,0,1,1
1,0,0,1,1,0,1,1,1,0,0,0,0,0,1,1,0,1,0,1,1,1,1,0,0,1,0,0,1,1,0,1,1,1,0,1,0,0,1,1,0,1,0,1,0,1,1,0,0,1,0,1,1,1,1,1,0,1,0,0,0,1,1,0,1,1,0,0,0,0,0,0,0,1,0,1,1,1,1,0,0,1,1,1,1,0,0,1,1,1,0,1,0,1,0,0,1,0,1,0,1
1,0,1,1,1,1,1,1,0,1,0,1,0,0,0,0,0,1,1,1,0,1,1,1,0,1,1,1,1,1,1,0,1,1,1,1,0,0,0,1,0,1,0,0,0,0,1,0,0,0,1,0,0,0,1,0,1,0,0,0,1,1,0,0,0,0,0,0,1,1,1,0,0,1,0,1,0,1,1,0,1,0,1,0,1,0,1,0,0,0,1,1,1,0,0,1,0,0,1,0,1
1,0,0,0,0,0,1,1,1,0,0,1,0,0,1,1,0,1,1,0,1,0,0,1,1,0,1,1,0,0,0,0,0,1,1,0,0,1,1,1,0,0,0,0,1,0,0,1,1,1,0,1,1,0,0,0,1,1,1,0,1,0,0,0,0,1,1,1,1,1,0,1,0,0,0,1,0,0,1,1,0,0,0,1,0,0,1,1,0,0,1,1,0,0,1,0,0,0,1,1,1
1,0,1,1,0,1,0,1,0,0,0,0,1,1,1,0,0,1,1,0,0,1,1,1,0,1,0,0,0,1,0,0,1,1,1,0,1,0,0,0,1,1,0,0,0,1,1,0,1,0,1,0,1,0,0,1,0,0,1,1,1,0,1,1,1,1,0,0,0,0,1,1,1,1,0,0,0,1,0,0,0,0,0,0,0,0,1,0,0,0,1,1,1,1,1,0,1,1,0,1,1
1,1,0,1,0,1,0,0,1,0,0,0,0,1,0,0,1,1,1,0,0,0,1,0,1,0,0,0,1,0,1,0,0,1,0,0,1,0,1,0,1,0,0,1,0,1,1,0,0,0,1,1,1,1,0,1,1,0,1,0,0,0,1,0,1,0,0,0,1,1,1,1,1,1,1,0,0,0,1,0,0,0,1,0,1,1,1,0,0,0,1,0,0,1,0,0,0,0,0,1,1
1,0,1,1,1,1,1,0,0,1,1,0,0,1,0,0,0,0,1,0,0,0,0,1,1,1,0,1,0,1,1,1,0,1,0,1,1,0,0,1,0,1,0,1,0,0,0,1,0,0,1,1,0,1,0,0,1,1,1,1,0,0,1,0,0,0,0,1,1,0,1,1,1,0,0,0,1,1,1,1,0,1,0,1,0,1,0,1,0,1,1,0,1,0,0,1,1,1,1,0,1
1,1,0,1,0,0,0,0,1,1,0,0,1,0,1,1,0,0,1,0,0,1,1,0,1,1,0,1,0,1,1,0,0,0,0,0,0,1,0,0,0,0,1,1,1,1,1,0,0,0,1,0,1,1,1,1,1,1,1,1,0,0,1,0,0,0,1,1,1,0,1,1,1,1,0,0,0,0,0,1,1,0,1,1,0,1,0,1,1,0,0,1,0,0,1,0,0,1,1,1,0
1,1,1,0,1,1,0,1,1,0,0,1,0,1,0,0,0,1,1,0,1,1,1,1,1,1,0,1,1,0,1,0,0,0,0,1,0,0,1,1,1,0,1,0,1,1,0,0,0,1,1,1,1,1,1,1,0,0,0,1,0,0,0,1,0,0,1,1,1,1,0,1,1,0,1,0,0,1,0,0,1,0,0,1,1,0,0,1,1,1,0,1,1,1,1,1,1,1,0,0,1
0,0,0,0,0,0,1,1,1,1,0,0,1,1,1,1,1,1,0,0,1,0,1,0,1,0,1,0,1,0,0,1,1,1,0,0,1,1,1,1,1,0,0,1,0,1,1,0,0,0,1,0,0,1,0,1,1,0,0,0,1,1,1,1,1,0,0,1,0,1,0,1,1,1,1,1,1,0,1,0,0,1,1,1,0,0,0,0,0,1,1,1,0,1,1,0,1,0,1,1,1
0,0,0,0,1,0,1,0,0,0,0,1,1,1,1,0,0,0,0,1,1,1,1,1,1,1,0,0,1,0,0,0,1,1,1,0,0,1,0,1,0,1,1,1,0,0,0,0,0,1,1,0,1,0,1,1,0,1,0,0,0,1,1,0,0,1,0,1,0,1,1,0,0,0,0,1,0,0,1,0,0,1,0,1,0,1,1,0,1,1,1,0,0,1,1,1,0,0,1,0,1
1,0,0,0,1,0,0,0,1,1,1,0,1,0,0,0,1,1,0,1,0,0,0,0,0,0,1,1,1,0,0,1,1,1,1,0,1,1,1,0,0,0,0,1,1,0,0,1,1,0,0,0,1,0,1,1,0,0,0,1,1,1,0,0,0,1,0,1,0,1,0,0,1,1,1,0,0,1,1,1,0,0,0,1,1,0,0,1,0,1,1,1,1,1,0,1,1,1,0,0,1
1,0,1,0,0,1,1,0,1,1,0,1,1,1,1,1,0,0,0,1,0,1,0,1,0,0,1,1,0,0,1,1,1,1,1,1,0,0,0,0,0,0,0,1,0,1,0,1,0,0,1,0,1,0,1,1,0,0,1,0,0,0,1,1,1,0,0,0,0,1,1,0,1,1,0,0,0,1,1,0,1,0,1,0,0,1,0,0,0,1,0,1,0,0,1,0,0,1,1,0,1
1,1,0,0,0,1,1,1,0,0,0,0,1,0,1,0,1,0,0,0,0,1,0,1,0,1,1,1,1,0,0,0,1,0,0,0,1,1,1,0,1,1,1,0,1,0,0,1,1,0,1,0,0,1,0,1,1,0,0,0,0,0,0,1,1,0,1,1,0,1,0,1,0,0,1,1,1,0,0,1,1,1,1,1,0,0,0,1,0,0,1,0,0,1,1,1,1,1,1,0,0
0,1,1,0,1,1,1,0,0,0,1,1,1,1,0,0,0,0,1,1,1,0,0,0,1,0,0,1,1,1,0,0,0,1,0,0,0,0,0,0,0,0,0,1,0,1,1,0,0,1,1,1,1,1,1,0,1,1,0,0,1,1,0,0,0,1,0,1,0,1,1,1,0,0,1,0,1,0,0,0,0,1,1,0,0,0,0,0,1,0,1,1,0,1,0,0,0,0,1,0,0
0,0,1,1,1,1,1,0,0,0,1,1,1,1,1,1,1,0,0,1,1,0,0,1,1,0,0,0,0,1,1,0,0,0,1,1,0,1,0,1,1,1,0,0,0,1,0,1,1,1,0,0,1,0,0,0,0,0,1,0,0,1,1,1,0,0,0,1,1,0,1,0,0,1,0,1,1,1,0,0,0,1,1,0,1,1,1,1,0,1,1,0,1,1,0,0,0,0,1,1,0
1,1,0,1,1,1,0,1,1,0,0,1,1,1,0,1,1,0,1,1,0,1,1,0,0,1,0,1,0,1,1,0,0,1,0,1,1,0,1,1,1,1,1,0,1,0,0,1,0,0,1,1,1,0,1,1,0,0,1,0,1,1,1,1,0,1,0,1,1,0,1,1,0,1,1,0,0,0,1,1,0,0,0,0,1,0,1,1,1,0,1,1,0,0,1,0,0,0,0,0,1
1,0,0,1,0,1,0,1,0,0,1,1,1,0,1,1,0,0,0,1,1,1,0,0,1,0,1,0,0,0,1,0,0,0,0,1,1,1,0,1,1,0,0,1,1,0,0,0,1,1,1,1,1,0,1,0,0,1,0,1,1,1,0,1,0,0,1,1,0,0,1,0,1,1,1,1,0,1,1,1,0,0,1,1,1,1,0,1,0,1,1,0,0,0,0,1,1,0,0,1,0
0,0,1,1,1,1,1,1,1,0,1,1,1,1,0,1,1,0,1,0,1,1,0,0,1,1,1,0,1,1,1,0,0,1,0,1,0,1,1,1,1,1,1,0,0,0,0,0,0,0,1,0,0,1,1,0,1,0,1,1,1,1,1,0,1,0,0,1,0,0,1,0,1,0,0,1,1,1,0,1,1,1,1,1,1,0,1,0,0,1,1,0,0,0,1,0,0,0,1,1,1
0,0,0,1,1,0,0,1,1,1,0,0,0,1,0,1,0,0,0,1,0,1,1,1,0,0,0,0,1,0,0,0,1,0,0,1,1,1,0,0,0,0,1,0,1,1,1,0,1,1,0,0,0,0,0,1,1,1,1,1,1,0,0,1,0,0,1,1,0,1,0,1,1,1,1,1,1,1,1,1,0,0,0,0,1,1,1,0,0,1,0,0,1,1,0,1,0,0,0,1,0
0,1,0,1,1,0,1,1,0,1,0,1,0,1,0,0,1,0,0,1,0,0,1,1,1,1,1,0,0,0,0,0,0,1,1,1,0,1,0,1,0,0,0,0,0,0,0,1,1,0,0,0,1,1,1,1,0,0,1,0,1,1,1,0,0,1,0,1,1,1,1,1,0,1,0,0,1,0,1,0,1,0,1,0,0,0,0,1,0,1,1,1,1,0,1,0,0,0,0,1,1
0,0,1,1,0,1,1,0,1,1,1,1,1,0,0,1,1,0,0,0,0,0,0,1,1,1,1,1,1,0,1,1,0,1,0,1,1,1,1,0,0,0,1,1,0,1,1,1,0,1,1,1,1,1,0,0,1,0,0,0,1,0,1,1,0,0,0,0,1,0,1,0,1,0,1,1,0,1,1,1,1,0,1,0,1,1,1,1,0,1,0,1,0,0,0,1,1,1,0,1,0
1,0,0,1,0,1,0,0,0,0,1,0,0,0,0,0,1,0,0,1,1,0,1,0,0,1,1,0,0,1,1,0,0,1,0,0,1,0,0,1,1,1,0,1,0,1,1,1,1,1,1,0,0,1,0,1,1,1,1,0,1,1,1,1,1,1,0,1,1,1,1,0,0,1,1,1,1,1,1,1,0,0,1,1,0,1,0,1,1,0,1,0,0,0,1,1,0,0,1,1,1
1,0,0,0,0,0,1,1,1,1,1,0,0,1,0,1,0,1,0,1,0,0,1,1,0,0,1,0,1,1,0,1,0,0,0,0,1,0,1,0,1,0,1,0,0,0,0,0,0,0,1,1,1,1,0,1,0,1,1,1,1,1,0,1,1,0,1,1,1,1,1,0,0,1,0,0,0,1,0,1,0,1,0,0,1,0,0,1,0,1,0,0,0,0,0,1,0,0,1,0,1
0,0,1,0,0,0,1,1,0,1,1,1,0,1,0,0,1,1,0,1,0,1,1,1,1,1,0,1,0,0,0,0,1,1,0,1,0,0,1,0,1,1,1,1,1,0,0,1,0,1,0,1,0,1,1,0,0,0,0,1,1,0,1,0,1,0,0,0,1,0,0,0,1,1,0,0,1,1,1,0,1,0,0,0,1,1,0,0,1,1,0,1,1,0,1,1,1,1,0,0,1
0,0,1,0,1,1,1,0,0,0,1,1,0,0,1,1,1,1,1,1,1,1,1,1,1,1,1,1,0,0,0,0,1,1,0,1,1,0,1,1,1,1,0,1,1,0,0,0,0,0,1,1,0,1,0,0,0,0,1,1,0,1,0,0,0,1,0,0,0,1,1,1,1,1,0,0,0,0,1,0,1,1,0,0,1,1,1,1,0,1,1,0,1,1,1,1,0,1,1,1,0
0,0,1,1,0,1,0,1,0,0,1,0,0,0,0,0,1,0,0,1,0,0,1,1,0,1,1,0,0,1,1,0,0,1,0,0,0,1,0,1,1,0,1,0,1,0,1,0,1,0,1,1,1,0,0,1,1,0,0,0,1,1,1,0,1,0,0,1,0,1,0,1,1,0,0,1,0,1,1,1,1,0,0,1,0,1,0,0,1,1,0,1,0,1,1,0,0,0,0,0,1
1,0,1,0,1,1,1,0,0,1,1,0,0,1,0,0,0,0,0,0,0,1,1,0,0,1,1,1,1,0,1,0,0,0,0,0,0,1,0,0,0,1,0,1,0,1,1,0,1,0,0,1,1,0,0,1,0,0,0,0,1,0,1,1,1,0,1,0,1,0,0,0,1,1,0,1,0,0,1,0,1,1,1,1,0,1,1,0,1,1,0,1,0,0,0,0,1,1,1,1,1
0,1,1,1,1,1,0,0,1,0,0,0,0,0,0,1,0,1,1,1,1,0,1,1,0,1,0,1,0,0,1,1,0,1,1,0,1,1,1,1,1,1,0,1,1,0,0,1,0,0,1,0,0,0,0,0,0,0,1,1,1,1,0,1,0,1,1,1,1,0,0,1,1,1,0,1,1,1,1,0,1,1,1,0,1,0,0,1,0,1,1,0,1,1,0,0,1,1,0,1,1
1,1,0,0,1,1,1,0,1,1,0,1,0,1,1,1,1,1,0,0,0,1,1,0,1,1,1,0,0,1,0,0,0,0,0,1,0,1,0,1,1,0,1,0,1,0,1,1,1,0,1,0,1,1,1,0,1,1,1,1,1,0,0,0,1,0,1,1,1,0,1,0,1,0,0,0,0,1,0,1,0,1,1,0,0,0,0,0,1,0,1,1,0,0,1,0,1,0,1,0,1
1,0,1,1,1,1,0,0,1,0,1,0,0,0,1,1,0,0,0,1,1,0,1,0,0,1,0,1,0,1,0,1,1,1,0,0,1,1,1,0,0,0,0,1,1,1,0,1,0,1,1,0,1,1,1,0,1,0,0,0,1,1,1,0,1,0,0,1,0,0,1,0,1,0,1,0,0,0,1,1,1,0,1,1,1,1,0,1,1,0,1,1,0,1,0,1,0,0,1,0,0
1,0,1,1,0,0,0,0,1,1,1,0,0,0,0,0,1,0,0,1,0,1,0,1,1,1,0,0,1,1,1,1,0,1,1,1,0,1,1,0,1,0,1,1,1,1,0,0,0,0,0,1,0,1,0,0,1,1,1,1,1,0,0,1,1,0,1,0,1,1,0,0,1,1,0,0,1,0,1,1,0,1,0,1,1,1,1,0,0,1,1,0,0,0,0,0,1,1,1,0,1
1,1,0,0,0,0,1,0,1,1,1,1,1,1,1,0,0,0,1,0,1,1,1,0,1,1,1,0,0,0,1,0,1,0,1,0,0,1,1,1,1,0,0,0,1,0,1,0,1,0,1,0,1,0,1,1,1,0,0,0,0,1,1,1,1,0,0,1,1,1,0,0,0,1,0,1,1,1,1,0,0,0,1,1,1,0,1,1,0,1,1,1,1,0,1,0,0,1,0,1,1
0,0,0,1,0,0,0,1,1,1,1,0,1,1,1,0,0,0,0,1,0,1,1,0,1,1,0,0,0,1,0,0,1,0,1,1,0,0,1,1,0,0,0,0,0,1,1,0,1,1,1,1,0,1,1,1,0,0,0,1,1,1,0,1,0,0,0,1,1,0,1,1,1,0,0,0,0,1,1,1,0,1,1,0,1,0,1,0,1,0,0,1,0,0,0,1,0,0,0,0,1
1,1,0,1,0,1,1,1,0,1,0,1,0,1,0,0,1,0,0,0,0,1,0,0,1,0,0,0,0,0,0,0,0,0,1,0,1,0,1,0,0,0,0,1,1,1,1,1,1,1,1,1,0,0,1,1,1,0,1,1,0,0,0,0,0,1,1,0,1,1,0,1,0,1,0,1,0,1,0,0,0,1,1,1,0,1,0,1,1,0,0,1,1,1,0,1,1,0,1,0,0
0,1,1,1,1,1,0,1,1,1,0,0,0,1,1,0,1,1,1,1,1,1,0,1,1,1,1,0,1,1,1,0,0,1,1,0,1,0,1,0,1,1,0,0,0,1,1,0,1,1,1,0,0,1,0,0,1,0,0,1,1,1,0,1,0,0,1,0,0,1,0,1,0,0,1,1,0,0,0,0,1,1,0,0,1,1,1,0,1,1,1,1,0,0,0,1,0,0,0,0,1
1,1,0,1,0,1,0,0,1,1,1,0,1,1,0,1,1,1,1,0,0,0,0,0,0,1,0,1,0,1,1,1,1,1,0,0,1,0,1,0,0,0,0,1,1,0,0,0,1,0,0,0,0,0,1,0,1,0,0,0,1,0,0,1,0,1,0,1,1,0,1,1,0,1,1,0,1,0,1,1,1,1,0,1,0,1,0,0,0,0,1,1,0,1,1,1,0,1,0,1,0
0,1,0,0,0,0,0,1,1,0,0,1,1,1,1,1,0,0,1,0,1,1,1,1,0,1,1,0,1,1,1,0,0,0,0,1,0,0,0,0,1,0,0,0,1,0,0,1,1,0,1,1,0,0,1,1,1,1,1,1,1,1,0,0,1,1,1,0,0,0,1,1,0,0,1,1,1,0,1,1,0,0,0,0,0,1,0,1,1,0,0,1,1,0,0,0,1,0,1,1,0
1,1,0,0,0,1,0,0,1,0,0,0,1,0,1,0,0,1,0,0,0,1,0,1,1,0,0,1,0,0,1,0,0,0,1,0,0,1,0,1,1,1,0,0,0,0,1,1,1,0,1,0,0,1,1,0,0,1,1,0,0,1,1,0,1,1,0,0,1,1,0,0,1,0,0,1,1,0,0,0,1,1,0,1,0,1,0,0,1,1,1,1,1,1,1,0,0,0,0,0,1
1,1,0,1,0,1,0,0,1,0,1,0,0,1,0,1,0,0,0,0,0,0,0,1,0,1,1,0,0,1,0,1,0,0,1,0,0,0,0,0,0,0,0,1,0,1,1,0,1,1,0,1,1,0,1,1,1,0,0,1,1,0,0,1,0,0,0,1,1,1,1,1,0,1,0,0,0,0,0,0,0,1,1,1,1,1,1,1,0,1,0,0,0,0,0,0,1,0,0,0,0
1,0,1,1,0,0,0,1,1,1,0,0,1,0,1,0,1,0,0,1,0,0,0,0,0,1,0,1,0,1,1,0,1,0,0,1,0,0,1,1,1,1,1,0,1,1,1,1,0,1,1,0,1,0,1,0,1,1,1,0,1,1,1,0,1,0,0,1,1,0,1,0,1,1,0,0,1,1,1,1,1,0,0,1,0,1,0,0,0,0,0,1,1,1,1,0,0,1,1,1,1
0,0,1,0,0,1,1,1,0,1,0,1,1,1,0,0,1,0,0,0,0,0,0,0,0,1,1,1,0,0,1,0,0,0,1,0,0,0,1,1,0,1,1,0,0,0,1,0,0,1,0,0,0,0,0,1,1,1,0,1,1,1,0,0,0,1,0,1,0,1,0,1,1,1,1,1,1,1,0,1,0,0,1,1,0,0,1,1,1,1,0,1,0,0,1,1,0,1,1,1,1
0,0,0,1,1,1,1,1,0,0,0,0,0,0,1,0,1,0,1,0,1,0,0,1,1,1,0,0,1,0,1,0,0,0,0,0,0,0,0,0,1,0,0,1,0,0,1,1,0,0,0,0,0,1,1,1,0,0,1,1,0,1,0,0,0,0,1,1,1,1,0,1,1,0,0,0,1,1,1,0,1,0,1,0,1,0,0,0,0,0,0,0,0,1,1,0,0,1,0,0,0
1,1,0,1,0,0,0,0,0,1,1,1,0,1,1,0,0,0,1,0,1,0,0,0,0,1,1,0,1,0,1,0,1,0,1,1,1,0,0,0,1,1,1,1,0,1,1,0,1,1,0,1,0,0,0,0,1,0,1,1,0,0,0,0,0,1,1,0,0,1,1,0,0,0,0,1,0,0,1,1,0,1,0,0,1,0,1,1,0,0,0,1,1,1,0,0,0,0,1,1,1
0,0,0,0,0,0,0,0,0,1,0,0,0,1,0,1,0,1,0,0,1,1,1,0,0,1,0,1,1,0,1,0,1,0,0,1,0,1,0,0,1,1,1,0,1,1,0,0,1,0,0,0,1,0,0,0,1,1,0,0,0,0,0,0,0,0,0,1,0,0,0,0,1,1,0,0,1,0,1,0,1,1,1,1,0,1,1,0,1,1,1,0,0,0,0,1,1,1,0,1,1
1,0,1,1,0,1,1,1,1,1,0,1,0,1,0,0,1,0,0,0,0,0,1,1,0,0,1,1,0,0,1,0,0,1,1,0,1,0,1,0,1,0,1,1,0,0,0,0,0,1,0,0,0,1,0,0,0,0,0,0,0,1,0,0,0,1,1,1,0,1,0,0,0,1,1,0,1,1,0,0,0,1,0,1,0,1,1,1,1,1,0,0,0,1,1,1,1,0,1,0,1
0,0,1,1,1,0,0,1,0,1,1,1,0,1,1,1,1,1,1,0,1,0,1,0,1,0,0,0,0,0,0,0,0,1,1,1,1,0,0,1,0,0,1,1,1,0,0,0,0,1,0,0,1,1,0,1,1,0,1,1,0,0,0,0,1,0,1,0,0,1,1,1,0,1,1,0,0,0,1,0,1,1,1,1,0,1,1,1,0,0,1,0,1,1,1,0,1,1,1,1,1
1,0,1,0,0,1,0,0,0,0,0,0,1,1,1,0,1,1,1,0,1,1,0,0,1,1,0,0,1,1,0,1,0,0,1,0,0,1,1,0,1,1,0,0,1,1,1,0,1,1,1,0,1,1,1,1,1,0,1,1,0,0,1,1,0,0,0,0,1,1,1,1,0,0,1,1,1,0,1,1,0,0,0,0,1,0,1,1,1,1,0,0,0,1,0,0,1,1,1,1,1
0,1,1,0,0,0,1,1,1,1,1,1,0,1,0,1,1,1,0,1,0,1,1,0,0,0,1,0,0,0,1,0,1,0,1,1,1,0,1,0,1,0,1,0,0,0,0,0,0,0,0,0,0,0,1,1,1,0,1,0,1,0,0,0,0,1,0,1,0,0,1,0,1,1,1,0,0,1,1,1,0,1,1,1,1,1,0,1,1,0,1,1,0,1,0,1,1,1,1,0,1
1,1,1,0,1,0,0,1,1,1,1,0,0,0,1,1,1,1,0,1,1,0,1,0,1,1,0,1,1,0,0,1,0,1,0,0,0,0,0,1,0,0,0,1,0,1,0,0,1,1,1,1,0,1,0,1,1,0,1,0,1,1,0,1,0,1,1,0,0,1,0,1,0,0,0,0,1,0,1,1,0,1,1,1,1,1,1,1,0,1,1,0,0,0,1,1,0,1,1,1,1
0,0,0,0,0,0,1,1,1,0,1,1,0,1,0,0,1,0,1,0,0,1,1,1,1,1,1,1,0,0,0,0,0,1,1,0,0,0,0,0,0,1,0,0,0,0,0,0,1,1,0,0,0,0,0,0,1,1,0,1,0,1,0,1,0,1,0,0,1,1,0,1,1,0,0,1,0,1,0,0,1,0,0,1,0,0,1,1,1,0,1,0,0,1,1,0,0,0,0,1,0
0,1,0,0,0,1,1,1,1,0,1,0,0,0,0,1,1,0,1,0,0,1,1,1,0,1,0,1,0,1,1,1,1,0,1,0,1,0,0,1,1,0,1,0,1,1,1,0,1,1,1,1,0,1,0,0,0,0,0,1,1,1,1,0,0,1,0,0,0,0,1,0,1,0,1,0,0,0,0,1,0,0,1,0,1,0,1,1,1,1,0,1,0,1,1,0,1,1,0,0,0
1,0,0,1,0,0,1,1,1,1,1,0,0,0,1,1,1,0,0,1,1,0,1,0,1,1,1,0,1,1,0,1,0,0,0,1,1,0,0,1,0,0,0,0,1,1,1,1,0,1,1,0,1,1,0,0,1,1,1,0,0,0,0,0,1,0,0,0,1,0,0,1,1,1,1,1,0,1,0,0,1,0,0,0,1,0,1,0,0,1,0,0,1,1,0,0,1,1,1,0,0
0,0,1,0,0,1,0,1,1,0,0,1,1,1,1,0,1,1,0,0,0,0,1,0,0,1,0,0,1,1,1,0,0,1,0,1,1,0,1,0,0,0,0,1,1,0,1,0,1,0,1,0,0,1,1,1,0,1,1,1,1,1,1,0,1,0,1,0,1,1,0,0,1,1,1,0,1,0,0,0,1,0,1,0,0,0,0,0,1,0,0,1,1,1,1,0,1,0,0,1,1
1,0,1,1,1,1,0,0,1,0,0,0,0,0,1,0,0,1,0,1,1,0,0,1,0,1,1,0,0,0,1,1,1,0,0,0,1,1,0,1,0,1,0,1,1,0,1,0,0,0,1,0,0,1,1,0,0,0,0,1,1,1,1,0,0,1,1,1,1,0,1,1,1,1,0,1,1,1,0,0,1,0,0,1,0,1,1,1,0,1,1,1,1,0,1,0,1,0,1,0,0
1,0,1,0,1,1,0,0,1,1,0,0,1,1,0,0,0,0,0,1,0,0,1,0,1,1,1,0,1,1,1,1,1,1,0,0,0,1,0,0,1,0,1,0,1,0,1,0,0,1,1,1,0,0,0,0,1,0,1,1,0,1,1,0,1,1,0,0,0,1,0,0,0,1,1,0,0,0,1,1,0,1,1,0,1,1,1,1,0,0,1,1,0,0,1,0,1,1,1,1,1
0,1,1,0,1,0,1,1,0,1,0,0,0,1,0,0,1,0,1,1,1,1,1,1,0,0,0,0,0,1,0,0,1,1,0,1,1,1,1,0,0,1,1,0,0,0,1,1,0,1,0,1,1,1,1,0,1,0,0,0,1,0,1,1,0,0,0,1,0,1,1,1,1,0,1,1,0,0,0,0,1,0,1,0,0,1,0,0,0,1,0,0,1,0,0,0,0,0,1,0,1
0,0,0,1,1,1,0,1,0,1,0,0,1,0,0,1,0,0,1,0,0,1,1,0,1,0,0,0,1,0,1,0,1,1,1,1,1,0,0,1,1,0,0,0,0,0,1,0,0,1,0,1,1,1,0,1,1,0,1,0,0,0,1,0,0,0,0,0,1,1,0,1,1,1,1,0,1,0,1,0,1,1,1,1,1,0,0,1,0,0,1,0,0,1,1,1,1,1,1,1,1
0,0,1,0,0,1,0,0,0,1,1,0,0,1,0,0,1,1,1,0,0,0,0,0,1,0,0,1,0,1,1,1,1,1,0,1,0,0,0,1,1,0,0,0,1,0,0,1,0,1,1,1,0,1,0,0,1,1,1,0,1,1,1,0,1,1,1,0,1,1,1,0,1,1,1,1,0,0,0,0,1,1,0,0,1,1,1,1,1,0,1,1,1,1,1,1,0,0,0,0,1
0,0,0,1,0,1,1,1,1,0,0,0,1,0,0,1,1,1,0,0,0,0,1,0,0,1,1,0,1,0,0,1,0,0,0,0,0,0,0,1,1,0,0,0,1,1,0,0,1,0,0,1,0,0,1,1,0,1,0,1,0,0,1,1,1,0,0,0,1,0,1,1,0,1,1,0,0,0,1,1,1,1,0,0,1,0,0,1,1,0,1,0,1,0,1,1,1,0,1,0,0
0,1,0,0,0,0,1,1,0,0,1,0,0,0,0,1,1,0,0,0,1,0,1,1,1,1,1,0,0,1,0,1,0,1,0,0,0,0,0,1,1,1,1,1,0,1,0,1,1,0,1,1,0,1,0,1,1,0,1,0,0,1,0,1,0,0,1,0,0,0,1,0,0,0,1,1,0,0,1,0,0,0,0,1,1,1,1,0,1,0,1,1,1,1,0,1,1,0,1,0,0
0,1,0,0,0,1,1,1,0,0,1,1,1,0,0,0,1,1,0,1,0,1,1,1,1,1,1,1,0,1,1,1,1,0,0,1,0,0,0,1,0,1,1,1,0,1,0,1,1,1,1,1,1,1,1,0,1,1,1,0,0,0,1,0,0,1,1,1,0,1,1,1,1,0,0,1,1,1,1,0,0,1,0,1,0,1,0,0,1,0,0,0,0,0,0,1,0,1,1,1,1
1,1,1,1,0,1,0,0,0,1,1,0,1,0,0,1,1,1,0,0,0,1,0,0,1,0,0,0,1,0,1,0,0,0,0,1,0,1,0,0,0,0,1,0,0,0,1,1,1,1,0,0,1,1,1,1,0,0,0,1,0,0,0,0,0,0,0,1,0,0,1,0,0,0,0,0,0,0,1,1,0,0,0,0,0,1,0,0,0,0,0,1,0,0,1,0,1,1,1,1,1
1,0,0,0,1,0,1,0,1,0,0,1,1,1,0,0,1,1,0,0,0,1,1,1,1,1,1,0,1,0,0,0,1,1,0,0,0,1,0,1,0,1,1,0,0,1,0,0,1,1,1,1,0,1,1,1,0,1,0,0,1,0,0,0,1,0,0,1,1,1,1,0,0,0,0,1,1,0,0,1,1,1,0,0,1,1,0,1,0,0,0,0,0,0,1,1,0,1,0,1,1
1,0,0,0,1,1,0,0,0,0,0,1,1,0,0,0,1,0,0,1,0,0,1,0,1,0,1,0,0,1,1,0,0,1,1,0,1,0,1,0,1,1,1,0,1,0,1,0,1,1,1,1,1,0,0,1,1,0,0,0,1,1,1,0,1,0,0,0,1,1,0,1,0,0,1,0,1,1,0,0,1,1,0,1,0,1,0,1,1,0,1,1,1,1,0,0,0,1,0,1,1
0,1,1,1,0,0,0,1,0,0,1,0,0,1,1,1,1,0,1,1,1,0,1,0,1,1,1,0,1,1,1,1,0,1,0,1,0,1,1,1,1,1,1,1,1,1,0,0,1,1,1,0,0,0,1,1,0,0,0,1,1,0,0,1,0,0,0,1,0,0,0,0,0,1,1,0,1,0,0,1,1,1,1,1,0,0,1,0,1,0,1,0,0,1,0,0,0,0,1,1,1
0,1,1,0,1,1,1,0,0,1,1,1,1,1,0,1,1,1,1,0,0,1,0,1,1,0,1,0,1,0,1,1,0,1,1,0,0,1,1,0,1,1,0,0,0,0,1,1,0,1,1,0,1,0,0,0,1,1,1,0,0,1,1,1,0,0,1,1,1,1,0,1,1,1,0,0,1,1,0,0,0,1,0,1,0,1,1,1,1,0,1,0,1,0,1,1,0,1,0,1,1
1,1,0,0,0,0,0,0,1,1,1,0,0,0,0,0,1,0,0,0,0,1,1,0,1,1,0,0,0,0,0,0,1,1,1,1,1,0,1,0,1,1,0,0,1,0,1,0,1,1,1,1,1,0,1,1,0,0,1,0,0,0,1,1,1,0,0,0,0,0,0,0,1,0,0,0,0,1,0,1,0,1,0,1,1,1,1,0,0,1,0,1,0,0,1,1,1,0,1,1,1
0,1,1,1,0,0,0,0,0,0,0,1,0,1,1,0,1,0,1,0,1,0,0,1,0,1,1,0,0,0,1,0,1,1,0,0,0,0,1,0,1,0,0,1,1,1,0,1,1,0,1,1,1,0,1,1,0,1,0,1,0,1,1,1,1,1,0,1,0,0,1,0,1,0,1,0,0,0,0,1,1,1,0,1,1,0,0,0,1,0,0,0,0,1,0,0,0,0,0,1,0
0,0,1,0,1,0,0,0,1,1,1,1,1,0,0,1,1,1,0,1,0,0,0,1,1,1,1,0,1,1,1,1,1,0,0,0,1,1,0,1,1,0,1,1,1,0,1,0,1,0,1,1,1,1,1,1,1,0,1,0,0,1,1,1,1,0,1,0,0,0,0,0,1,1,1,1,0,1,1,1,1,1,0,1,1,1,0,0,0,1,0,1,1,0,0,0,1,0,0,1,1
0,1,0,0,1,1,0,0,0,1,1,0,1,0,1,0,1,0,1,0,1,1,1,0,1,1,0,1,0,1,0,1,0,0,1,1,1,0,0,1,1,1,0,0,0,0,0,1,0,0,1,0,1,0,1,1,0,1,0,1,1,0,0,1,0,1,0,0,1,0,0,0,0,0,0,0,1,1,0,1,1,1,0,1,0,0,0,0,0,0,0,1,0,0,0,1,0,0,0,1,1
1,1,0,0,0,1,1,1,0,1,0,0,1,1,1,0,0,1,0,0,0,0,0,0,1,1,0,1,1,1,1,0,0,0,0,1,1,1,1,1,1,1,1,1,1,1,1,0,1,1,1,0,0,0,0,0,1,0,1,0,1,0,0,0,1,0,1,0,0,0,0,1,1,0,1,1,0,1,0,0,1,1,1,1,0,0,1,0,1,0,1,0,1,1,1,1,1,0,1,0,1
1,1,0,1,1,0,1,1,1,0,1,0,0,1,1,0,0,1,1,1,0,0,0,0,1,0,1,1,0,1,1,0,0,0,1,1,1,1,0,0,1,1,0,1,0,0,0,1,0,1,1,1,1,0,0,1,1,0,0,1,1,1,0,0,0,1,1,0,0,1,1,0,1,0,1,1,1,0,1,0,0,0,1,0,0,0,1,0,0,1,0,0,1,0,1,0,0,1,0,1,1
1,1,1,0,0,1,1,0,0,1,0,0,1,0,1,1,1,0,1,1,0,0,1,1,1,1,0,0,1,0,1,1,1,1,0,1,1,1,1,1,0,1,0,1,0,1,0,1,0,0,1,0,0,1,0,0,0,0,0,1,0,0,1,0,0,0,1,1,0,0,1,0,0,0,0,1,0,1,1,1,0,0,0,0,1,0,0,0,1,1,0,1,1,1,0,0,1,1,1,0,1
0,0,0,1,1,0,0,1,1,0,1,0,0,0,1,1,1,1,0,0,0,0,1,0,0,0,1,0,1,0,0,0,1,0,1,0,1,1,0,1,1,1,1,0,1,1,0,0,0,1,0,0,1,0,1,0,0,1,1,0,0,0,1,1,1,0,0,1,1,1,0,0,0,0,0,0,0,0,1,0,0,0,1,0,0,1,0,1,1,1,1,0,1,0,0,1,1,1,1,1,0
0,1,1,1,0,1,0,1,1,1,0,1,0,0,0,1,1,0,1,1,0,0,0,1,0,0,1,1,0,1,0,1,0,0,0,0,0,1,1,1,1,0,0,1,1,0,0,1,0,0,0,0,0,0,0,0,0,1,1,1,1,0,0,0,1,1,1,1,0,0,0,0,1,0,1,0,0,1,1,1,1,1,0,0,0,1,1,1,0,0,0,1,0,1,0,0,1,0,1,0,0
0,0,1,1,1,0,1,0,0,1,1,0,1,1,0,0,0,1,1,1,1,0,0,1,1,1,1,1,1,0,0,1,1,0,1,0,0,1,0,0,1,0,0,1,0,0,0,1,1,1,0,1,0,1,0,1,0,0,1,1,0,0,0,0,0,1,0,0,1,1,1,1,0,0,0,1,0,0,1,0,0,0,1,1,0,0,1,0,1,0,0,1,1,0,1,1,1,0,0,1,1
1,0,1,1,1,0,1,1,1,0,1,1,1,1,0,0,0,1,1,1,0,1,1,1,1,0,1,0,0,0,0,0,0,0,0,1,0,1,0,0,1,0,1,0,0,1,1,1,0,1,1,1,0,1,0,1,1,1,1,1,0,0,0,0,1,0,1,1,0,1,1,0,1,0,0,1,1,1,0,1,1,0,1,1,0,0,1,1,1,1,1,0,1,1,0,0,1,1,0,1,1
0,0,1,0,0,0,1,1,1,1,1,1,0,1,0,1,0,0,0,0,0,1,1,0,1,0,1,0,1,0,1,0,1,1,0,1,1,1,0,0,0,1,0,0,1,0,1,1,0,0,0,0,0,0,1,0,0,0,0,1,0,1,0,1,0,0,1,1,0,1,1,1,0,0,0,0,0,0,0,1,1,1,0,0,1,0,1,1,1,0,0,1,1,1,1,0,1,1,1,0,1
1,1,1,1,1,0,1,1,1,0,0,1,0,0,0,0,0,1,1,1,1,1,0,1,1,1,0,0,1,0,1,0,0,0,1,1,1,1,0,0,0,0,0,0,0,0,0,0,1,1,0,0,0,1,0,1,0,0,0,0,1,0,1,0,1,0,0,1,1,0,1,0,0,0,1,0,1,1,0,0,0,1,0,1,1,0,1,1,0,1,1,0,1,1,0,0,0,1,1,0,1
0,0,1,1,1,1,1,1,1,0,0,0,0,0,0,1,1,1,1,1,1,1,0,0,1,0,1,0,0,0,1,0,1,1,1,1,1,1,1,0,0,1,1,1,0,1,1,1,0,0,1,0,0,0,1,1,1,1,0,0,0,1,0,1,0,1,0,0,0,0,1,0,1,1,1,0,1,1,0,0,1,0,0,0,1,1,0,1,0,0,1,1,1,0,0,1,1,1,0,0,1
0,0,0,1,1,1,0,1,1,1,0,0,0,1,1,1,1,1,0,1,0,1,0,0,0,0,0,0,1,0,1,1,0,1,0,0,0,0,0,0,0,0,0,1,0,0,1,0,1,0,1,1,1,1,0,0,0,0,1,1,1,1,0,1,0,0,0,0,1,0,1,0,1,0,0,1,1,1,0,0,0,1,0,1,0,1,1,0,0,0,1,0,1,0,1,1,0,0,1,0,1
0,1,1,1,1,1,0,1,1,1,0,0,1,1,1,1,0,0,1,1,0,1,0,1,0,1,1,0,0,0,0,0,0,0,1,1,1,0,0,1,1,1,1,0,0,1,0,0,0,1,1,0,0,0,1,0,0,1,1,0,1,1,0,1,0,0,0,1,0,0,0,1,1,0,1,1,0,0,0,0,0,0,1,1,0,1,0,1,0,1,1,1,1,0,0,0,1,1,0,1,0
0,0,1,1,0,1,1,0,0,0,0,1,1,0,1,0,0,0,0,0,1,0,1,1,0,0,0,0,1,1,0,0,0,1,1,0,1,0,1,0,1,0,1,1,1,0,0,1,1,0,1,1,0,1,1,0,0,1,0,0,0,1,1,0,0,1,0,0,1,1,0,1,1,1,1,1,1,0,1,0,0,0,0,1,1,0,1,1,1,0,1,1,0,1,1,1,1,1,1,1,0
0,0,1,1,0,1,0,1,1,0,0,0,1,1,0,0,1,1,1,1,0,0,1,0,0,0,0,1,1,1,0,0,0,1,1,1,0,1,1,0,1,1,0,0,0,0,0,0,1,1,0,1,1,0,0,0,0,1,0,1,1,1,1,0,1,0,1,1,0,1,0,1,0,1,0,0,0,1,1,0,0,0,1,1,0,1,1,0,1,0,1,1,0,1,0,1,0,0,1,0,1
1,1,1,1,0,1,1,0,1,1,0,0,0,0,1,0,0,1,0,0,1,1,0,1,1,1,0,0,1,0,0,1,0,0,0,1,0,1,1,0,1,1,0,1,1,1,1,0,1,0,1,1,1,1,0,0,1,0,1,0,0,1,1,0,0,0,0,1,0,1,1,0,1,0,1,0,0,0,1,0,0,0,0,1,0,1,0,0,1,0,0,1,1,0,1,0,0,1,0,0,0
1,1,0,0,1,0,0,1,0,0,0,0,0,1,1,1,0,0,1,0,1,1,1,1,0,0,0,1,0,1,0,1,0,0,0,0,0,1,0,1,0,0,1,1,0,1,1,0,0,1,1,0,0,1,1,1,1,1,1,1,1,1,1,0,1,1,1,0,1,1,1,1,1,0,1,0,0,0,1,1,0,1,0,1,1,0,1,1,0,0,1,0,1,1,0,1,0,1,0,0,0
0,1,1,1,1,0,0,1,0,1,0,0,0,0,1,0,0,1,1,0,0,1,0,1,0,1,1,0,1,0,1,1,1,0,1,1,0,1,0,1,0,0,1,0,1,1,0,1,1,0,1,1,1,0,1,1,1,1,1,1,1,0,0,1,1,1,0,0,0,1,0,0,0,1,1,1,1,0,1,0,1,1,0,1,0,0,0,0,1,1,0,1,1,1,0,0,0,0,1,1,1
0,0,1,0,0,0,1,1,1,0,1,1,0,0,0,1,1,1,1,1,1,1,1,1,0,1,1,0,1,1,0,1,1,1,1,0,0,1,0,0,0,1,1,0,1,1,0,0,0,0,0,1,0,0,0,0,0,1,1,1,0,0,1,0,0,1,1,1,1,0,1,0,1,0,0,1,0,0,0,0,0,1,1,0,0,1,1,0,1,1,1,1,1,1,1,1,1,1,1,1,0
0,1,1,0,1,1,0,1,0,0,1,0,0,1,1,1,0,1,1,0,0,0,1,1,1,1,1,1,0,0,1,0,1,1,1,1,0,1,1,1,1,0,0,1,1,0,0,1,1,1,1,1,1,1,1,0,1,0,0,1,1,1,0,0,1,0,0,0,1,1,0,1,1,1,1,1,1,0,0,0,0,1,1,0,0,0,1,0,1,1,0,0,1,1,0,0,0,1,0,1,1
1,1,1,1,0,0,1,1,1,0,0,0,0,1,0,1,1,0,1,1,0,1,0,0,1,0,1,0,1,0,0,1,1,1,1,1,1,0,0,1,0,1,0,1,1,1,0,1,1,1,0,1,1,0,0,1,1,1,1,0,0,0,0,0,1,0,1,1,0,0,0,1,1,0,0,1,1,1,0,1,1,1,1,1,0,0,0,0,1,1,1,1,1,0,0,0,1,0,1,0,0
1,0,1,0,1,1,1,1,0,1,0,0,1,0,1,0,0,0,1,0,0,0,1,1,1,0,1,0,1,1,0,1,0,0,1,0,0,1,0,1,1,1,1,1,0,1,0,0,1,0,0,0,0,0,0,0,0,1,0,1,1,1,0,1,1,1,1,1,1,0,1,0,0,0,1,0,1,1,1,1,1,1,1,1,0,0,1,0,0,1,0,0,0,0,0,1,0,0,1,1,1
0,0,0,0,1,1,0,1,1,0,0,0,0,1,1,0,0,1,1,1,0,0,0,0,0,1,1,1,1,0,1,0,1,0,1,1,1,0,0,0,1,0,0,0,0,0,0,1,0,1,0,1,0,0,0,1,1,1,0,1,1,1,0,0,1,0,1,1,0,1,1,0,1,0,0,1,0,0,1,1,1,0,1,0,1,1,1,0,0,1,1,0,0,1,1,1,1,0,0,1,1
1,0,0,0,0,0,1,1,1,0,1,0,0,1,0,1,1,1,0,1,1,1,0,0,1,0,0,0,0,1,0,1,0,0,1,1,0,1,1,1,0,1,0,1,1,1,0,0,0,0,0,1,1,0,0,0,1,1,1,0,1,0,0,0,1,0,1,1,1,1,0,1,0,0,1,0,0,1,1,0,1,0,1,1,1,0,0,0,0,0,0,0,0,1,0,1,1,0,0,0,1
0,1,0,0,1,0,1,1,0,0,0,1,0,1,1,1,0,1,1,0,1,1,1,1,0,0,1,1,0,1,1,1,0,0,1,0,1,1,0,1,1,0,1,1,1,1,0,1,1,1,0,0,0,1,0,0,1,0,0,1,0,0,0,0,0,1,0,0,0,0,1,1,0,1,0,0,0,0,0,0,0,1,1,0,1,0,0,1,1,0,0,0,1,0,0,1,0,1,1,1,0
1,0,0,1,0,1,1,0,1,0,1,0,1,1,0,0,0,0,0,1,1,0,0,1,1,1,0,0,0,0,1,0,1,0,0,0,1,0,1,0,1,1,1,0,0,0,0,0,0,1,1,0,1,1,0,0,0,1,1,1,0,1,0,0,0,1,0,0,0,1,0,0,1,0,0,0,0,0,0,1,0,1,0,0,1,1,1,1,1,1,0,0,1,1,1,1,0,0,0,1,1
0,1,1,1,0,0,1,0,0,1,1,1,0,1,0,0,1,1,1,0,0,1,0,1,1,0,1,1,0,0,1,1,0,0,0,1,0,0,1,1,1,0,1,1,0,1,1,1,1,1,0,0,1,1,0,1,1,1,0,0,1,0,1,1,0,0,0,0,0,1,0,0,0,0,1,0,0,1,0,1,0,1,1,0,1,1,1,0,1,0,1,1,0,1,1,1,1,1,1,1,1
0,1,1,0,0,0,1,1,1,0,1,0,0,0,1,0,1,0,0,0,1,1,1,1,0,1,0,1,0,0,1,1,0,0,1,0,1,1,1,1,0,1,0,0,1,0,1,1,0,0,1,0,0,1,0,0,0,0,1,0,0,0,0,1,0,0,0,1,1,1,1,1,1,0,0,0,0,0,1,1,0,0,1,0,1,0,1,0,0,0,0,0,1,1,0,1,0,1,1,0,0
0,0,1,0,1,1,1,1,0,0,1,1,0,1,1,1,0,1,1,0,1,1,1,1,1,0,0,1,1,0,0,1,0,0,0,1,0,1,0,1,0,1,1,1,0,0,0,0,0,1,0,1,0,0,0,1,1,1,0,0,0,1,1,1,1,0,0,1,0,1,0,1,1,0,0,0,0,1,1,0,0,0,1,0,0,0,0,0,1,1,1,0,1,0,0,0,0,0,0,1,0
0,0,1,1,1,0,1,0,0,0,1,0,1,1,0,1,0,1,1,1,0,1,0,0,0,1,1,0,0,0,1,0,1,0,1,1,0,0,0,0,0,1,1,0,0,1,1,0,1,1,0,0,1,0,0,0,0,0,1,0,0,0,1,1,0,1,1,0,0,1,1,0,1,1,1,1,1,0,0,0,0,1,1,0,0,0,1,0,0,0,1,0,0,0,1,0,0,1,1,1,1
0,0,0,0,0,1,1,0,1,0,1,0,0,0,1,0,1,1,1,1,0,0,1,0,0,1,0,0,1,1,1,0,1,0,1,0,1,0,1,0,1,0,1,1,1,1,0,0,1,1,1,0,1,1,1,1,0,0,0,1,0,0,1,1,0,0,1,0,0,1,0,1,1,1,1,0,0,1,1,1,1,0,1,0,0,1,0,1,1,1,0,1,0,1,1,1,1,0,0,0,0
0,1,1,0,1,1,1,0,1,0,1,1,1,0,0,0,1,1,0,0,1,0,1,0,0,1,0,1,1,1,0,1,0,0,1,1,0,0,0,1,1,1,1,0,1,1,0,0,1,1,1,0,0,0,0,0,1,0,1,0,1,1,0,1,1,1,0,1,0,1,1,1,0,0,1,0,1,1,1,1,0,1,1,1,1,1,0,1,0,1,1,0,1,1,1,0,0,0,0,0,1
1,0,0,0,0,0,0,0,1,0,1,0,1,0,1,1,1,0,0,0,0,0,1,0,1,0,0,0,1,0,0,1,1,1,0,0,0,0,0,1,1,1,1,1,0,0,1,0,0,0,0,0,0,0,1,0,0,0,1,0,0,1,0,0,0,1,0,1,0,0,0,0,0,1,0,1,1,0,0,0,0,1,1,1,0,1,1,0,0,0,0,1,0,0,0,1,0,1,1,0,1
1,1,1,0,1,1,0,1,0,0,0,0,0,1,1,0,1,0,1,0,0,0,0,0,0,0,1,1,0,1,0,0,1,0,1,0,0,0,0,1,1,1,0,1,1,1,1,1,0,0,1,1,1,1,0,0,0,1,1,1,1,1,0,0,0,1,1,0,1,1,1,0,0,0,1,0,1,0,0,0,0,1,1,0,0,1,1,1,0,1,1,1,0,0,0,0,1,1,1,0,0
1,0,1,1,1,0,0,1,1,1,1,1,1,0,0,0,0,0,0,1,0,1,1,0,1,1,1,1,1,0,0,1,0,0,1,0,1,1,0,1,1,0,0,0,1,0,0,1,1,1,1,0,1,0,1,1,0,1,1,0,1,0,0,1,0,0,1,1,0,1,1,1,0,1,0,0,0,1,0,0,0,1,1,1,0,0,1,0,0,1,0,0,0,0,0,0,1,1,0,1,1
1,1,1,1,1,0,1,1,0,1,0,0,1,1,0,0,1,0,0,0,0,0,0,1,0,0,1,0,1,1,0,1,1,0,1,1,0,1,1,1,0,1,1,0,1,1,0,1,0,0,0,1,0,1,0,0,0,0,0,0,0,0,0,0,0,1,0,0,0,1,0,1,0,1,0,1,0,1,0,0,0,1,0,1,0,0,1,0,0,1,0,1,0,1,1,0,0,0,1,0,1
0,1,1,0,1,0,1,1,0,1,1,1,0,1,0,1,1,0,1,1,1,0,1,0,0,0,0,0,1,0,0,1,0,1,1,1,1,0,1,1,1,0,1,0,1,1,1,0,0,1,1,1,0,0,0,0,1,1,0,1,1,1,0,1,1,0,1,1,0,1,0,1,0,0,0,1,0,0,0,1,1,0,1,1,1,0,0,0,1,0,1,0,0,1,1,0,0,1,0,1,1
0,1,0,0,0,1,1,0,1,0,0,0,0,1,1,0,1,1,1,0,1,0,0,1,1,1,0,0,0,0,0,0,0,1,1,0,0,0,0,0,1,0,1,1,0,0,1,0,1,1,0,1,1,0,1,1,1,0,1,1,0,0,1,1,0,0,0,0,1,1,0,0,1,1,1,1,1,1,1,0,0,0,1,1,0,0,0,1,0,1,1,1,1,1,1,0,0,1,1,1,1
0,1,1,0,0,1,0,1,1,0,0,1,0,1,1,0,0,0,0,0,1,0,1,1,0,1,0,0,0,0,1,1,0,1,1,1,0,0,1,0,1,0,1,0,1,1,0,0,0,0,1,0,0,1,0,1,1,0,0,1,0,0,0,0,0,0,1,0,1,1,0,0,1,0,1,1,0,0,1,0,0,1,1,0,0,1,1,0,0,0,1,0,1,1,0,0,1,1,0,0,1
1,0,0,0,1,0,1,1,0,1,1,1,1,1,0,1,1,0,1,0,0,1,1,1,1,0,0,0,0,0,1,1,1,1,0,1,0,0,1,1,1,1,1,1,1,1,0,0,0,1,0,1,0,1,0,1,0,1,0,1,0,0,0,0,1,0,1,0,1,0,1,1,1,0,1,1,0,0,1,0,1,1,0,1,1,1,0,1,0,0,1,0,0,1,1,0,0,0,0,1,1
1,1,0,1,1,0,1,0,1,1,1,0,0,1,0,0,0,1,0,1,0,1,0,0,0,1,0,1,1,0,1,0,0,1,0,1,0,0,0,0,0,1,1,1,0,0,0,0,1,0,0,1,1,1,0,1,0,0,0,0,0,1,1,0,0,1,1,1,0,1,1,0,1,1,1,1,1,1,1,0,0,1,1,0,0,1,1,0,0,1,1,1,0,1,0,0,0,0,0,1,1
0,1,0,0,1,1,1,0,0,0,0,0,1,0,1,0,0,1,1,1,1,0,1,1,0,1,0,1,1,1,0,0,1,1,1,1,1,1,1,0,1,1,0,1,1,0,1,0,1,1,0,1,0,1,0,0,1,0,0,1,1,0,1,0,1,1,1,1,0,0,0,0,0,1,1,0,1,1,0,1,1,0,0,0,1,1,1,0,0,0,1,0,1,0,0,1,1,1,0,1,1
1,0,1,1,1,1,1,0,1,0,0,0,1,1,1,1,1,0,1,0,0,1,0,1,0,1,0,1,1,1,1,1,0,1,0,1,1,1,1,1,1,0,1,1,1,1,0,1,0,0,0,0,1,1,0,1,1,0,1,1,0,1,0,1,1,1,1,0,0,1,1,1,1,1,0,1,0,1,1,0,1,1,1,0,0,1,1,0,0,0,1,1,1,0,1,0,0,0,0,0,0
1,1,1,0,0,0,1,0,1,1,1,1,1,0,0,1,0,1,0,0,1,0,0,0,0,1,1,1,1,1,0,0,1,1,0,0,1,1,0,0,1,0,1,1,0,0,1,0,1,1,0,0,1,1,1,0,1,0,1,0,0,0,1,0,0,0,0,1,1,1,1,0,1,1,1,1,1,0,1,0,0,1,1,1,1,1,1,1,0,0,0,1,1,0,1,1,1,0,1,1,1
0,0,1,0,0,1,0,0,0,1,0,0,0,0,0,1,0,1,1,1,0,1,0,0,1,1,0,1,1,0,0,0,1,1,1,1,1,1,1,1,0,1,0,1,1,1,0,0,1,1,1,0,0,1,1,1,0,0,1,0,0,1,0,0,0,0,1,0,1,0,0,0,0,1,0,1,0,0,1,0,0,0,0,1,1,1,0,0,1,1,0,0,1,1,0,1,1,0,1,1,1
0,0,0,1,1,1,1,1,1,0,0,0,1,0,0,1,0,0,0,0,1,1,1,0,1,0,0,1,0,1,1,0,1,1,0,1,1,1,1,1,1,1,0,0,1,0,0,1,1,1,1,1,0,1,1,0,1,1,0,0,1,0,0,1,0,1,0,1,1,0,0,0,0,0,0,0,0,0,1,1,0,1,0,1,1,0,0,1,0,0,1,1,1,0,0,1,1,0,0,0,1
1,1,0,1,0,1,1,0,0,0,1,0,1,1,0,1,0,0,1,1,1,0,0,0,1,0,0,1,1,1,1,1,1,1,1,1,1,1,0,0,1,0,0,0,1,1,0,1,1,1,1,0,0,1,0,1,1,0,1,1,1,1,1,1,1,0,0,1,0,0,0,0,0,0,1,0,0,1,0,0,0,1,0,0,0,0,1,1,1,0,0,0,1,0,0,1,1,1,1,0,1
0,1,1,0,0,1,1,1,0,1,1,1,1,1,1,1,1,0,1,1,1,1,0,0,1,0,0,0,1,1,1,1,1,1,1,1,0,0,1,0,1,0,0,0,0,1,1,1,1,0,0,1,0,1,0,1,1,0,0,1,0,0,1,0,1,1,1,0,0,0,1,1,1,0,1,1,1,0,0,0,0,1,0,1,1,1,1,1,0,1,0,0,1,1,0,1,1,0,0,1,1
0,1,1,0,0,0,0,1,1,1,0,1,0,1,1,0,1,0,1,0,1,0,1,1,1,1,1,0,0,1,0,1,1,0,0,0,1,1,0,0,0,1,0,1,1,0,1,1,0,1,1,0,0,1,0,0,0,0,0,0,1,0,0,1,0,1,0,1,1,0,1,1,0,1,1,0,0,0,1,1,0,0,1,1,0,0,1,0,0,0,1,0,1,1,1,0,1,0,0,1,0
1,0,0,0,1,1,1,0,0,1,1,0,1,0,0,0,0,0,0,0,0,1,1,0,0,1,1,1,1,1,0,0,0,0,1,0,1,0,0,1,0,1,0,1,1,0,1,1,0,1,0,1,0,1,0,1,1,1,0,0,1,0,1,1,1,0,0,0,0,0,1,1,0,0,0,1,1,0,1,0,0,0,1,0,0,1,0,0,1,0,0,1,0,1,1,0,1,0,1,0,0
0,0,0,0,1,1,1,1,0,1,1,0,0,0,0,0,0,1,0,0,0,1,0,0,1,0,1,0,0,0,1,1,1,0,0,1,1,1,1,1,0,1,1,1,0,1,1,1,0,0,0,1,0,1,0,0,0,0,1,0,0,0,0,0,0,1,0,0,1,0,0,1,0,0,0,0,1,0,0,1,0,1,0,1,1,0,1,1,0,1,0,0,1,0,0,1,1,1,1,0,1
0,0,1,0,1,1,1,1,0,0,0,1,1,0,1,1,1,0,1,1,0,0,1,1,1,0,1,0,0,0,0,0,1,0,1,0,0,1,1,1,0,0,0,0,0,0,1,0,1,1,0,0,0,1,0,1,0,0,0,0,1,1,0,0,1,0,1,1,1,0,1,0,0,0,1,1,0,1,1,1,0,0,1,1,0,0,0,0,0,1,0,0,1,0,0,0,1,1,0,1,1
0,1,0,0,0,1,1,1,1,0,1,0,1,0,0,1,0,1,1,1,0,0,1,0,1,1,0,1,0,0,1,0,1,1,1,0,1,1,1,0,1,0,0,1,0,0,0,1,0,0,0,0,1,1,1,0,0,1,1,0,0,0,0,0,1,1,1,0,1,0,1,0,0,0,0,0,0,1,0,0,0,0,0,0,1,0,1,1,0,0,1,1,0,0,1,0,1,0,0,0,1
0,0,0,0,0,1,1,0,0,0,1,1,1,0,0,0,0,1,1,1,1,1,0,1,0,0,0,1,1,0,1,0,1,0,1,1,1,1,1,1,0,1,0,1,1,1,1,1,0,1,0,0,1,1,0,1,1,1,1,0,0,0,1,1,0,1,1,0,1,1,1,1,1,0,1,0,0,1,0,1,1,1,1,0,1,0,0,1,1,0,1,0,1,1,0,1,0,0,1,0,0
1,0,0,0,0,1,1,1,1,1,1,0,0,0,1,0,0,0,0,1,1,0,0,1,1,0,0,1,0,1,1,1,1,1,1,1,0,0,1,0,1,1,1,1,0,1,1,1,0,0,0,1,1,1,0,0,0,0,0,0,1,1,0,1,0,1,1,0,0,0,1,0,1,1,0,1,1,0,0,0,0,1,0,1,1,0,1,0,0,1,0,0,0,1,1,0,0,0,0,1,1
1,0,0,0,1,1,1,0,0,1,0,0,1,0,1,0,0,0,1,1,1,1,1,0,0,0,1,0,0,1,1,0,1,0,1,1,1,1,1,1,0,0,0,0,0,1,1,1,0,0,1,0,1,0,0,1,1,1,0,1,1,0,0,0,0,0,1,1,0,0,0,0,1,0,1,1,0,1,0,0,0,0,1,0,0,1,1,0,1,1,1,1,1,1,1,0,0,0,1,0,1
0,0,0,1,1,0,1,1,0,1,0,1,1,0,0,0,0,1,1,0,1,0,1,0,1,0,0,1,0,1,1,0,0,0,1,1,1,0,1,1,0,0,1,1,1,0,0,0,1,1,1,1,1,1,0,0,1,0,0,1,1,1,0,0,0,0,0,0,1,1,1,1,1,0,1,1,1,1,0,0,0,1,0,1,0,1,0,0,1,0,1,0,1,1,0,1,0,1,0,0,1
1,1,1,1,0,0,1,0,1,1,0,1,0,1,0,1,1,0,1,0,0,0,0,1,1,0,0,1,1,1,1,0,1,1,1,0,0,1,0,0,0,1,0,0,1,1,1,1,0,0,1,1,0,1,0,0,0,1,0,1,0,0,0,1,0,0,1,1,0,1,1,1,0,0,0,1,1,0,1,1,1,0,1,1,0,0,0,1,1,0,1,1,0,1,1,1,1,1,0,0,0
1,0,1,0,1,0,1,1,1,1,0,1,0,0,1,1,1,1,1,1,0,0,1,1,0,0,1,0,1,0,1,0,0,1,0,1,1,0,1,1,0,1,0,0,0,1,0,1,1,0,1,1,0,0,1,1,0,0,0,1,0,1,1,1,1,1,0,0,0,0,0,1,0,0,1,1,0,1,1,1,1,0,0,0,1,0,0,1,1,0,0,1,0,0,1,0,1,1,1,0,1
0,1,1,1,0,1,1,1,0,0,0,1,0,0,1,1,0,0,0,0,1,1,1,0,1,0,1,0,1,1,1,1,1,0,1,0,1,1,1,0,1,1,1,1,1,0,0,1,0,1,0,1,0,1,0,1,0,0,1,1,0,0,0,1,1,0,1,0,1,1,1,0,0,0,1,1,0,0,0,0,0,1,1,0,1,0,1,0,0,1,1,0,0,1,0,1,0,1,1,0,0
0,0,0,0,0,1,1,1,0,1,0,0,1,0,0,1,0,0,1,0,1,0,1,1,1,1,0,1,0,1,1,1,0,1,0,0,1,1,1,0,1,1,1,1,0,1,0,0,0,0,1,0,1,1,1,0,1,0,1,1,1,1,1,0,1,1,1,0,0,1,1,1,1,1,0,1,0,0,0,0,0,1,0,1,0,1,0,1,1,0,0,1,0,0,1,1,1,0,0,1,0
1,1,1,1,0,1,1,0,0,1,1,1,0,1,1,1,0,1,0,0,1,0,1,0,0,0,1,1,0,1,1,1,0,1,1,1,1,1,1,0,1,0,0,1,1,0,1,0,0,0,1,1,0,1,0,0,0,0,0,1,0,1,1,0,0,0,1,1,1,1,1,1,0,0,1,1,1,0,1,0,1,1,0,1,0,0,1,1,0,1,0,1,0,0,1,0,1,1,1,0,1
0,1,0,0,0,1,0,1,1,1,0,0,0,0,0,0,0,1,0,0,0,1,1,0,0,1,0,1,1,1,0,0,0,0,0,1,1,0,0,0,0,0,0,0,0,1,0,0,1,0,1,1,1,0,0,0,1,0,0,0,1,0,1,0,0,1,0,0,1,0,1,0,0,1,1,0,1,0,1,1,1,0,1,0,1,0,0,0,0,1,1,0,1,1,1,1,0,0,1,1,1
1,1,0,1,0,1,0,0,1,1,1,1,0,0,1,1,0,1,0,0,1,1,0,1,0,0,1,1,0,0,0,1,1,1,0,0,1,1,1,1,0,1,0,0,0,0,1,0,0,0,1,1,0,0,1,0,1,1,1,1,0,0,0,0,1,1,0,0,0,1,1,1,0,0,0,0,1,0,0,1,1,1,0,1,1,1,0,0,1,0,0,0,1,0,0,1,1,0,1,0,0
0,0,0,1,1,0,1,0,1,1,0,0,1,1,1,0,0,0,0,0,0,1,1,0,0,1,1,0,1,1,0,0,0,1,1,0,0,0,0,0,1,1,0,1,0,0,1,1,1,1,1,1,1,1,1,0,0,1,1,0,0,0,1,1,1,0,0,1,1,1,0,1,0,1,0,1,0,0,0,1,1,0,1,1,1,0,0,1,1,1,0,0,1,0,1,0,1,1,0,0,1
0,0,1,0,0,0,1,1,0,1,0,0,1,1,0,0,0,1,0,0,0,0,1,0,0,1,1,0,0,1,1,1,1,0,1,0,1,1,1,0,0,0,1,1,1,1,1,0,1,0,0,0,0,1,1,1,1,0,1,1,0,1,1,0,1,0,1,0,1,0,1,1,0,1,1,0,1,0,0,0,0,0,0,0,0,0,0,1,0,1,0,1,0,0,1,0,1,1,0,0,1
1,0,0,1,0,1,0,0,1,1,1,0,1,1,1,0,1,0,0,1,1,1,1,0,1,0,0,0,0,1,0,1,0,0,0,0,0,1,1,1,0,1,1,1,1,1,1,1,0,1,0,0,1,1,0,0,1,0,0,1,0,1,0,1,1,1,1,0,0,1,0,0,1,0,0,0,1,1,0,0,1,0,0,1,0,1,1,0,0,1,0,0,0,1,0,0,0,0,1,0,0
0,1,1,0,0,1,1,1,0,0,0,0,0,0,1,0,1,1,0,1,1,1,1,1,0,1,1,1,0,0,1,1,0,1,0,1,1,0,0,0,0,1,1,0,0,1,1,1,0,1,1,1,0,1,0,1,0,0,0,1,0,0,0,1,0,1,1,0,0,0,1,0,1,1,1,0,1,0,1,0,1,1,0,0,0,1,0,0,0,1,0,0,0,1,1,1,1,0,0,1,1
1,0,0,0,0,1,1,0,0,1,1,0,0,1,0,0,0,0,1,1,0,0,0,0,1,1,1,0,1,0,0,1,0,1,1,1,1,0,1,1,0,0,0,1,0,0,0,0,0,0,1,1,1,1,1,1,0,1,0,1,1,1,0,1,0,0,1,1,0,0,1,0,1,1,1,1,0,1,0,1,0,1,1,1,0,1,0,0,1,1,1,0,0,0,1,1,1,0,1,1,1
1,0,1,1,1,0,1,1,1,1,1,0,0,1,0,1,0,1,1,1,0,0,1,0,1,1,1,0,1,1,0,0,0,1,1,0,0,0,1,0,1,1,1,1,1,1,0,0,0,0,1,1,0,0,0,1,0,1,1,1,1,0,1,0,1,1,0,0,0,0,1,0,1,0,1,1,1,1,0,1,1,1,1,0,0,1,0,0,0,0,0,1,0,0,1,0,0,0,1,0,1
0,1,1,0,1,0,1,1,0,0,1,1,0,1,1,0,1,0,0,1,1,0,0,0,1,1,1,1,1,0,0,0,0,1,0,0,0,1,0,1,0,0,0,0,0,0,1,1,1,1,1,1,0,0,1,0,0,1,1,0,1,0,1,0,1,1,0,0,1,0,0,1,0,1,0,0,1,0,1,0,0,0,0,0,1,1,1,1,1,1,0,1,0,0,1,0,0,0,0,1,1
1,1,0,0,0,1,1,1,1,1,1,0,1,1,1,0,1,0,1,0,0,0,1,0,1,0,0,1,0,1,1,0,1,0,0,0,0,1,0,1,0,0,1,1,1,1,0,0,1,0,0,1,1,0,0,0,0,1,0,1,1,1,0,1,1,1,1,1,0,1,1,1,0,1,1,0,0,1,1,0,0,1,1,0,0,0,1,0,1,0,0,0,0,0,0,0,1,1,0,0,0
1,1,0,0,0,1,0,1,0,1,0,1,0,1,0,0,1,0,1,1,0,1,0,1,0,0,0,1,1,0,0,1,1,1,1,0,0,1,0,1,0,1,0,0,1,0,0,0,1,1,0,1,1,1,1,0,0,0,1,1,0,1,1,1,0,0,1,1,0,1,1,0,0,0,1,0,0,0,0,0,1,1,0,1,0,1,1,0,0,0,0,1,1,0,0,0,1,1,0,0,1
1,0,1,0,0,1,1,0,0,0,1,0,0,1,0,1,1,0,0,1,1,1,1,1,0,1,0,0,1,1,1,1,0,1,1,1,1,0,0,0,1,1,1,0,0,1,1,1,1,0,1,0,0,1,0,0,0,1,1,1,1,1,1,1,0,0,0,1,0,0,1,0,1,0,0,1,1,1,0,1,1,0,0,0,1,0,1,0,0,1,0,0,0,0,1,1,1,1,1,1,1
0,1,1,0,0,0,0,1,0,1,0,1,0,1,0,0,1,0,0,0,1,1,0,0,0,0,1,1,0,1,0,1,0,1,0,0,0,1,0,1,0,0,0,0,0,1,1,0,0,0,0,1,0,1,1,1,0,1,0,1,1,1,1,0,1,1,1,0,0,1,0,1,0,0,0,1,1,0,0,0,0,1,0,0,1,1,1,1,1,0,1,1,0,1,0,0,0,1,0,1,0
0,0,0,0,0,1,0,0,1,0,0,0,1,1,1,1,1,1,1,0,1,0,1,0,1,0,0,1,1,1,1,0,1,1,0,0,1,1,0,0,0,1,0,1,1,1,0,1,0,0,1,1,0,0,1,0,0,0,0,0,1,1,1,0,1,1,1,0,0,0,1,0,1,1,0,0,0,1,0,1,0,0,1,0,0,1,0,1,0,0,1,1,0,1,0,0,1,0,1,0,0
0,1,0,0,0,0,1,0,1,1,1,1,1,1,1,1,0,1,0,0,1,1,0,1,0,1,1,0,1,1,1,1,1,1,1,1,1,1,0,1,0,1,1,0,1,0,1,1,0,0,0,1,0,1,1,1,1,1,0,1,1,0,1,1,1,0,0,0,1,1,1,1,0,0,0,0,1,0,1,0,1,0,0,0,1,0,0,0,1,1,1,1,1,0,0,1,1,0,0,1,0
1,0,0,0,0,0,1,0,0,1,0,0,0,1,0,1,0,0,0,1,1,0,1,1,0,0,1,1,1,1,0,1,1,0,1,1,0,1,1,0,1,1,1,0,1,0,0,0,1,0,1,0,1,1,1,1,0,1,1,1,0,0,0,0,0,1,0,1,0,1,0,0,1,0,1,0,1,0,0,0,1,1,1,1,1,0,0,0,1,1,1,0,0,0,1,0,1,0,0,1,1
1,1,0,1,0,0,0,1,1,1,1,1,0,1,1,0,1,0,0,1,1,1,1,1,1,1,0,0,1,0,0,1,0,0,1,0,0,1,1,1,0,1,1,1,1,0,1,1,1,1,1,0,1,1,0,1,1,0,1,1,1,0,1,1,1,1,1,1,1,0,1,1,0,1,1,0,1,1,1,1,0,0,0,0,0,1,1,0,1,0,1,1,0,0,0,1,1,1,1,1,1
1,1,0,1,0,1,1,1,0,0,0,1,0,1,1,0,1,0,1,0,0,0,0,1,0,1,1,1,1,0,1,0,0,0,1,0,0,1,0,0,0,0,0,0,0,0,1,0,0,1,0,1,0,1,0,1,1,0,1,0,1,0,1,0,0,1,1,1,0,1,0,1,0,0,1,0,1,1,0,1,1,1,0,1,0,0,0,0,0,1,0,0,0,0,0,0,0,1,1,0,0
1,1,1,1,0,0,1,1,1,1,0,1,1,1,0,0,0,0,0,1,1,0,0,0,1,1,0,1,0,0,1,0,0,1,1,0,1,0,0,0,1,0,1,1,1,0,0,0,0,0,0,1,1,1,0,0,0,1,1,0,1,0,0,0,0,0,0,0,0,0,0,1,0,0,1,0,0,0,1,1,1,0,1,0,0,1,0,0,1,1,1,1,0,1,0,0,1,0,1,1,1
1,0,1,1,0,1,0,0,0,1,0,1,0,1,0,1,1,1,1,0,0,1,1,0,0,1,0,1,1,1,1,1,0,1,0,1,0,1,0,0,1,0,0,0,0,1,1,1,0,1,0,1,1,0,1,1,0,0,1,0,0,0,1,0,1,1,1,0,0,0,1,0,1,1,1,0,1,1,1,1,0,0,0,0,0,0,1,0,1,0,0,0,0,1,0,1,1,0,1,1,1
0,1,0,1,1,1,1,0,1,1,0,1,0,0,0,0,0,1,1,1,1,1,0,0,1,0,1,0,0,1,1,0,1,1,1,0,1,0,1,0,1,0,1,1,0,0,0,0,0,0,0,0,0,1,0,1,0,1,1,0,1,1,0,1,0,0,0,0,1,0,0,1,1,0,0,1,0,0,1,1,0,0,0,0,0,0,1,0,1,0,1,0,0,0,0,1,0,1,0,1,1
0,0,0,1,0,1,1,1,0,1,1,1,0,0,1,1,1,1,1,0,1,0,1,1,1,0,1,0,0,1,0,0,0,0,1,0,0,0,0,1,0,1,0,1,1,1,0,1,0,0,1,1,1,1,1,1,0,0,0,1,1,1,1,1,0,0,1,0,1,0,0,0,0,0,1,1,0,1,0,1,0,1,0,0,0,1,0,1,1,1,0,0,1,0,1,1,1,1,1,0,0
0,1,0,0,1,1,0,1,0,1,0,1,1,0,0,1,0,0,1,1,1,0,1,1,1,1,1,0,1,1,1,1,1,1,1,1,0,0,1,0,0,0,1,1,1,1,1,1,0,1,0,0,1,0,1,0,1,0,1,1,1,1,1,0,0,1,0,0,0,1,1,0,0,0,0,0,1,0,1,0,0,1,0,1,0,1,0,0,1,0,0,1,0,0,0,1,0,1,1,0,1
1,0,1,1,1,0,0,1,1,0,0,1,0,0,0,1,0,1,1,0,0,1,1,1,1,1,0,0,1,1,1,0,0,1,0,0,1,1,0,1,0,0,1,0,1,0,1,0,1,0,0,0,0,1,0,0,0,1,1,0,1,1,0,0,1,0,0,1,1,1,0,1,0,1,1,0,0,0,1,1,0,1,1,1,0,0,0,0,1,0,1,0,1,0,0,1,0,1,0,0,1
0,1,0,0,0,1,1,1,0,0,0,0,1,0,1,1,1,1,1,1,1,0,0,0,0,0,1,0,0,1,0,1,1,1,0,1,1,0,1,0,0,1,0,1,0,0,0,1,0,0,0,0,0,1,1,1,1,1,1,1,0,1,1,0,1,1,0,1,0,1,1,1,0,1,1,0,1,1,1,0,0,1,0,1,0,0,1,1,0,0,0,0,0,1,0,1,0,1,0,1,0
0,0,0,0,1,1,1,0,1,1,1,0,1,1,1,0,0,1,0,1,1,1,0,0,0,0,1,0,0,0,1,1,0,0,1,0,0,1,0,1,0,1,0,0,0,1,0,0,0,1,0,1,0,1,0,0,0,0,0,0,0,0,0,0,0,1,0,0,0,1,0,0,0,0,1,1,1,1,1,1,0,0,0,0,0,0,1,1,0,0,0,1,0,0,0,0,0,1,1,0,0
0,1,0,0,1,0,1,1,1,0,0,1,0,1,1,1,1,1,1,1,1,1,1,0,0,0,0,0,0,0,1,0,1,1,1,1,0,1,1,0,1,0,0,1,0,0,1,1,0,0,1,1,0,1,1,1,0,1,1,0,0,1,0,1,0,0,1,0,1,1,1,1,1,1,1,0,0,1,1,1,1,0,1,0,1,0,0,1,0,1,0,1,1,1,1,0,1,1,1,1,1
1,0,1,1,1,1,1,1,0,1,0,0,0,1,0,1,0,0,0,1,1,0,0,0,1,1,0,1,0,1,0,1,0,1,1,0,1,1,1,1,1,0,0,1,0,1,0,1,1,0,1,0,0,0,0,0,0,1,1,1,0,1,0,0,0,0,1,0,0,0,0,0,1,0,1,1,1,0,0,0,1,0,1,1,0,0,0,1,1,1,0,1,0,0,1,0,0,1,1,1,1
0,0,1,1,1,0,0,1,1,0,0,1,0,1,1,0,1,0,1,0,0,0,0,1,0,0,0,0,0,1,0,0,0,1,1,0,1,0,1,0,1,1,1,0,0,0,1,1,1,0,0,1,0,0,0,1,0,0,0,0,1,0,0,1,1,0,1,0,1,1,1,1,1,0,0,0,1,0,0,1,1,0,0,1,0,0,1,1,0,0,1,1,0,0,1,0,1,1,0,0,1
0,1,0,0,1,1,1,1,1,0,1,1,0,1,1,0,1,1,1,0,1,1,0,1,1,0,1,0,0,1,0,1,1,1,0,1,0,0,1,1,1,0,1,1,1,0,0,0,1,1,1,0,1,1,0,0,0,0,0,1,0,0,1,0,0,0,0,1,0,1,1,1,1,1,1,0,1,0,1,0,0,1,1,0,1,1,0,0,1,1,0,0,1,0,0,0,1,0,0,0,0
1,0,1,1,0,1,1,0,0,1,1,0,0,0,1,0,1,1,0,1,0,0,1,0,0,0,0,1,1,1,1,1,0,0,0,0,0,0,1,0,0,0,0,0,1,1,1,1,0,0,1,0,0,0,0,1,0,1,1,0,0,0,0,0,1,0,1,0,1,0,1,0,0,1,1,0,1,0,1,1,1,0,0,1,0,1,1,1,1,1,0,0,1,1,1,0,1,1,1,0,1
1,0,1,0,0,0,1,0,1,0,1,1,1,1,0,0,1,0,1,0,1,0,0,1,0,1,1,0,1,0,0,1,0,0,1,0,0,0,0,1,0,0,0,1,0,1,0,0,0,0,0,0,1,1,1,0,0,0,0,0,0,1,0,1,1,0,0,1,0,0,1,0,0,1,1,1,1,1,0,1,0,0,0,0,0,0,1,0,1,1,0,0,1,0,0,1,0,1,0,1,0
0,0,0,1,1,1,0,1,1,1,0,1,0,1,0,0,0,0,0,1,1,0,1,1,0,0,1,0,0,1,0,0,1,1,0,1,1,1,0,0,1,1,1,1,0,0,1,1,0,1,0,1,1,1,0,0,0,1,0,1,0,1,0,1,0,1,1,0,0,0,0,1,1,0,1,0,0,1,1,1,0,0,0,0,1,1,0,1,1,1,1,0,1,1,0,0,1,0,1,0,1
1,1,0,0,0,1,0,1,0,0,0,0,0,0,1,1,0,0,0,1,1,0,0,0,0,1,1,1,0,0,0,0,1,1,0,0,1,1,1,0,1,1,1,0,1,0,0,1,1,1,0,0,0,0,0,0,0,1,1,1,0,0,1,1,1,1,1,1,0,1,0,0,1,1,0,0,0,1,1,0,0,0,1,0,0,0,0,0,0,0,0,1,0,1,1,0,1,1,0,0,1
1,0,0,1,1,0,1,1,0,1,1,0,1,1,1,1,0,1,1,0,0,0,0,1,1,0,1,0,0,1,1,0,0,0,1,1,1,1,1,0,1,0,0,0,1,0,1,1,1,1,1,0,1,1,1,1,0,0,1,0,0,0,0,0,0,0,0,0,0,0,0,1,1,0,0,0,1,1,0,0,0,1,1,1,0,1,0,0,1,1,0,0,0,1,1,1,0,0,1,1,1
1,1,0,0,1,0,0,0,0,0,1,1,1,1,1,0,0,0,1,0,1,0,1,1,0,0,0,0,1,0,0,1,1,0,0,0,1,0,1,0,0,1,1,1,0,0,0,0,1,0,0,0,0,1,0,1,1,1,0,1,0,0,0,1,1,0,0,1,0,1,1,0,0,0,0,0,0,1,0,1,1,1,1,0,0,1,1,0,0,1,1,1,1,1,1,0,1,0,0,0,0
0,1,1,1,0,1,1,0,0,0,0,0,0,1,1,0,0,0,0,0,0,1,0,0,1,1,0,1,1,0,1,0,0,0,0,0,0,1,0,0,0,1,0,1,0,1,0,1,1,0,1,1,1,0,1,0,1,0,0,0,1,0,0,1,0,0,1,1,0,0,1,0,0,1,0,1,1,0,0,1,1,1,1,0,1,1,0,1,0,1,0,0,0,0,1,0,0,1,0,1,0
0,0,1,1,0,0,1,0,0,0,1,1,1,1,0,0,0,1,0,0,0,0,0,0,0,0,1,1,1,0,1,0,0,1,0,0,1,1,0,1,1,1,1,0,1,0,0,0,0,0,1,0,0,1,1,1,0,0,1,0,1,0,0,0,1,1,0,0,0,0,1,0,1,0,0,0,1,0,1,0,1,0,1,1,0,1,0,0,1,0,1,0,1,0,1,1,0,0,1,1,0
0,1,0,0,0,1,1,1,0,1,1,1,0,1,1,1,1,0,1,0,0,0,0,0,1,1,0,1,1,0,0,1,1,0,1,0,1,0,0,0,0,0,1,1,1,0,0,0,0,0,0,0,0,0,1,0,1,1,0,0,0,0,0,0,1,0,1,1,0,1,1,0,0,1,1,0,0,1,0,0,1,1,0,1,0,0,0,1,0,1,0,0,1,0,1,1,0,0,1,0,0
1,1,0,0,0,0,0,0,1,0,1,0,0,1,1,1,1,0,1,1,0,0,0,0,1,0,1,1,0,1,0,1,0,0,0,1,0,0,1,1,0,0,0,0,0,0,1,0,0,0,1,0,0,0,1,0,0,0,1,0,0,1,1,0,1,0,0,0,0,0,0,1,1,1,0,1,0,0,1,0,1,1,0,0,1,1,0,0,1,1,1,1,0,0,1,1,0,0,1,0,1
1,0,1,0,0,0,1,0,1,1,1,0,1,1,1,0,1,1,0,0,0,1,0,0,1,1,0,1,0,0,1,1,1,0,0,1,0,1,1,1,1,1,1,0,0,1,1,0,1,0,1,1,0,1,0,0,0,1,0,1,1,0,0,1,0,0,1,1,1,1,0,1,1,1,1,1,1,1,1,1,1,1,1,1,0,0,0,1,0,0,0,0,0,0,1,1,1,1,0,1,1
0,0,1,1,1,0,1,1,0,0,0,0,1,1,0,1,1,1,0,1,1,1,0,0,0,0,0,0,1,0,0,1,0,0,1,0,1,0,0,0,1,0,0,1,0,0,1,1,1,0,0,1,0,1,1,0,0,1,0,1,0,1,1,1,1,1,1,1,1,0,1,0,1,0,0,0,0,0,1,0,1,1,1,1,0,0,0,0,0,0,0,0,0,1,0,0,0,1,0,1,1
0,0,0,0,0,0,1,0,1,0,0,1,1,1,1,1,0,0,0,0,1,0,1,1,1,1,1,0,1,1,1,1,0,0,0,1,0,1,0,0,0,1,0,1,0,1,1,0,1,1,0,1,0,1,0,1,0,1,0,0,0,0,1,1,1,0,0,0,0,0,1,1,1,0,1,1,1,1,0,1,1,1,0,0,0,0,0,1,1,0,0,1,1,1,0,0,1,0,1,1,0
0,1,0,0,1,0,0,0,1,0,0,1,1,1,1,0,0,1,0,1,1,1,0,1,1,0,1,1,0,1,1,1,0,0,1,0,1,0,1,0,0,1,0,0,0,1,0,0,0,1,0,0,1,1,1,0,1,0,0,1,1,1,1,0,1,1,0,1,0,1,0,0,0,1,0,0,1,1,0,1,1,0,0,1,1,1,0,0,0,0,1,1,1,1,0,1,0,1,1,1,0
0,0,0,0,0,1,0,0,0,1,0,1,0,0,1,0,0,0,0,0,0,1,0,1,1,0,0,1,1,0,1,0,0,0,1,1,0,1,0,0,0,0,1,1,1,0,1,0,1,1,0,0,1,0,0,1,0,1,0,0,1,1,1,1,1,1,1,1,1,0,1,0,0,0,0,0,0,1,0,1,1,1,0,1,0,1,1,1,0,1,0,0,1,0,1,1,1,0,0,0,1
1,0,0,0,0,1,1,0,1,0,0,0,1,0,1,1,0,1,0,0,1,0,0,1,1,1,1,0,0,1,1,1,1,1,0,0,0,1,0,1,0,0,1,1,1,1,0,1,0,1,0,1,1,0,1,1,0,1,0,0,0,0,1,0,0,0,1,0,1,1,1,1,1,1,1,0,1,0,0,1,1,1,0,1,0,1,1,0,0,0,1,1,1,1,1,1,0,1,1,0,0
1,1,1,0,1,0,0,1,1,1,0,1,1,1,0,1,1,1,0,0,0,0,1,0,0,1,1,1,1,0,0,0,0,1,0,0,1,1,1,1,1,1,0,0,0,0,1,1,0,1,0,0,1,0,0,1,1,0,1,1,0,1,0,1,1,0,1,0,1,1,0,0,1,0,1,1,1,0,1,0,0,0,1,0,0,1,1,0,0,0,0,1,0,1,0,1,0,1,0,1,1
1,1,1,0,0,1,0,0,0,1,1,0,1,1,0,1,1,0,1,0,1,0,1,0,0,0,1,1,1,1,1,1,0,0,0,0,1,1,0,1,1,0,1,1,0,0,0,1,0,0,0,0,1,1,1,1,1,0,1,1,0,0,0,1,0,0,0,1,1,0,1,0,1,0,0,1,1,0,1,0,0,1,0,1,0,1,0,1,0,0,0,1,0,1,0,1,1,0,0,0,0
1,1,1,0,1,0,1,0,0,1,0,1,1,0,0,1,0,1,0,0,0,1,1,0,1,1,1,0,0,1,1,1,1,1,0,1,0,0,1,0,0,0,0,1,0,0,0,1,1,1,1,1,0,1,0,1,0,0,1,0,0,1,0,1,1,1,0,0,1,1,0,0,1,1,0,0,0,0,1,1,0,0,1,0,1,1,0,1,0,0,1,0,0,1,1,1,1,1,0,0,1
1,0,1,1,0,1,0,0,0,0,0,0,1,0,1,0,0,0,1,0,1,1,1,1,0,1,1,0,1,0,1,0,1,0,0,1,0,1,0,1,1,0,1,0,0,1,0,0,1,1,1,1,1,1,1,1,0,1,1,1,1,1,0,1,0,1,0,0,0,0,0,1,0,1,0,1,0,0,1,0,0,1,1,0,1,1,1,1,0,0,0,0,0,1,1,1,1,0,1,1,1
1,0,0,1,1,0,0,1,1,0,1,0,1,0,1,1,0,1,0,1,1,0,1,1,0,1,1,0,1,1,0,0,0,0,1,1,1,1,1,1,0,0,0,1,0,1,1,0,1,1,0,0,1,0,1,1,0,0,0,0,1,0,1,1,0,1,0,1,0,0,1,1,0,0,0,0,0,1,1,1,0,0,0,1,1,1,0,1,1,1,0,0,1,0,0,1,0,0,1,1,1
0,0,0,0,0,1,1,1,0,1,1,0,1,0,1,0,1,0,0,0,1,1,0,1,1,1,0,1,1,1,1,1,0,0,1,1,1,0,0,1,0,1,1,0,0,0,1,0,0,1,1,1,1,0,1,0,1,0,1,1,0,1,1,1,0,0,1,1,1,1,1,0,0,1,1,0,1,0,1,0,1,0,1,1,1,0,0,1,1,1,0,0,0,0,1,0,0,1,1,1,0
0,1,0,0,1,1,0,0,1,1,0,1,0,0,0,0,0,1,0,1,1,1,1,1,0,0,1,1,1,1,0,1,1,1,1,1,1,0,0,1,1,1,0,0,1,0,1,1,1,0,0,1,0,0,0,1,1,1,1,1,0,1,0,0,0,0,1,0,1,1,0,0,0,0,0,0,0,1,0,0,1,1,1,0,1,1,0,1,0,0,1,1,1,0,1,1,0,1,1,0,1
0,1,1,1,0,1,0,0,0,0,1,1,0,1,0,0,0,1,1,1,1,0,1,1,1,1,0,0,1,0,0,0,0,0,0,0,0,0,1,0,1,1,0,1,0,0,1,0,1,1,0,0,1,0,0,1,1,1,1,0,1,1,1,0,1,1,0,0,0,1,1,1,1,1,0,0,1,0,1,1,0,0,1,0,0,0,1,0,0,1,1,0,0,1,1,0,0,1,1,1,1
1,1,0,1,1,1,1,0,1,0,1,0,1,1,1,1,1,1,1,1,0,1,1,0,1,1,1,1,1,1,1,1,1,0,0,0,0,0,0,0,1,0,0,0,1,1,0,1,1,0,0,0,1,0,0,1,0,0,1,1,0,1,1,1,1,1,0,1,1,0,0,1,0,0,1,1,1,0,1,1,0,1,0,0,0,1,0,0,1,0,1,1,0,0,1,0,0,0,1,1,0
1,0,0,0,1,0,1,0,1,0,1,1,1,1,1,1,0,1,1,1,0,0,0,0,0,0,0,1,1,1,1,0,1,0,0,1,0,0,0,0,0,1,0,0,1,0,0,1,1,1,0,1,0,0,0,1,1,0,1,1,0,1,1,0,0,0,0,0,0,0,1,1,1,1,0,0,1,0,1,0,0,0,1,0,1,0,1,1,1,0,1,1,0,0,0,1,0,0,1,0,1
1,0,1,1,0,0,1,1,1,1,1,1,1,0,0,0,1,0,1,1,1,1,1,0,1,1,0,0,0,1,0,1,0,1,0,1,0,0,0,0,0,0,1,0,1,1,1,0,1,1,0,0,1,1,0,0,0,0,0,1,1,1,0,0,1,1,1,1,1,1,0,1,1,0,1,1,0,1,0,0,0,1,1,0,1,1,0,1,1,0,1,1,0,0,0,1,1,1,1,0,1
1,1,0,1,0,1,0,1,1,0,1,0,0,0,0,1,0,0,0,1,0,1,0,0,1,1,0,1,1,0,1,1,1,0,0,1,0,0,0,1,1,0,0,0,0,0,1,0,0,1,0,0,1,0,1,0,1,1,0,0,1,1,0,0,1,0,1,1,1,1,0,0,1,0,1,1,0,1,1,1,1,1,0,1,1,0,1,0,1,1,1,0,0,0,0,1,0,1,1,0,1
1,1,0,0,1,0,0,1,0,1,1,1,1,1,1,1,1,1,1,1,0,0,0,1,1,1,1,0,0,1,0,1,0,1,1,1,0,1,0,0,0,0,1,1,1,0,0,1,0,0,1,1,1,0,0,1,1,0,0,1,0,1,0,1,0,0,0,1,0,0,1,0,1,0,1,0,0,1,0,1,0,0,0,0,1,1,0,1,0,1,1,1,0,0,1,1,0,0,0,1,1
1,1,0,1,0,1,0,0,1,0,0,1,0,0,0,0,0,1,1,1,1,0,0,1,0,0,1,1,1,1,1,1,0,1,1,0,1,1,1,1,0,0,1,1,1,0,1,1,0,1,0,1,1,0,0,1,0,0,0,0,1,0,0,1,1,1,1,0,0,1,0,1,1,1,0,1,0,1,1,0,1,1,0,0,0,0,0,0,0,1,0,0,1,0,0,1,1,0,0,0,1
1,0,0,1,0,1,1,0,0,0,1,1,0,1,0,0,1,1,0,1,1,0,0,1,0,1,0,0,1,0,0,1,1,1,0,1,0,1,0,0,1,0,1,0,1,1,1,0,1,0,1,0,1,1,0,1,0,0,1,1,0,1,1,1,1,0,0,1,1,0,0,0,0,1,1,1,1,1,1,0,1,1,1,0,1,1,0,0,1,0,1,1,1,0,0,0,1,0,1,0,1
0,0,0,0,1,0,0,0,0,0,0,0,0,1,0,0,0,0,1,1,1,0,1,1,0,1,1,0,1,1,0,0,1,0,0,0,0,1,1,1,0,0,1,1,1,0,1,0,1,0,1,1,1,0,1,1,0,0,1,1,1,1,1,0,1,0,0,1,1,0,1,0,0,0,0,0,1,0,1,1,0,1,1,1,1,1,1,0,0,0,0,1,1,1,1,1,1,1,1,0,1
1,1,1,1,0,1,0,0,1,0,0,0,0,1,0,1,1,0,0,1,0,0,1,0,0,0,1,1,1,0,0,1,1,0,1,1,0,0,1,1,0,0,0,1,0,1,0,1,0,0,0,0,1,0,1,0,1,0,0,0,0,0,1,1,1,0,0,1,1,1,1,1,1,0,1,0,0,0,0,1,0,0,1,1,0,1,0,1,0,1,0,1,0,1,0,0,0,1,0,1,1
1,0,1,0,0,1,1,1,1,0,0,1,0,0,0,1,1,1,1,1,1,0,1,0,1,1,0,0,0,1,1,0,1,1,0,0,0,0,1,0,0,1,0,0,0,0,0,0,1,1,0,0,1,0,0,1,0,0,1,1,0,0,1,0,0,1,1,1,1,1,1,0,1,1,0,0,0,0,1,1,0,0,1,1,1,1,1,1,0,1,1,1,1,0,0,1,1,0,1,1,1
0,0,0,0,0,0,1,1,0,0,0,0,0,1,0,0,0,0,0,1,0,0,1,1,1,0,0,1,1,1,1,0,1,1,0,1,0,1,0,0,0,0,0,1,0,0,1,1,1,0,0,1,0,1,1,1,1,0,0,0,1,0,0,0,1,0,0,0,1,1,0,0,1,0,1,1,0,1,0,0,0,0,0,1,1,0,1,0,0,1,0,1,1,1,1,0,1,1,0,0,1
0,0,1,1,0,1,1,1,0,0,1,1,1,1,0,1,1,1,0,1,0,1,0,1,1,0,1,1,0,1,0,0,1,1,1,0,1,1,1,0,1,1,0,0,1,0,0,1,1,0,0,1,1,0,0,0,0,0,0,0,0,1,1,0,1,1,0,0,1,0,1,0,1,0,1,1,0,1,1,0,1,1,0,1,1,1,0,0,0,0,0,1,0,1,0,0,0,1,0,1,0
0,0,1,0,0,1,1,0,1,0,1,0,1,1,1,1,1,0,1,0,1,0,0,1,0,1,0,1,0,1,1,0,0,0,1,1,1,1,1,0,0,1,0,0,1,0,1,1,0,1,1,1,0,1,1,0,1,1,0,0,0,1,1,1,0,1,1,1,1,1,1,1,0,0,0,1,0,1,0,0,1,0,0,1,0,1,1,1,1,0,0,0,1,1,0,1,1,0,1,0,0
1,0,1,0,1,0,0,0,1,0,0,0,1,1,0,0,0,0,1,1,1,1,1,1,0,1,0,0,0,0,1,1,0,1,0,1,0,0,1,0,0,1,1,1,0,1,0,0,1,1,1,0,0,0,0,1,0,0,0,1,1,1,0,1,0,1,0,1,0,0,0,1,0,1,1,0,1,0,0,1,0,0,1,1,1,1,1,0,0,0,0,1,0,1,0,0,0,0,1,0,1
0,0,0,0,1,1,0,1,0,1,1,1,0,0,1,1,1,0,1,0,0,0,1,0,1,0,0,1,1,1,1,1,1,0,0,0,0,0,0,1,0,0,1,0,1,0,0,0,0,0,1,0,0,0,0,1,0,0,1,0,0,0,1,0,0,1,1,1,0,1,0,1,1,0,0,1,1,0,0,0,1,0,0,1,0,1,0,0,1,0,1,1,0,1,0,1,0,1,1,0,0
0,0,0,1,0,0,0,0,0,1,0,0,0,0,1,0,1,0,0,1,0,0,1,1,0,0,1,0,1,0,1,0,0,1,0,1,1,0,1,0,0,1,1,0,0,1,0,1,0,0,0,1,1,0,0,0,1,1,1,0,0,1,1,0,0,1,0,0,0,1,0,1,1,0,1,1,1,1,1,1,1,1,1,0,1,0,0,1,0,1,0,0,1,1,1,0,1,1,1,1,0
0,0,0,0,1,1,0,1,1,0,0,0,1,1,0,1,1,0,1,1,0,0,1,1,1,1,1,0,0,0,0,0,1,0,1,0,1,0,1,1,1,0,1,0,1,0,0,0,0,1,0,1,1,1,0,0,1,1,1,1,1,0,0,0,0,0,1,1,0,1,0,1,1,0,1,1,1,1,0,1,1,0,0,1,1,0,1,1,0,1,1,0,1,0,1,0,1,0,1,1,1
0,1,1,1,1,0,1,1,1,0,1,0,1,0,1,1,0,0,0,0,0,0,0,1,0,0,1,1,0,1,0,1,0,1,1,0,1,1,0,1,1,0,1,0,0,1,0,0,1,0,0,1,1,0,0,1,1,1,1,0,0,1,1,0,1,0,0,1,1,1,0,1,1,0,0,0,1,0,1,1,0,1,0,0,1,1,0,0,1,0,0,1,1,0,1,0,1,1,1,1,0
1,1,0,0,1,0,1,0,1,1,0,0,0,0,0,0,0,1,1,1,0,1,1,1,1,1,0,0,0,1,1,1,1,1,1,1,0,1,1,1,1,0,0,0,1,0,1,0,0,0,0,0,0,1,0,0,1,0,1,1,0,1,0,1,1,0,0,1,0,0,1,1,1,0,1,0,0,1,0,1,1,1,1,1,0,1,1,1,1,0,1,0,1,0,0,1,1,1,0,0,1
0,0,0,1,0,0,0,1,1,1,1,1,1,1,1,1,0,1,0,0,1,0,1,0,1,1,1,1,1,1,0,1,0,1,0,1,0,1,0,0,0,0,0,0,1,0,0,0,0,0,0,1,1,0,0,0,0,0,1,0,1,0,0,1,1,0,0,0,1,1,0,0,1,1,0,1,0,0,0,0,0,0,1,1,0,1,1,0,0,1,0,0,1,0,0,1,1,0,1,1,1
1,0,1,0,1,0,1,1,1,1,1,1,1,0,0,0,0,1,0,0,1,1,0,1,0,1,0,1,1,0,1,0,1,0,1,1,0,1,0,1,1,1,1,1,1,1,1,1,0,0,1,1,1,1,0,0,0,0,1,0,1,1,1,0,0,1,1,0,1,1,0,1,0,0,0,1,1,1,1,1,1,1,1,1,0,0,1,0,0,1,0,1,1,0,0,1,1,0,1,1,1
1,1,1,1,1,0,1,1,1,1,0,0,1,0,0,1,1,1,0,1,0,0,1,1,0,1,0,1,1,0,0,1,0,1,1,0,1,1,0,1,0,1,1,0,1,0,0,0,0,1,1,0,1,0,0,0,1,0,1,0,1,1,0,1,0,1,0,0,1,0,1,0,1,0,1,0,0,0,0,0,1,0,0,0,1,1,1,1,0,0,0,1,0,1,0,0,0,0,1,0,1
0,0,0,1,1,1,1,0,0,1,0,0,1,1,0,0,1,1,0,0,1,0,0,0,0,1,0,0,1,0,1,0,1,1,1,0,0,1,1,1,1,0,0,1,0,0,1,0,1,0,0,0,0,1,1,1,1,0,0,0,1,1,0,0,0,0,0,0,1,0,1,1,0,1,1,0,0,0,0,0,0,0,1,0,0,0,1,1,0,1,0,1,0,0,1,1,0,0,1,1,1
1,1,1,0,0,0,0,1,1,1,1,1,1,1,1,1,0,1,1,0,0,0,0,1,0,1,1,0,1,0,0,1,0,0,0,0,0,0,0,0,1,0,0,0,0,1,1,1,0,1,1,1,1,1,1,0,0,0,0,0,0,0,1,1,1,0,0,0,0,0,0,0,0,1,0,1,1,0,0,0,0,1,1,1,1,0,1,1,0,1,1,1,0,1,0,1,0,1,0,0,1
1,1,1,0,1,0,1,1,1,1,0,1,0,0,0,1,1,0,1,1,0,1,0,0,0,1,0,0,0,1,1,0,0,0,0,1,0,1,0,1,0,0,0,0,1,1,0,1,0,1,0,1,1,0,0,0,1,0,1,1,0,0,0,1,1,0,0,0,1,1,1,1,1,0,1,0,1,0,0,0,0,1,1,1,1,1,0,0,1,0,1,1,0,0,0,0,0,1,1,1,1
0,0,0,0,0,1,1,1,1,1,1,0,0,1,0,0,0,0,0,1,0,0,1,1,1,0,1,0,1,0,1,1,0,1,1,1,1,1,1,1,0,1,0,0,1,1,0,1,1,1,1,0,1,1,1,0,0,0,0,0,1,1,0,0,1,0,1,0,1,1,1,1,1,1,1,1,1,1,1,0,0,0,1,1,1,1,1,0,0,0,0,1,0,1,0,0,0,0,1,1,1
0,0,0,0,1,1,0,0,0,1,0,0,0,0,0,1,0,0,0,1,0,1,0,0,0,0,1,0,1,0,1,1,0,0,0,1,0,1,0,0,1,1,0,1,0,0,0,0,1,1,1,0,1,0,1,0,1,1,1,0,0,0,0,0,1,1,1,1,0,0,0,0,0,0,1,1,0,0,0,0,1,0,1,1,0,0,0,1,1,0,0,0,0,1,1,1,1,1,0,0,1
0,0,0,1,0,1,0,0,1,0,1,0,1,1,0,1,1,1,0,0,0,0,1,1,0,0,1,1,0,1,0,1,0,1,1,0,0,1,1,0,1,0,1,1,0,1,1,1,1,1,1,0,1,1,0,0,1,0,1,1,0,1,0,1,1,0,0,1,1,1,0,0,1,1,1,0,1,0,1,1,0,0,0,1,1,1,1,0,1,0,1,0,1,1,0,1,1,0,1,1,1
1,1,1,1,0,0,1,0,1,0,0,0,0,0,1,1,0,1,1,0,0,1,0,0,1,0,0,0,0,1,0,1,0,1,0,1,1,0,1,1,1,0,0,1,0,1,1,1,0,0,1,1,1,1,0,0,0,1,0,0,0,1,1,1,0,0,0,0,1,1,0,1,0,1,0,0,0,0,1,0,1,1,1,1,1,0,0,1,0,1,0,0,1,1,0,0,1,0,1,0,1
1,1,1,1,1,1,1,0,1,1,0,0,1,1,1,0,1,0,1,1,0,1,1,0,1,0,0,0,1,1,0,0,0,1,0,1,1,0,1,0,0,1,0,0,1,1,1,1,0,1,0,0,0,0,0,1,1,1,1,0,0,0,1,1,1,0,0,1,1,1,0,0,1,0,0,1,0,1,1,1,0,0,1,0,1,0,0,1,0,1,0,1,0,1,0,1,1,1,0,0,0
1,0,0,1,1,1,0,1,0,0,0,0,1,1,1,1,1,0,0,0,1,1,1,0,0,1,0,0,0,1,1,1,0,0,0,1,0,1,0,0,0,1,1,0,1,1,0,0,0,0,0,0,1,0,1,0,1,0,1,0,1,0,0,0,0,0,0,0,0,0,1,1,0,1,0,0,1,1,0,1,0,1,1,1,1,0,0,1,0,0,1,0,0,1,1,1,0,0,1,0,0
1,1,1,1,0,1,1,1,1,1,0,0,1,0,1,0,0,1,1,1,0,1,1,1,1,0,0,1,0,0,0,1,1,1,0,1,1,1,0,1,1,1,0,0,1,0,1,0,1,0,1,0,0,0,1,0,0,1,1,0,1,1,0,1,1,1,1,0,1,1,1,1,0,1,1,0,0,0,0,0,0,0,1,0,0,0,1,0,1,1,0,0,0,1,1,1,1,1,1,1,1
1,0,0,0,0,1,1,1,0,0,1,1,0,0,1,0,0,1,1,0,1,1,0,1,0,1,1,1,0,1,1,0,1,1,0,0,0,1,0,1,1,0,0,0,1,0,1,0,0,0,0,1,0,1,1,1,1,1,1,0,0,0,1,0,0,1,0,0,1,1,1,1,1,0,0,1,0,0,1,0,1,1,1,1,1,0,1,1,0,0,1,0,0,0,0,0,1,0,1,0,0
0,1,1,1,0,1,0,0,1,0,0,1,1,1,1,1,1,0,1,1,1,0,0,1,1,0,1,0,0,1,1,1,0,1,1,1,0,1,0,1,0,0,0,1,1,0,1,1,1,1,1,1,0,0,0,0,0,1,1,1,1,0,1,1,1,0,0,0,1,0,1,1,0,0,0,0,1,0,0,1,1,0,1,1,1,1,0,1,0,0,1,0,0,1,1,1,1,1,1,0,0
0,0,1,0,1,0,1,1,1,1,1,0,0,0,0,1,1,0,0,0,0,0,0,0,0,0,1,1,0,0,0,1,1,0,1,0,1,1,0,0,1,0,0,0,1,1,1,1,1,1,1,0,1,1,1,0,0,1,1,1,1,1,0,1,1,0,1,1,0,0,1,1,0,0,1,0,0,1,0,1,0,1,1,0,1,0,1,0,0,0,0,1,0,0,0,1,0,0,1,1,1
0,0,0,1,0,1,0,1,0,1,0,1,0,1,1,0,1,0,0,0,0,0,0,0,1,0,1,1,0,1,1,0,0,0,0,0,1,0,0,0,0,0,1,1,0,0,0,1,1,1,0,0,0,1,0,0,1,1,1,1,1,0,1,0,0,0,1,0,0,1,1,1,0,1,1,1,1,1,0,0,1,1,1,1,0,1,1,0,0,0,0,1,0,0,1,0,0,1,1,0,0
0,1,0,1,0,1,0,0,0,1,1,0,0,1,1,1,0,1,1,1,1,1,0,0,1,1,0,1,1,1,1,1,1,0,0,0,0,0,1,1,0,0,1,0,0,0,1,0,1,1,1,1,0,1,0,0,0,0,1,0,1,1,0,1,0,1,0,0,0,0,1,0,0,0,1,1,1,1,0,0,0,1,1,1,0,1,1,0,1,0,1,0,1,0,0,0,0,0,0,1,1
0,1,1,1,0,1,0,0,1,1,0,0,1,0,1,0,1,0,0,1,0,0,1,0,1,1,1,0,0,1,1,1,0,0,0,1,0,0,1,1,1,1,0,0,1,0,1,0,1,0,0,1,1,0,0,0,0,1,1,1,1,1,0,1,1,0,1,1,0,0,0,0,1,0,0,0,1,0,0,1,1,1,0,0,0,0,1,0,1,0,0,0,0,0,0,0,1,1,1,1,1
1,0,1,0,0,1,0,1,0,1,0,1,0,1,1,1,0,0,1,0,1,1,0,1,0,1,0,1,1,1,0,1,0,0,1,1,0,1,0,1,1,1,1,0,1,1,1,1,0,0,0,1,1,0,0,1,1,1,0,1,1,0,1,0,0,1,0,0,0,1,0,0,0,1,0,1,1,1,0,1,0,1,0,0,1,1,1,0,1,0,1,1,0,0,1,0,1,0,0,1,1
0,0,0,1,0,0,1,1,0,0,1,1,1,0,1,0,1,1,0,0,1,0,0,0,1,0,1,1,1,1,0,1,0,1,0,1,0,1,1,0,1,0,0,0,0,1,0,0,1,0,1,0,1,0,0,1,1,0,0,1,0,1,0,0,1,1,1,1,1,0,1,0,0,0,0,1,0,0,0,0,1,0,0,1,1,1,1,0,1,0,1,0,0,0,0,0,1,1,0,1,0
0,0,1,1,0,1,0,1,1,0,0,1,0,0,0,1,0,0,1,1,1,0,0,1,0,1,0,0,1,1,0,1,0,1,0,0,1,1,0,0,0,1,1,1,0,1,0,1,0,0,0,1,0,0,0,0,1,1,1,0,1,0,0,1,1,1,1,0,0,1,1,0,1,1,0,0,0,0,0,1,1,1,0,1,0,0,0,0,1,1,1,0,1,1,1,0,0,1,1,1,0
0,1,0,0,0,0,1,0,1,1,0,1,1,0,0,1,0,0,1,1,1,0,1,0,1,1,1,1,0,1,1,0,0,1,1,0,1,1,0,0,1,0,0,1,1,1,0,1,0,0,0,0,1,1,1,1,1,0,0,1,0,0,1,1,1,1,0,0,0,1,0,0,0,0,1,0,1,1,0,1,0,0,0,0,0,1,1,1,1,1,1,1,0,0,0,0,0,0,0,1,0
0,0,0,0,1,0,0,0,0,0,0,0,1,0,0,1,0,0,0,0,1,0,0,1,1,1,1,0,0,0,1,0,1,0,1,0,1,1,0,0,1,0,1,1,1,1,0,1,1,0,0,1,0,1,0,0,1,0,0,1,0,0,1,1,0,0,0,1,0,0,0,0,0,1,0,0,0,1,0,1,0,1,0,0,1,0,1,1,1,1,0,1,0,1,1,0,1,0,0,1,1
1,1,0,0,1,1,0,1,1,1,1,0,1,1,1,1,0,1,1,0,1,1,1,1,0,1,1,1,1,0,1,0,0,1,1,1,1,0,1,0,1,1,1,1,1,0,0,1,0,1,1,1,1,0,0,1,0,1,0,1,0,1,1,0,0,1,1,1,0,0,0,0,0,0,1,0,1,1,1,0,0,1,0,0,1,0,1,1,0,0,1,1,1,1,1,1,0,1,0,0,1
1,0,1,0,1,1,1,0,1,1,0,1,0,1,1,1,0,0,1,1,0,0,0,1,1,0,0,0,1,1,1,1,1,0,1,1,0,1,1,1,1,0,0,1,0,0,1,0,0,1,0,0,0,1,0,1,0,0,0,0,1,0,1,1,1,1,0,0,0,0,0,1,1,1,0,0,1,0,0,0,0,1,0,1,0,1,1,0,1,1,1,1,0,1,0,0,0,0,1,1,1
0,0,1,0,1,0,0,1,0,1,1,1,0,1,1,0,1,1,1,1,1,0,1,0,1,1,1,0,1,0,0,0,1,1,1,0,0,0,1,1,0,0,1,0,1,0,1,0,1,1,1,0,1,1,0,1,1,1,0,1,1,0,0,0,0,1,0,0,0,1,1,1,0,1,0,0,0,1,1,0,0,0,1,1,0,1,0,1,1,1,1,0,0,1,0,1,1,1,1,1,1
1,0,0,0,0,1,0,0,0,1,0,1,1,1,1,0,1,1,0,0,1,1,1,1,0,1,1,1,0,0,1,0,0,0,0,1,0,1,0,0,1,1,1,1,1,1,1,1,0,1,1,1,1,1,0,0,0,1,0,0,0,1,0,1,0,0,1,1,1,1,1,1,1,0,1,1,0,0,1,0,0,0,0,0,1,1,0,0,1,0,1,1,1,0,0,0,0,1,1,0,1
1,1,0,1,1,1,1,0,0,0,0,0,1,0,1,1,0,0,1,0,0,1,0,1,1,1,1,1,1,0,1,0,0,1,1,0,1,1,1,0,0,0,1,1,0,0,0,1,1,1,0,0,1,0,1,1,1,0,0,0,1,1,1,0,0,0,1,0,1,0,1,0,0,1,1,0,1,0,1,1,0,1,1,0,0,0,1,1,0,0,0,1,0,1,0,1,1,1,1,1,1
0,0,0,0,0,0,1,0,0,1,1,0,0,0,0,0,0,0,0,0,1,0,0,1,1,0,1,0,1,0,0,1,1,0,1,1,1,0,0,0,1,1,0,1,0,0,0,0,0,1,1,0,1,0,0,0,0,0,1,0,0,0,1,1,0,1,0,1,0,0,0,1,0,1,0,1,1,0,1,0,0,1,0,1,0,0,0,1,1,1,0,0,0,0,0,1,0,1,0,1,0
1,0,0,1,0,1,1,0,1,0,0,1,1,0,1,0,1,0,1,1,1,1,0,1,1,1,1,0,1,1,0,0,1,0,0,1,0,1,1,1,1,1,1,1,0,0,0,1,1,1,0,0,1,0,1,0,0,1,0,1,0,0,0,1,1,0,0,0,0,1,0,1,0,0,1,0,1,0,1,0,1,0,1,1,0,0,1,0,0,0,1,1,0,1,1,1,1,0,0,0,0
1,0,0,0,1,0,1,0,1,0,1,1,0,0,1,0,0,0,0,1,0,1,0,0,1,0,0,0,1,0,1,0,1,1,0,0,0,1,1,1,0,1,0,0,1,0,0,1,0,1,0,0,0,0,0,0,1,1,1,1,0,0,0,0,0,1,1,0,1,0,1,0,1,0,0,0,0,1,1,0,0,1,1,0,0,1,0,1,0,0,1,0,0,0,0,1,0,0,1,1,1
1,0,0,1,0,1,1,0,0,0,0,0,1,0,1,0,0,1,1,1,1,1,1,1,0,1,1,1,1,0,0,0,0,0,1,0,0,0,1,0,1,0,0,0,0,1,0,0,0,0,0,1,1,0,0,1,0,0,1,0,0,0,0,1,0,1,1,0,1,0,0,1,0,0,0,0,0,1,1,1,1,0,0,0,0,0,1,0,1,0,0,0,1,1,1,1,1,0,0,1,0
1,0,1,0,1,0,0,0,1,1,0,1,0,0,0,1,0,1,0,1,0,1,0,0,0,1,0,1,1,0,1,0,1,1,0,1,1,0,0,0,1,0,0,0,0,1,1,0,0,1,0,0,1,0,0,1,1,0,0,1,1,0,1,0,0,1,0,1,1,0,0,1,1,0,1,1,1,1,1,1,0,0,1,1,1,0,1,0,1,1,1,1,1,1,1,1,0,1,0,1,1
1,1,0,0,0,1,0,0,1,1,1,0,1,1,0,1,1,1,0,0,0,0,0,1,1,0,0,0,1,0,1,0,0,0,0,1,1,1,0,0,0,1,1,0,0,1,0,0,1,0,1,1,0,1,0,0,0,0,0,1,1,1,0,1,1,0,0,0,0,1,1,0,1,1,0,0,1,1,1,1,1,1,1,0,1,1,1,0,0,0,1,0,0,1,1,1,1,1,0,1,0
0,0,1,1,1,0,0,0,0,0,1,0,1,0,1,0,1,0,1,1,0,0,0,1,1,0,0,1,1,0,1,1,1,1,0,1,1,1,0,0,0,1,1,0,1,1,0,1,0,0,1,0,1,1,0,0,1,1,0,0,0,1,0,0,1,0,0,0,1,1,0,1,1,1,0,1,0,0,0,0,0,1,0,0,0,0,0,1,0,1,0,0,1,0,0,1,0,1,0,0,0
0,0,1,0,0,0,0,0,0,0,1,1,0,1,1,0,1,1,1,0,0,0,0,1,0,0,0,1,0,0,1,0,1,0,1,1,0,1,1,0,0,0,0,0,1,1,0,1,0,1,1,0,0,0,0,0,1,1,0,0,0,1,0,1,1,0,0,1,1,1,1,0,0,1,0,1,1,1,1,0,1,0,0,0,1,0,0,1,1,1,1,0,0,1,0,1,0,1,1,1,1
0,0,1,0,0,0,1,0,1,1,0,1,0,0,0,1,0,0,0,1,1,0,0,0,0,0,1,0,1,0,1,0,1,0,1,1,0,1,1,0,0,1,1,0,1,1,0,1,1,0,0,0,1,1,0,1,0,1,1,1,1,1,0,1,0,0,1,1,0,1,1,1,0,0,0,0,1,0,1,1,1,0,1,1,0,0,0,1,0,1,1,0,1,0,0,1,1,1,1,1,1
0,1,0,1,1,1,1,0,1,1,0,0,1,1,1,1,1,0,1,0,0,0,1,0,0,1,0,0,1,1,0,1,1,1,1,0,0,0,0,1,0,1,0,1,1,0,1,1,0,0,1,1,1,1,1,0,0,0,1,1,0,1,1,0,0,0,0,0,0,1,0,1,0,1,1,1,0,1,1,0,1,0,0,1,0,1,0,0,1,0,0,0,0,1,0,1,1,1,0,1,0
0,1,0,0,1,1,1,1,0,0,0,0,1,1,0,0,0,0,0,0,0,1,1,0,1,0,0,0,1,1,1,0,1,0,1,1,0,1,1,1,1,0,1,1,0,1,1,1,0,1,1,0,1,0,1,1,0,0,1,1,1,1,1,1,0,1,0,1,1,1,0,0,1,1,1,1,1,1,1,0,0,1,0,1,0,0,1,1,1,1,0,1,0,1,0,0,1,1,1,1,1
1,1,0,0,0,0,0,1,0,1,1,1,1,1,1,1,1,0,0,1,1,1,0,1,1,0,1,1,0,1,1,1,1,0,0,0,0,0,1,1,0,1,0,0,1,1,1,0,0,1,1,0,1,1,1,0,1,1,1,1,1,0,1,0,0,0,0,1,0,0,0,0,1,0,1,0,1,0,1,0,0,0,1,0,1,1,0,1,1,0,1,0,1,1,1,1,0,1,0,0,0
1,0,1,0,0,0,0,1,0,1,1,1,0,1,1,0,0,0,0,1,1,1,1,0,0,1,1,1,0,1,1,1,1,1,0,1,0,0,1,0,1,1,0,1,0,1,0,0,0,0,0,1,0,0,1,1,0,0,1,1,0,0,1,0,0,1,1,0,1,1,1,0,1,0,0,1,1,1,0,1,1,0,0,1,0,1,0,0,1,1,1,1,1,0,0,0,0,1,1,0,1
1,0,1,0,1,1,1,1,1,0,1,0,0,1,1,0,0,0,0,1,1,1,1,1,0,0,1,0,0,1,1,1,1,1,0,0,1,0,0,1,0,0,0,0,0,0,1,1,1,0,1,0,0,0,0,0,1,1,0,0,1,1,1,0,0,1,0,1,0,1,0,1,1,0,1,0,1,0,1,1,1,1,0,0,1,0,1,0,0,1,0,0,0,1,0,1,1,1,1,1,1
0,0,0,0,1,0,1,0,1,0,1,1,1,1,0,1,1,0,1,0,1,0,0,0,1,0,0,0,1,1,1,1,1,0,1,1,1,0,0,1,0,1,1,0,0,1,1,1,1,1,0,0,0,1,0,0,1,0,0,0,0,1,0,1,1,0,1,1,0,0,1,0,1,0,1,0,0,0,1,1,0,0,0,0,0,0,1,0,1,0,0,0,1,1,0,1,1,0,1,1,1
1,1,1,0,0,1,1,0,0,0,1,0,1,0,0,1,1,1,0,1,0,0,0,1,0,1,1,1,0,1,0,1,1,0,1,0,0,1,1,0,1,1,1,1,1,1,1,0,0,1,1,0,1,1,0,1,1,1,0,1,1,1,1,1,1,1,0,0,0,1,0,1,0,1,1,1,0,1,1,1,1,0,0,1,0,0,0,0,1,0,0,0,1,0,0,0,0,1,0,1,1
0,0,1,0,0,1,1,0,1,1,1,1,0,0,1,1,1,0,0,1,0,0,0,1,0,1,0,0,0,0,1,0,1,1,1,0,1,0,1,0,1,0,1,0,0,0,1,1,0,1,0,0,0,1,0,1,1,1,1,1,1,0,0,1,1,0,0,0,0,1,1,1,0,1,1,0,1,0,0,1,0,1,0,1,0,0,0,0,0,1,0,0,0,0,0,1,0,0,1,1,1
0,0,0,1,0,1,0,0,1,0,0,1,0,0,1,0,1,1,0,0,1,0,0,1,0,1,0,0,1,0,0,1,0,0,1,1,0,1,0,1,1,0,1,0,0,1,1,1,1,1,0,1,1,0,1,1,1,1,1,0,0,0,1,0,0,0,1,0,1,0,1,0,1,0,0,0,1,0,1,0,0,0,1,0,0,0,1,0,0,0,0,0,1,0,0,0,1,1,0,1,1
1,0,0,1,0,1,1,1,0,1,1,0,1,1,0,1,1,0,0,0,1,1,0,0,0,1,0,0,0,0,0,1,0,1,1,1,0,1,1,0,0,1,1,1,0,1,1,0,1,0,0,0,0,0,0,1,1,0,0,1,1,1,1,1,0,1,1,1,0,1,1,0,1,0,0,1,0,1,1,0,1,0,0,1,0,1,1,0,0,0,0,1,1,1,0,0,0,0,1,0,1
1,0,0,1,1,0,0,1,0,0,0,1,1,1,0,1,1,1,1,1,0,1,0,0,0,0,0,0,0,0,0,0,1,0,1,1,1,1,1,0,1,1,1,0,1,0,1,1,1,1,0,0,1,0,1,1,0,1,1,0,1,1,1,0,0,1,1,0,0,1,0,1,0,0,1,1,0,0,0,0,0,0,1,0,1,1,1,1,0,1,0,0,1,0,0,0,1,1,1,1,1
1,1,1,1,0,0,1,1,1,1,0,1,1,1,1,1,1,0,1,1,1,1,0,1,1,1,0,0,0,0,1,1,0,1,0,0,0,0,1,1,1,1,1,1,0,0,1,1,1,1,0,1,0,0,1,1,1,0,1,1,1,0,1,1,0,0,0,0,1,1,0,1,1,1,1,1,0,0,0,0,1,1,1,1,0,1,0,1,1,0,1,1,0,1,1,1,0,1,0,1,1
0,1,0,0,1,1,0,1,1,1,1,1,1,0,0,1,1,0,1,1,1,0,0,1,0,1,1,0,0,1,1,0,1,1,1,0,1,0,0,1,0,0,1,1,0,0,0,1,0,0,1,1,1,0,1,1,1,1,1,1,0,1,0,1,1,0,0,1,1,1,1,0,1,1,1,1,1,1,1,0,1,0,0,1,0,0,0,0,0,1,0,1,1,0,1,1,0,0,0,1,0
0,0,1,1,1,1,0,1,1,1,1,0,1,0,0,1,1,0,0,1,0,0,1,0,0,0,0,0,0,0,1,0,1,0,1,1,1,1,0,1,0,1,0,0,1,1,1,1,0,1,0,0,1,0,0,1,1,1,1,0,0,0,1,0,1,0,0,0,0,1,0,0,1,0,1,1,1,0,1,1,1,1,0,0,0,1,0,0,1,0,0,1,1,0,1,0,0,0,1,0,1
1,1,1,0,1,1,0,1,1,1,1,1,1,1,1,1,0,1,0,0,1,0,1,0,0,0,1,1,0,0,0,0,0,0,0,0,0,1,1,1,1,1,0,0,0,1,1,0,0,0,1,1,1,0,1,1,0,0,1,0,1,0,0,1,1,1,0,1,0,1,1,0,0,0,1,1,1,0,0,1,0,1,1,1,1,0,1,0,0,1,1,1,0,1,0,0,0,0,0,0,1
0,1,1,1,0,0,1,0,0,1,1,0,0,0,1,0,1,1,1,0,0,0,1,0,1,0,0,0,1,1,0,1,1,1,1,1,0,0,0,1,1,0,1,1,0,0,1,0,1,1,0,1,0,1,1,1,1,1,1,1,0,0,0,0,0,1,0,1,0,0,0,0,1,1,0,1,1,1,1,1,0,0,0,0,0,0,0,1,1,1,1,1,1,0,1,1,1,1,1,0,1
1,0,0,0,0,1,0,0,1,0,1,1,1,0,1,0,0,0,0,0,0,0,1,0,0,1,0,1,1,1,1,1,0,1,0,1,0,1,1,1,0,0,1,0,1,0,1,1,1,1,1,0,0,1,1,1,0,1,0,0,1,1,0,0,1,0,0,1,1,0,0,0,1,0,0,1,0,1,1,1,1,0,1,1,0,1,0,0,1,0,0,0,1,1,1,1,1,1,1,1,1
0,0,0,1,1,0,1,0,0,1,0,0,1,1,0,1,0,1,1,0,1,0,0,1,1,0,1,0,1,1,0,1,1,1,0,0,0,0,0,1,1,1,1,0,0,0,1,0,0,0,0,1,1,1,1,1,0,1,1,1,1,0,1,1,0,0,1,0,0,0,1,0,1,0,0,0,0,1,1,1,0,1,0,1,0,0,0,0,1,1,0,0,0,1,0,0,0,0,0,0,1
0,0,1,0,1,1,0,0,1,0,0,0,0,1,1,1,1,1,1,0,1,0,1,0,1,1,1,0,0,1,1,1,0,0,1,1,0,1,0,0,1,1,0,0,1,1,0,1,1,0,0,1,1,0,1,1,0,1,0,1,1,1,1,0,1,1,0,1,0,1,0,0,1,0,0,1,0,0,0,1,1,1,1,1,1,1,0,0,1,0,1,1,0,0,1,1,0,1,0,1,1
0,0,1,1,1,0,0,1,0,1,1,1,1,1,0,1,1,1,0,1,0,1,0,0,0,0,0,1,1,0,0,1,0,1,0,1,0,0,0,1,0,1,0,1,0,1,1,0,0,0,1,0,0,0,0,0,1,1,1,0,0,1,1,1,0,0,0,1,0,0,0,1,1,1,0,0,1,1,1,0,1,1,1,0,0,1,0,0,1,0,0,1,1,0,0,0,1,1,0,0,1
0,1,1,1,1,0,0,1,0,1,1,0,0,1,1,1,1,0,0,1,1,0,1,1,0,0,1,1,1,0,1,0,1,1,0,0,0,1,1,1,1,1,1,1,0,0,0,0,1,1,1,1,0,1,0,0,1,1,0,0,0,1,0,1,1,0,0,0,1,1,1,1,0,0,1,0,1,0,1,1,0,1,1,0,0,1,0,1,1,0,1,0,0,0,0,0,1,1,1,1,1
1,0,1,1,0,0,1,1,0,0,1,1,1,0,0,0,0,0,1,1,1,1,0,1,1,0,1,1,0,1,0,1,0,1,1,0,1,0,1,1,0,1,1,0,1,0,0,0,0,1,1,1,0,0,0,0,1,0,1,1,0,0,0,1,0,0,0,1,1,1,1,0,1,0,0,0,1,0,1,1,1,0,1,1,0,1,1,1,0,0,0,1,1,1,1,0,0,0,1,0,0
0,0,0,0,0,1,1,1,0,0,0,0,0,0,1,1,0,1,1,1,1,1,0,0,0,1,0,0,0,1,0,1,1,1,0,1,1,0,0,1,0,0,0,1,1,0,0,1,0,0,0,0,1,1,1,1,0,0,0,1,1,1,1,0,0,1,0,0,1,1,0,0,0,0,0,0,0,0,0,1,1,1,0,1,1,1,1,1,1,1,1,1,1,0,0,0,0,0,0,1,0
0,1,1,0,0,1,0,0,0,1,1,0,0,1,1,0,1,0,0,0,1,0,1,0,0,0,1,1,0,1,1,0,1,1,1,0,1,1,1,0,1,1,1,1,1,0,1,1,1,0,0,0,1,0,0,1,0,0,1,1,1,1,0,1,0,0,1,1,1,1,0,0,0,0,0,1,1,0,1,0,1,1,0,0,1,1,1,0,1,0,0,0,1,0,0,0,0,0,0,0,1
0,0,1,0,1,0,0,1,0,0,1,1,1,0,1,1,1,0,0,1,0,1,1,1,1,1,0,1,1,1,1,1,1,0,1,0,1,1,1,0,1,1,0,1,0,1,1,0,0,1,0,1,1,1,1,1,1,1,1,1,1,0,1,0,1,0,1,1,0,1,1,0,1,0,1,1,1,0,1,0,1,1,0,0,0,1,0,1,0,0,1,0,1,1,0,1,0,1,1,1,1
0,0,1,0,1,0,1,1,0,1,0,0,1,0,0,1,0,1,1,0,0,1,0,0,0,1,1,0,1,0,1,1,1,0,1,0,0,1,0,1,1,1,0,1,1,1,1,0,1,0,0,1,0,1,0,0,1,0,0,0,0,0,1,0,0,0,0,1,1,1,1,1,1,1,0,0,1,0,1,0,0,1,1,1,1,1,0,0,1,1,1,1,1,0,1,0,1,1,1,0,1
1,0,0,1,1,1,1,1,1,0,0,0,0,0,1,0,1,1,0,0,1,1,1,0,1,1,0,0,1,1,0,0,1,0,1,1,0,0,0,0,0,1,1,0,1,0,0,1,1,1,0,0,0,0,1,1,1,1,1,1,1,1,0,1,1,1,0,0,0,0,0,1,1,0,0,1,1,0,0,0,0,1,1,1,0,1,1,0,0,1,1,0,0,1,1,0,0,0,0,1,1
1,1,0,1,1,1,0,0,1,0,0,1,1,1,1,1,0,0,0,0,0,0,0,0,1,1,1,1,0,1,1,0,0,1,0,0,1,1,0,0,1,0,0,1,1,0,1,0,1,0,1,1,1,1,1,1,0,1,0,1,0,0,0,1,1,1,1,1,1,1,1,0,1,1,0,1,0,0,1,0,0,1,0,0,0,1,0,0,0,1,0,0,0,0,0,0,0,1,0,0,1
1,0,0,1,1,0,1,0,1,0,1,1,0,1,0,0,0,0,0,0,0,0,1,1,1,1,1,1,1,1,1,0,0,0,1,0,0,1,0,1,0,0,1,1,0,0,0,1,0,1,0,1,1,1,0,1,1,1,1,0,1,0,1,1,0,1,0,1,0,0,1,0,0,0,0,1,1,0,1,0,1,1,0,1,0,1,1,0,0,1,0,0,0,1,0,0,1,0,1,1,1
0,1,0,0,0,1,0,0,0,0,1,0,1,1,0,1,1,1,0,1,0,1,0,1,1,1,0,1,0,1,1,1,0,1,0,1,1,0,0,1,1,0,1,0,1,1,0,0,0,0,0,1,0,1,1,0,1,1,1,1,1,0,1,1,0,1,1,0,0,0,0,0,1,1,1,1,1,1,0,0,0,0,1,0,1,1,1,0,0,1,0,1,1,0,1,0,0,1,0,0,1
1,0,1,1,1,1,0,1,0,1,1,0,0,0,0,1,0,0,0,0,1,1,0,0,0,0,0,0,0,0,0,1,1,1,0,1,1,0,0,0,1,1,1,0,0,0,1,0,1,1,1,1,0,1,0,0,1,1,1,1,0,1,1,0,0,0,0,0,0,1,0,1,1,1,1,1,1,1,0,0,0,1,0,0,1,1,0,1,1,0,0,1,0,0,1,0,0,0,0,1,1
1,0,1,0,1,0,1,1,1,1,0,0,0,0,1,0,1,0,1,0,1,0,1,1,1,1,0,1,0,0,0,0,1,0,0,0,0,0,1,0,0,0,1,0,1,1,0,0,0,1,0,0,1,1,0,1,0,1,0,0,0,1,1,0,1,1,1,0,1,0,1,1,0,0,0,0,1,1,1,0,0,1,0,1,0,1,1,0,0,1,1,1,1,0,0,1,1,0,1,1,1
1,0,0,1,1,0,0,1,0,1,1,1,1,1,0,1,1,0,0,1,1,1,1,1,1,0,1,0,0,0,0,1,1,1,0,1,0,0,0,1,0,0,1,1,0,0,0,0,1,0,1,0,1,0,1,1,0,0,1,1,0,0,1,0,1,1,1,1,1,1,0,1,1,0,0,1,0,0,1,0,1,0,1,0,0,1,1,0,0,1,0,0,1,1,1,0,1,1,0,1,1
0,1,0,1,1,1,0,0,0,0,0,0,0,0,1,0,1,0,1,1,0,0,0,1,0,1,1,1,1,1,1,1,1,1,0,0,1,0,0,1,0,0,1,1,1,0,0,0,0,1,1,1,0,1,0,1,1,1,1,1,0,0,1,0,0,1,0,1,1,1,0,1,0,1,0,0,0,0,0,0,0,1,1,0,0,0,0,0,1,0,0,0,1,1,0,0,1,1,1,0,0
0,0,0,0,0,0,0,0,1,0,0,0,1,1,0,1,1,1,0,0,0,1,1,0,0,0,1,1,1,1,0,0,1,1,0,1,0,1,1,1,1,1,1,1,1,1,0,1,0,0,1,0,0,1,0,1,0,0,1,0,1,0,1,1,0,1,1,0,0,0,1,0,1,1,1,1,1,1,1,0,1,0,1,1,0,1,0,1,0,1,1,0,0,0,0,1,0,0,0,1,1
0,1,1,0,1,0,1,1,1,1,1,1,1,0,1,0,1,1,1,0,0,1,0,0,0,0,1,1,0,1,0,1,1,1,0,1,1,0,0,1,1,1,0,1,0,1,1,1,1,1,0,1,0,1,1,1,0,1,1,1,0,1,0,1,0,1,1,1,0,0,1,0,0,1,0,0,0,1,0,0,0,0,0,0,0,1,0,0,0,1,1,1,1,0,1,1,1,1,1,0,0
0,1,1,1,0,1,0,1,1,0,0,0,0,0,0,0,1,1,0,0,0,0,0,1,1,1,1,0,0,1,0,0,0,0,1,0,1,1,1,1,0,0,1,0,0,1,1,0,1,0,1,1,1,0,0,0,1,1,1,1,0,0,0,1,0,1,0,0,1,1,1,0,1,1,1,1,1,0,0,0,0,1,1,1,0,1,1,1,1,1,1,1,0,1,0,1,0,0,0,0,1
1,0,0,0,1,1,1,0,1,0,0,1,0,1,0,1,1,1,1,1,1,0,0,1,0,0,1,1,0,1,1,0,0,0,1,0,0,0,0,0,1,0,0,1,1,1,0,0,0,0,1,1,0,1,0,0,0,0,1,0,1,0,0,0,1,0,0,1,0,0,1,1,0,1,0,1,0,0,0,1,1,1,1,0,0,1,1,0,1,1,1,1,0,1,1,1,0,1,0,0,0
1,0,0,0,0,1,0,1,0,0,0,1,1,1,1,1,0,1,0,0,1,0,0,1,1,0,1,0,1,0,0,0,1,0,0,1,0,1,1,0,0,0,1,0,0,1,1,1,0,0,0,1,1,1,1,0,1,0,0,1,1,1,0,1,0,0,1,1,0,0,1,0,1,1,0,1,1,0,1,1,0,1,0,0,0,0,1,1,0,0,1,1,0,1,1,0,0,0,0,1,1
1,1,0,1,0,0,0,1,1,0,0,0,1,0,0,0,0,1,0,0,1,1,0,0,1,0,0,1,0,0,0,1,1,1,0,0,1,1,0,0,0,0,0,1,0,0,0,0,0,1,0,0,0,0,0,1,1,1,1,1,1,0,1,1,1,0,1,1,0,0,1,1,0,0,1,0,0,1,1,0,0,1,0,0,1,0,0,1,1,1,1,1,0,1,1,1,0,0,0,1,1
0,0,1,1,1,1,1,1,1,0,1,0,1,0,0,1,0,0,1,0,0,0,0,1,1,0,1,0,0,0,1,1,1,1,1,1,0,0,0,1,0,0,1,1,0,1,0,1,0,0,0,1,1,1,0,0,0,0,0,1,0,1,1,1,0,1,0,1,0,1,0,0,0,0,0,1,1,1,0,1,1,1,0,1,1,0,0,0,0,0,1,0,0,0,1,1,1,0,0,1,1
1,1,0,1,0,1,1,1,0,0,0,0,1,0,1,0,0,1,1,1,1,0,1,1,0,1,0,1,0,1,1,1,0,1,0,0,1,1,0,1,0,1,1,1,0,1,1,0,1,1,1,0,1,0,1,1,1,1,1,0,1,1,0,1,1,0,0,1,1,1,0,1,0,1,1,0,0,0,1,1,0,0,1,1,1,0,0,1,0,1,1,0,1,0,1,1,0,0,1,1,0
1,0,1,1,0,1,1,1,1,0,1,0,0,1,0,0,0,0,0,0,1,0,0,0,1,1,0,1,1,1,1,0,1,0,0,1,1,0,1,1,1,1,0,0,0,1,0,1,0,1,1,1,0,1,1,0,0,1,1,0,0,1,1,0,0,1,0,1,1,0,1,1,1,0,1,0,0,1,1,1,0,1,1,1,0,0,0,1,0,0,0,1,1,1,1,0,0,0,1,1,1
0,0,1,0,0,1,0,0,0,1,1,0,1,1,0,0,1,0,1,1,0,0,0,1,1,0,0,1,0,0,0,0,0,1,0,1,0,1,0,0,1,0,0,1,0,0,0,1,0,1,1,1,0,0,0,1,0,1,1,1,1,0,0,0,0,1,0,0,0,1,1,0,1,1,0,1,0,1,1,0,1,1,0,0,1,0,1,1,0,1,1,0,1,1,1,0,0,1,0,0,1
0,1,1,1,1,0,1,1,1,1,1,1,1,1,1,1,0,1,0,1,0,0,1,0,1,1,1,0,1,1,1,0,1,0,0,1,0,1,0,1,0,0,0,1,1,0,0,0,1,1,1,0,1,0,1,1,0,0,1,1,1,0,1,1,1,1,0,0,1,0,1,1,1,1,1,0,0,0,0,0,0,0,0,0,0,0,1,1,1,0,1,1,0,1,0,1,0,1,1,1,1
0,0,0,1,0,1,1,1,0,0,0,1,1,0,1,1,0,0,1,1,1,1,0,1,0,0,0,0,0,1,1,1,0,0,1,1,0,1,1,1,0,1,1,0,1,1,1,0,1,1,1,1,1,1,1,0,1,1,0,0,1,0,0,1,1,1,0,1,0,1,0,1,0,0,1,0,0,0,0,0,1,0,1,1,0,0,0,0,1,0,1,0,0,0,0,0,1,0,0,1,0
1,1,0,0,0,0,0,0,1,0,1,0,1,1,0,0,1,0,0,1,1,1,0,0,1,1,1,1,0,0,0,0,0,0,0,0,1,0,1,0,1,0,0,0,0,1,1,1,1,1,1,1,1,1,1,1,1,1,1,0,0,0,0,0,0,0,1,1,0,1,1,0,1,0,0,0,1,0,1,0,0,0,1,1,0,1,1,0,1,1,0,1,1,1,1,1,1,1,0,0,1
0,0,0,1,1,1,1,0,0,0,1,0,1,0,0,0,1,1,0,1,0,0,1,1,0,0,0,0,1,1,1,1,1,1,1,0,0,0,1,1,0,1,1,1,1,1,0,0,0,0,1,1,1,1,1,0,1,0,0,0,0,1,0,0,1,1,1,1,0,0,1,0,0,1,1,0,1,1,1,0,1,0,0,0,0,1,0,1,0,0,0,0,0,0,1,1,1,0,0,0,0
0,0,1,0,1,1,0,0,1,0,1,0,1,1,0,1,0,1,0,1,1,0,0,1,1,1,1,1,1,1,1,1,1,1,0,1,0,1,0,0,0,1,0,1,1,1,1,0,1,0,1,0,0,1,0,0,1,1,0,1,1,1,0,0,0,1,1,1,1,1,1,0,0,0,0,1,0,1,1,0,0,1,0,0,1,1,1,0,1,1,0,1,0,0,1,0,1,1,1,0,1
0,0,1,1,1,1,1,1,0,1,0,1,1,0,0,1,0,0,0,0,0,0,1,1,1,1,0,0,0,1,0,1,0,0,0,0,0,0,1,1,0,1,1,1,1,0,0,1,0,1,1,0,0,1,0,0,1,0,1,1,1,1,1,1,1,0,1,1,0,0,1,0,0,0,1,1,0,0,1,1,1,0,0,1,0,0,1,0,0,1,0,0,0,0,0,0,1,0,0,0,1
1,1,1,0,1,0,0,0,1,1,0,1,1,1,0,0,0,1,0,0,1,1,1,1,1,0,1,1,0,0,0,1,1,1,1,1,1,1,1,0,0,1,0,1,0,1,1,0,1,0,1,0,1,0,0,1,1,0,1,1,1,0,0,0,0,1,0,1,0,0,1,0,1,0,0,0,0,1,1,1,1,0,0,0,1,1,1,0,0,1,0,0,1,0,0,1,1,1,1,0,1
1,0,0,1,0,0,1,1,0,0,0,0,0,1,1,1,1,1,1,1,0,0,1,1,0,1,1,1,1,1,1,0,1,1,1,1,1,1,1,0,1,0,0,1,1,1,1,0,1,1,1,0,0,0,0,1,1,1,0,1,1,0,1,0,1,1,1,0,1,0,0,1,0,1,0,1,1,0,1,1,0,0,1,1,0,0,0,0,0,0,1,1,1,1,0,0,0,0,1,1,1
1,0,1,1,1,0,0,1,0,0,1,0,0,0,0,0,1,1,1,1,0,0,1,1,0,0,1,0,0,0,1,1,0,1,0,1,1,0,1,1,1,1,1,0,1,1,1,0,0,0,0,0,0,0,0,1,0,0,1,0,1,0,0,0,0,1,0,1,1,0,0,0,1,0,1,1,0,0,0,0,0,0,1,0,0,1,1,0,1,0,0,1,0,0,1,1,1,1,1,1,1
1,0,1,0,0,0,1,0,1,1,0,0,1,1,1,1,0,1,0,1,0,0,1,1,1,0,1,0,0,1,1,0,0,0,0,0,1,1,0,0,1,1,1,0,0,0,1,0,1,0,1,0,1,0,0,1,1,1,1,0,1,0,1,1,0,0,1,1,1,0,0,0,0,1,0,1,1,1,0,0,0,1,0,1,0,0,1,1,1,1,1,1,1,0,0,0,0,0,1,0,1
1,1,0,0,0,1,1,0,0,1,1,1,1,1,1,1,1,1,1,0,0,1,1,0,1,1,1,1,0,0,1,1,1,0,1,0,0,0,0,1,0,0,1,1,0,0,0,1,1,1,0,0,0,1,1,1,0,1,1,1,0,1,1,0,1,1,0,1,0,0,0,1,0,1,0,0,0,0,1,1,0,1,1,0,0,1,1,1,1,0,0,0,1,1,0,1,1,1,1,0,1
1,0,0,0,0,0,0,1,0,0,1,0,0,0,1,1,1,1,0,1,0,1,0,0,1,0,0,1,0,0,1,1,1,0,0,0,0,1,0,0,0,0,0,0,0,1,0,0,1,1,0,1,0,0,1,0,1,0,0,0,1,1,1,0,1,1,1,0,1,1,0,1,0,1,1,1,0,0,0,1,1,1,0,0,0,1,0,1,1,0,1,0,0,0,1,0,0,1,1,0,1
1,1,0,0,0,1,0,1,1,1,1,1,1,0,0,1,0,0,1,1,0,1,0,1,1,1,1,1,0,1,0,0,1,1,1,1,0,0,1,0,1,1,0,1,0,0,0,0,1,0,1,0,1,0,1,1,1,0,0,1,0,0,0,1,1,1,1,0,0,0,1,1,1,1,1,1,0,1,0,0,0,0,0,0,1,0,1,0,1,1,0,1,0,1,0,1,1,0,1,1,1
1,1,0,0,1,0,0,1,1,0,0,0,0,0,0,0,0,0,0,1,0,0,0,1,0,1,1,0,1,1,1,0,0,1,0,1,0,0,0,0,1,0,0,1,1,1,0,0,0,0,1,1,1,0,1,0,1,0,0,0,1,1,0,0,1,0,0,1,1,0,1,1,0,1,1,1,1,0,1,1,1,1,0,1,0,0,1,0,1,0,0,0,1,0,1,0,0,0,0,0,1
1,1,0,1,1,1,1,0,1,0,1,1,0,0,0,1,0,1,1,0,0,0,1,1,1,1,0,0,0,0,0,0,0,1,0,0,1,0,1,1,1,1,0,0,0,1,0,1,0,1,0,0,1,1,0,0,0,1,0,1,0,1,0,0,0,1,1,1,0,1,0,1,0,1,0,0,0,1,0,0,0,0,0,1,0,0,0,0,0,0,1,1,1,1,1,0,1,1,0,1,1
1,0,0,0,1,0,1,0,1,0,1,0,0,1,0,0,0,1,0,1,1,1,1,1,1,0,1,0,0,0,0,0,1,0,1,0,1,0,1,1,0,1,1,0,0,1,0,1,0,1,0,0,0,1,1,0,0,0,0,1,1,0,1,1,1,0,0,0,1,1,1,1,1,0,0,1,0,0,0,0,1,0,1,0,0,1,0,1,0,1,1,0,0,0,1,0,0,0,0,1,1
1,1,1,0,1,1,1,1,0,1,0,1,1,0,0,0,0,1,1,0,0,0,1,0,1,1,0,1,1,0,1,0,0,0,1,0,1,0,0,0,1,0,0,1,0,1,0,0,1,1,1,1,0,1,0,0,1,0,0,0,1,1,0,0,0,0,0,1,0,1,0,0,0,0,0,1,0,0,1,0,0,0,1,1,0,1,1,1,1,0,0,1,1,0,0,0,1,0,1,1,1
1,1,1,1,0,0,0,1,1,0,1,1,1,1,0,0,0,0,1,1,0,0,0,1,0,1,1,0,0,0,1,1,1,0,1,0,1,1,0,1,1,0,0,0,0,0,1,0,0,1,0,1,1,0,1,0,1,1,1,1,1,1,1,0,1,1,1,0,1,0,0,0,0,1,0,1,1,1,0,1,0,0,1,1,1,1,1,0,1,1,1,1,1,0,0,1,0,0,1,1,1
0,0,0,0,0,0,0,0,0,0,0,0,0,0,0,1,0,0,1,1,1,1,0,1,0,1,1,1,1,1,0,1,1,1,0,0,1,0,0,1,1,1,0,0,1,0,0,0,1,1,1,0,0,0,1,0,0,0,0,0,1,0,1,1,0,0,0,0,0,1,0,0,0,1,0,0,1,0,0,0,0,1,1,0,1,1,0,0,1,0,1,1,0,1,1,1,0,0,0,1,0
0,0,1,1,1,0,1,0,1,1,1,0,0,1,0,0,1,0,0,0,0,0,1,0,1,0,0,1,0,1,0,0,1,1,0,0,0,0,1,0,0,1,0,0,1,1,1,1,1,0,1,0,0,1,0,0,0,1,1,1,1,1,0,0,1,0,0,0,1,0,0,1,1,0,1,1,0,0,0,1,0,0,1,0,1,1,1,1,0,1,1,1,1,0,0,0,0,1,0,0,1
1,0,0,0,1,1,1,1,1,0,0,0,1,1,1,1,1,1,0,0,1,1,1,0,1,1,0,1,1,0,0,0,1,0,1,0,0,0,1,1,0,0,0,0,0,1,0,1,1,1,0,0,1,0,1,0,1,1,1,1,1,1,1,0,1,0,1,0,0,0,0,0,0,0,1,0,0,1,0,1,1,1,0,0,1,0,0,1,1,0,1,1,1,1,0,1,0,0,1,0,1
1,0,0,1,0,1,0,0,0,0,1,1,1,1,1,0,0,1,1,1,0,0,0,1,1,1,1,1,0,0,1,0,1,0,1,0,1,0,0,0,0,0,1,1,0,1,0,1,1,0,0,1,1,1,1,0,0,1,1,0,1,0,0,0,1,0,0,1,0,0,1,0,0,1,1,0,0,1,1,0,0,1,1,1,0,1,1,1,1,1,1,1,1,0,0,1,1,1,0,0,0
1,1,0,0,1,1,0,0,1,0,1,1,0,0,0,0,0,0,1,0,0,1,1,1,1,1,1,0,0,0,1,1,0,0,0,1,1,1,1,0,0,0,1,0,1,0,0,1,0,1,0,1,1,0,0,1,0,1,1,1,1,1,1,1,1,0,1,1,0,1,0,0,1,1,0,0,1,0,0,0,0,1,0,0,0,0,0,1,0,1,0,1,0,0,0,1,1,1,0,1,1
0,1,0,1,0,1,0,0,1,1,1,0,0,1,0,0,1,1,0,0,1,1,1,0,1,0,0,0,1,1,1,1,1,1,1,1,1,1,0,0,0,0,0,0,0,1,0,0,0,0,0,1,0,0,1,0,1,1,1,0,0,1,0,0,1,0,0,1,1,0,0,1,0,1,0,0,1,1,0,0,1,1,1,0,1,0,1,1,1,0,0,1,0,0,0,0,0,1,1,0,1
0,0,0,1,1,1,1,1,0,0,1,0,0,1,1,1,1,1,0,0,1,0,0,0,1,1,0,1,0,1,1,1,0,0,0,0,0,1,1,1,1,1,1,0,1,0,0,0,1,1,0,1,1,1,0,0,0,1,1,0,1,0,1,0,0,0,1,0,1,1,1,0,0,0,0,0,1,1,1,1,1,0,0,1,0,0,1,1,0,0,0,1,0,0,0,0,0,0,1,1,1
0,1,1,1,0,0,1,0,1,0,1,0,0,0,0,0,1,0,0,1,1,1,0,1,1,0,0,0,0,0,0,0,1,0,1,1,1,0,0,0,0,1,0,0,1,1,0,0,0,0,1,1,1,1,0,1,1,0,0,1,1,1,0,1,0,0,1,0,0,1,1,0,0,1,1,1,0,0,0,0,0,0,1,1,1,0,0,1,0,1,1,0,0,0,1,1,1,0,0,1,0
0,0,0,1,1,1,0,0,0,0,0,0,1,0,0,0,0,1,0,0,0,0,1,1,1,1,0,0,0,1,0,0,0,1,1,1,0,1,0,0,1,0,1,0,1,0,0,0,0,0,1,1,0,0,0,0,0,1,1,1,1,1,1,0,1,1,1,1,0,1,1,1,1,1,0,0,0,0,1,0,0,1,1,1,1,1,1,1,1,1,1,1,0,0,1,0,0,1,0,0,1
1,1,1,0,1,0,0,1,0,0,1,0,0,0,1,0,1,0,1,0,0,1,1,0,0,0,1,1,0,0,0,1,1,1,1,1,1,0,0,0,0,1,1,1,1,1,1,1,1,1,1,1,0,1,0,1,0,0,0,1,1,0,1,0,0,0,0,0,0,1,1,0,0,0,0,0,1,0,1,1,1,0,1,1,0,1,0,0,1,1,1,1,0,0,1,1,1,1,1,1,1
0,0,1,0,0,0,0,0,1,0,0,1,1,1,0,0,1,1,0,0,0,0,0,1,0,0,0,1,1,1,1,0,0,0,0,0,0,0,0,1,1,1,1,0,1,0,1,0,1,1,0,0,1,1,0,0,1,0,1,0,0,0,0,0,0,1,0,1,0,1,1,0,1,0,0,0,0,1,1,1,1,0,0,1,0,1,0,0,1,0,1,1,1,0,1,0,1,1,0,0,1
0,1,1,0,1,1,0,0,1,0,0,0,1,1,1,0,0,0,1,1,1,0,0,0,0,0,1,0,1,0,1,1,1,0,1,1,0,0,0,1,1,1,0,1,0,0,1,0,0,0,1,1,0,1,0,0,0,1,1,1,1,0,1,1,0,1,0,1,0,0,1,1,0,0,1,0,1,0,1,0,0,0,1,1,1,0,1,1,1,0,0,1,0,0,0,0,1,1,1,0,1
1,0,1,0,1,0,0,0,0,0,1,1,1,1,1,0,1,1,1,0,0,1,1,0,1,1,0,0,0,1,0,0,1,1,1,1,1,0,1,0,1,1,0,1,0,0,1,0,0,0,1,1,1,1,1,0,1,1,0,0,0,1,0,1,0,0,0,0,1,1,0,0,0,0,1,0,1,1,0,1,0,1,0,1,0,1,0,1,1,1,0,0,1,0,1,1,0,1,0,0,1
1,0,0,0,0,1,1,1,1,1,0,1,0,0,0,0,0,0,1,1,0,1,1,0,0,1,1,1,0,1,0,1,0,1,0,0,0,1,0,1,0,0,0,1,1,0,1,0,1,1,0,1,1,0,1,1,0,0,0,1,1,1,0,1,1,1,0,0,1,1,0,0,1,1,1,1,1,1,1,1,0,1,1,0,0,1,1,0,1,0,0,1,1,0,1,1,1,1,1,0,1
1,0,1,0,1,0,1,0,1,1,0,0,1,1,1,0,0,0,0,1,0,1,1,1,0,0,1,0,0,0,0,1,1,1,1,0,1,1,1,0,1,1,0,1,1,0,0,1,0,0,1,1,0,1,1,1,1,0,0,0,1,0,1,1,1,0,0,1,1,0,1,1,0,1,1,1,0,1,1,1,1,1,0,1,0,0,0,1,0,0,1,0,1,1,1,1,1,0,1,0,1
1,1,1,0,1,1,0,0,1,1,0,1,0,0,1,1,0,0,0,1,1,1,1,0,0,0,1,0,0,1,1,0,1,0,0,0,1,1,1,1,1,0,0,1,1,1,0,1,1,0,0,1,1,0,1,0,0,0,1,0,1,1,1,0,1,0,0,1,0,0,0,0,1,0,0,1,1,0,0,1,0,0,1,0,0,1,0,1,0,0,0,1,0,1,0,0,0,1,1,0,1
0,1,0,1,0,1,0,0,1,0,1,0,1,1,1,1,0,0,0,0,1,1,0,1,1,1,0,1,1,1,0,0,1,0,0,0,1,0,0,1,1,1,0,0,1,1,0,1,1,1,0,0,0,1,1,0,1,1,1,0,0,1,1,1,0,1,1,0,0,1,1,1,0,0,1,1,1,1,1,0,0,0,1,0,0,0,0,0,1,1,0,0,1,1,0,1,1,0,1,0,0
0,1,0,1,0,0,1,0,0,1,0,1,1,1,0,1,0,0,1,1,0,1,0,1,0,1,0,0,1,1,0,1,1,0,1,1,0,0,1,0,1,0,0,1,0,1,0,1,1,0,1,1,1,0,0,1,1,1,0,1,1,1,0,0,0,0,1,1,1,0,1,0,1,0,1,1,0,0,1,1,1,1,0,0,1,1,0,0,1,1,0,0,0,0,1,0,1,0,1,0,1
0,1,1,1,0,0,1,1,0,0,1,1,0,0,1,1,1,1,1,0,1,1,0,1,0,0,1,1,1,1,0,1,1,1,0,0,1,1,1,1,1,0,0,1,1,1,0,0,1,1,1,0,1,1,1,1,0,1,0,1,0,1,0,1,0,1,1,1,1,0,0,0,1,0,1,0,0,0,1,1,0,1,1,1,0,0,0,1,0,0,0,0,0,0,0,0,1,0,1,1,0
1,1,0,0,0,1,0,1,1,1,0,0,1,1,1,0,1,0,1,1,1,0,0,1,0,0,0,1,0,1,0,1,0,0,0,0,0,0,0,1,0,1,0,0,0,1,1,0,0,1,0,0,0,1,0,0,0,1,1,0,0,0,1,0,1,0,1,1,0,1,0,0,0,1,0,1,1,1,1,1,0,0,1,0,1,1,0,1,0,1,0,0,0,1,0,1,1,1,0,0,0
1,1,1,0,1,0,1,1,1,0,0,0,1,1,0,1,0,1,1,0,1,1,0,0,1,1,0,0,1,1,1,0,0,1,0,0,0,1,0,1,1,1,0,1,0,0,0,0,1,0,0,0,1,1,1,1,1,1,1,1,1,0,1,1,1,1,0,1,1,1,0,0,0,1,0,0,0,0,1,1,0,1,1,1,0,1,1,1,0,0,0,1,1,1,1,1,0,1,0,1,1
0,1,0,1,1,1,0,0,0,0,1,1,1,1,1,1,0,1,0,0,1,0,0,0,0,1,0,1,0,1,1,1,0,1,1,0,0,1,1,0,1,0,0,0,0,1,0,1,1,0,0,1,0,1,1,0,1,1,1,1,0,1,0,1,1,1,1,0,0,0,0,0,0,1,0,1,0,0,0,0,0,0,0,1,0,0,1,1,0,0,0,0,0,1,1,0,1,1,0,1,1
1,1,0,1,0,0,0,1,1,1,0,1,0,1,1,0,1,1,0,0,1,1,1,1,0,0,1,1,1,1,1,1,0,1,0,0,0,1,0,0,0,1,0,0,1,0,0,0,0,0,0,1,0,0,1,0,0,1,1,0,0,0,1,0,1,0,0,1,1,1,0,1,0,0,0,1,1,0,0,0,1,1,0,1,0,1,1,1,1,0,0,1,1,1,1,0,1,0,0,1,0
1,0,0,0,0,0,1,0,1,0,1,1,1,0,0,0,1,0,1,0,0,0,0,1,0,1,1,0,1,0,1,1,0,0,0,0,0,0,0,0,1,0,0,0,1,0,1,1,0,1,0,0,1,1,0,1,0,0,1,0,0,1,0,0,1,0,1,0,1,0,1,1,0,0,1,1,1,1,1,0,1,1,0,0,1,0,1,0,1,0,1,1,0,0,0,0,1,1,1,1,0
1,0,1,0,1,1,0,1,1,0,1,0,0,0,1,0,1,0,1,1,0,1,1,0,0,0,1,0,0,1,1,0,1,1,1,1,1,1,1,0,0,0,0,0,0,1,0,1,1,0,1,0,0,1,1,1,0,0,1,1,0,1,1,1,0,1,0,0,1,0,0,0,0,0,0,1,1,1,1,1,1,1,0,1,1,0,1,1,1,0,0,0,0,1,0,0,1,0,1,0,1
0,0,1,1,1,1,1,0,1,0,1,1,1,1,1,1,1,0,0,0,1,1,1,0,0,0,0,1,0,0,1,0,0,0,0,1,0,0,1,0,1,0,1,1,1,0,0,1,0,1,1,1,0,1,1,0,1,0,0,1,0,0,0,0,0,0,1,1,0,0,1,0,0,1,0,0,0,1,1,0,1,1,0,1,0,1,1,1,1,1,0,0,1,1,0,0,1,1,0,0,0
0,1,0,1,1,1,0,0,1,0,0,0,1,0,1,0,1,1,1,1,1,0,0,0,1,0,1,1,1,0,0,0,1,1,0,1,1,1,1,0,1,0,0,0,0,1,0,1,0,1,0,1,1,1,1,0,0,1,1,1,0,1,1,0,0,1,1,0,0,0,0,0,0,0,0,1,1,0,0,0,0,1,1,0,0,0,0,0,0,1,1,0,0,0,1,0,0,1,0,0,1
1,1,1,0,1,1,0,1,0,0,1,1,1,1,1,0,1,0,0,0,0,1,1,0,0,1,0,0,1,0,0,1,0,0,1,0,0,1,0,0,1,0,0,0,0,1,1,1,0,0,1,0,0,0,1,0,1,1,1,0,0,0,1,0,1,1,1,1,0,1,1,0,0,0,1,1,0,1,1,0,0,0,0,1,1,0,0,0,0,0,0,1,1,1,1,1,1,1,1,1,1
0,0,0,0,0,0,1,1,1,0,1,1,1,0,0,1,0,1,1,1,1,0,0,0,1,1,0,0,0,0,0,1,1,1,0,0,1,1,1,0,0,0,0,1,0,1,1,1,1,1,0,1,1,0,1,1,0,0,0,0,1,1,1,1,1,1,1,1,1,0,1,1,0,1,0,1,1,1,0,0,1,0,0,0,1,0,0,1,1,1,0,0,0,0,1,0,0,0,1,1,1
1,0,0,0,0,1,0,0,0,1,0,1,0,1,1,1,0,0,1,0,1,1,1,1,0,1,0,1,1,1,1,1,1,0,1,1,1,0,1,1,0,1,0,0,1,0,0,1,1,1,1,1,1,1,1,0,1,0,0,1,1,0,1,0,1,0,0,0,1,1,0,0,0,0,1,0,1,1,1,1,0,1,1,0,1,1,1,0,1,1,0,0,1,1,1,0,1,0,1,1,1
1,1,1,1,1,0,0,1,1,0,0,1,0,0,1,1,1,0,1,0,0,0,1,1,0,0,0,0,0,1,1,0,0,1,1,0,0,1,0,0,0,1,1,0,1,1,0,1,0,0,1,0,1,1,1,1,0,0,1,0,0,0,1,0,1,1,0,0,0,1,0,0,1,0,0,1,1,1,1,0,0,1,1,1,1,1,1,0,1,1,1,1,0,1,0,1,1,0,0,1,0
0,0,1,0,1,1,0,1,0,0,0,1,1,1,1,1,0,1,1,0,1,1,1,1,0,0,1,1,1,0,1,1,1,1,1,0,0,1,0,1,1,1,1,0,0,1,1,1,1,0,1,1,1,1,1,0,1,0,0,0,0,0,0,0,0,0,0,1,1,1,1,1,0,0,0,1,0,1,1,1,0,0,1,1,1,1,0,1,0,1,1,0,0,1,0,0,0,1,0,1,1
0,1,0,1,1,0,1,0,0,0,1,0,1,0,1,1,0,1,1,0,0,1,0,0,1,0,0,1,1,0,1,1,1,0,1,0,1,0,0,0,0,0,1,1,1,0,0,0,0,1,1,0,0,0,1,1,1,0,1,1,0,0,1,1,1,0,1,0,1,1,1,1,1,1,0,1,0,0,1,1,0,1,1,0,0,0,1,0,1,1,1,0,0,0,0,0,1,0,1,0,0
1,1,0,1,0,1,0,1,0,0,1,0,1,1,0,0,0,0,1,0,0,0,0,0,0,0,0,0,1,0,1,1,0,0,1,0,1,0,1,1,0,1,1,1,1,0,0,0,0,0,1,0,1,1,0,1,0,1,0,1,1,0,0,1,1,0,0,1,1,0,1,0,1,0,1,1,0,1,1,1,0,1,1,1,1,1,1,1,0,1,1,0,0,0,1,1,1,0,1,1,0
0,0,1,1,0,1,0,1,0,0,1,0,1,1,0,0,1,1,0,1,1,1,1,1,0,1,0,0,0,0,1,0,1,0,1,0,0,0,0,0,1,1,0,0,1,1,1,0,0,1,1,1,1,0,0,0,1,0,0,0,0,1,1,0,1,0,0,0,0,0,1,1,1,0,0,1,0,0,1,1,0,1,0,0,0,1,1,0,0,0,0,0,1,1,0,0,0,1,1,0,1
0,1,1,1,1,1,0,0,1,1,0,0,0,0,1,1,0,1,1,1,0,1,0,1,0,0,0,0,1,0,0,1,1,0,1,1,0,0,1,1,0,0,1,0,0,0,1,1,0,0,1,0,1,0,1,1,0,1,0,0,0,1,0,0,1,0,0,0,0,0,0,1,1,0,1,0,1,1,1,0,0,1,1,0,0,0,0,0,1,0,1,1,0,1,0,1,1,1,1,0,1
1,1,0,1,1,1,0,0,1,1,0,1,0,0,0,0,0,0,0,1,0,1,0,0,1,0,1,1,0,0,1,0,0,1,0,0,0,0,1,0,1,0,0,0,0,1,0,0,1,0,0,1,0,1,0,1,0,0,0,0,1,0,1,1,0,0,1,1,1,0,0,1,1,1,1,1,1,1,1,1,0,0,0,1,0,0,1,1,1,1,1,0,0,0,1,1,0,0,1,0,1
1,1,0,0,1,1,1,1,0,1,1,0,0,1,1,1,0,1,1,1,0,0,1,0,0,1,1,0,0,0,0,1,1,1,0,0,1,1,0,0,0,1,1,0,0,0,0,0,0,0,0,1,0,0,0,0,0,0,1,1,1,1,0,1,1,1,1,1,0,0,1,0,1,1,1,1,1,0,1,0,1,0,1,1,0,0,1,0,1,0,1,1,0,0,0,1,0,1,0,0,1
1,0,1,1,0,1,1,1,1,1,0,1,0,1,1,1,1,1,0,1,0,1,1,1,1,1,0,1,1,0,0,0,1,1,1,0,0,0,1,0,0,1,1,1,0,1,0,0,1,0,1,0,0,1,1,1,0,1,1,0,0,0,1,1,0,1,0,1,0,1,0,0,1,1,1,1,1,1,1,0,1,1,1,0,0,1,0,1,0,0,1,1,0,0,1,1,1,0,0,0,1
1,1,0,0,0,0,0,1,0,1,1,0,0,1,0,0,1,0,1,1,1,1,1,1,0,1,1,0,0,1,0,1,1,1,0,1,1,0,0,0,0,1,1,0,1,1,1,1,0,1,1,1,1,0,0,0,0,1,1,0,1,0,1,0,0,1,1,0,0,0,1,0,1,1,1,1,1,1,0,1,0,1,0,0,0,1,1,0,0,1,1,0,0,1,0,1,0,0,0,1,1
1,1,1,0,0,0,1,0,1,0,1,0,1,1,0,1,0,1,0,0,1,0,1,0,1,1,0,1,0,1,0,1,0,1,0,1,1,1,1,1,0,1,0,1,1,1,1,1,1,1,0,0,1,0,1,1,0,1,0,1,0,0,1,1,0,1,0,0,1,1,0,1,0,0,0,1,0,1,1,1,0,1,1,1,0,0,0,0,0,0,0,0,1,1,1,0,1,0,0,1,1
1,0,1,1,0,0,0,1,1,1,1,1,0,0,0,1,1,0,1,1,1,1,1,1,0,0,1,0,1,1,1,0,0,0,0,1,1,1,0,1,1,1,1,1,1,1,0,0,1,0,0,0,0,0,0,1,1,0,0,0,0,0,0,0,1,1,1,1,1,1,1,0,0,0,1,0,1,0,1,0,1,0,1,0,1,0,1,1,0,1,0,0,0,0,1,0,0,0,1,1,0
0,1,0,1,0,1,0,1,0,1,1,1,0,1,1,0,0,0,0,0,0,0,0,1,0,0,1,1,1,0,1,1,0,1,0,1,1,1,1,1,0,0,0,0,1,1,0,1,0,1,0,0,0,1,0,1,0,1,0,1,1,0,1,1,0,1,1,0,1,1,0,1,0,0,1,1,0,1,1,1,0,1,0,1,0,0,1,1,0,1,0,0,0,1,0,0,0,1,1,1,0
0,1,1,1,0,0,1,0,0,1,1,0,1,0,0,1,1,0,1,0,0,0,1,0,0,1,1,1,0,1,1,0,0,0,1,1,0,1,0,1,0,0,1,0,1,0,0,1,1,0,1,0,1,0,1,0,1,0,1,0,0,1,0,1,0,0,0,0,1,1,1,0,0,1,1,1,0,0,0,0,1,0,1,1,0,0,0,0,1,0,0,0,1,1,0,0,1,0,0,0,0
0,1,0,0,1,0,1,1,0,1,1,1,1,1,0,1,0,0,0,0,1,1,1,1,1,1,0,0,0,1,1,1,1,1,1,1,0,1,1,1,0,0,1,1,0,1,1,1,1,0,0,0,1,0,0,0,0,0,1,0,0,1,0,0,1,0,1,0,1,1,1,0,1,1,0,1,1,0,0,1,1,1,1,0,0,0,1,0,1,0,1,0,0,1,0,0,1,0,0,1,1
0,1,0,0,1,1,1,1,1,0,1,0,0,1,1,1,1,0,1,1,1,0,0,1,0,1,1,1,0,1,1,1,1,1,1,0,1,1,1,0,0,0,0,0,0,0,1,1,0,0,1,0,1,1,1,0,0,0,1,0,0,0,0,0,1,1,1,1,0,1,0,0,1,1,0,0,0,0,0,1,1,0,0,1,0,1,1,1,0,0,1,1,1,1,0,0,0,1,1,0,1
0,1,1,1,0,0,0,1,1,1,0,1,1,1,0,0,0,1,0,0,0,0,0,0,0,0,0,1,1,0,1,0,1,0,0,0,1,1,0,1,1,0,1,1,0,0,1,1,0,1,0,1,0,0,0,0,1,0,1,1,0,0,0,1,0,1,1,1,0,1,1,0,0,0,1,1,0,1,1,1,1,0,1,0,1,1,0,1,0,0,1,0,0,0,1,0,1,1,1,1,1
1,1,1,0,1,0,1,0,1,0,0,1,0,0,0,1,0,0,0,0,0,1,0,0,1,1,1,1,1,0,0,1,0,0,1,1,0,1,0,1,1,0,0,0,0,0,1,1,1,1,1,1,0,0,0,1,0,1,0,0,1,0,0,0,1,0,1,0,0,1,0,0,1,1,1,1,0,1,0,0,0,0,1,1,1,0,1,1,0,0,1,1,1,1,1,1,0,0,1,0,1
1,1,1,0,0,1,1,1,1,1,1,0,1,0,1,1,0,1,0,1,0,0,1,1,1,1,1,1,0,1,0,1,0,1,0,0,1,0,1,1,1,0,1,1,0,0,1,1,0,1,0,1,1,1,0,0,0,0,0,0,1,0,0,1,0,1,0,0,0,0,1,1,1,0,0,0,0,0,1,1,1,1,0,0,1,0,1,0,1,1,1,1,0,0,0,1,1,0,1,0,1
1,1,0,1,1,1,0,0,0,1,0,1,1,1,0,1,0,1,0,1,1,1,1,1,0,0,1,1,0,0,1,1,0,1,1,0,0,0,0,0,0,1,1,0,0,0,1,0,0,1,0,1,0,0,1,1,0,1,0,1,0,0,0,0,1,1,1,1,0,1,0,0,0,0,1,0,1,1,1,1,0,0,0,0,0,1,0,1,0,0,0,1,1,0,0,1,1,1,1,0,1
1,1,1,0,0,1,0,1,1,0,1,1,0,0,0,0,1,0,1,0,0,1,1,0,1,0,0,1,1,1,0,0,1,1,1,1,0,1,1,0,1,1,0,0,1,1,0,0,0,1,1,0,1,0,1,1,1,1,1,1,1,0,0,0,0,1,0,0,0,0,0,1,0,1,0,1,0,0,0,1,1,0,0,0,1,0,1,0,1,1,0,0,1,0,1,1,1,1,0,1,1
0,0,0,1,0,0,1,1,1,1,1,0,0,0,0,1,0,1,1,0,1,0,1,0,1,1,1,0,1,1,1,1,1,0,1,1,1,1,1,1,1,0,0,1,1,1,1,0,0,1,1,0,1,1,1,0,0,0,0,1,1,1,0,1,1,1,0,0,0,1,1,0,0,0,1,0,1,0,0,0,1,0,0,1,1,1,0,1,1,0,1,1,1,1,1,1,1,1,0,1,1
1,1,1,1,0,0,0,0,1,1,0,1,0,1,0,0,0,1,1,0,1,0,1,1,0,0,0,0,0,1,1,0,0,1,1,1,0,0,0,0,1,1,1,0,1,0,1,0,1,0,0,1,0,1,1,1,1,1,1,0,0,1,1,0,0,0,0,1,0,0,0,0,1,1,1,1,1,1,1,0,1,1,1,0,0,0,0,0,1,1,1,0,0,1,1,0,1,0,1,0,1
1,1,0,1,0,1,0,1,0,1,0,1,0,1,0,0,1,0,1,1,1,0,0,1,0,0,1,1,0,1,1,1,1,1,1,0,1,0,1,0,0,1,0,1,0,1,0,0,0,1,1,0,1,1,1,1,0,1,0,1,0,1,1,0,0,1,1,0,0,1,1,0,0,1,1,1,1,1,1,1,0,1,1,0,0,1,0,1,1,0,1,0,1,1,1,0,0,1,0,0,0
1,1,0,1,1,0,1,0,1,1,1,0,1,0,0,0,1,0,0,1,0,0,1,0,0,0,0,0,0,0,1,0,0,1,0,0,0,0,1,1,0,0,0,0,1,1,1,1,1,0,1,1,1,1,0,1,0,0,0,1,1,1,0,1,1,0,0,1,1,0,0,1,1,0,0,0,1,0,1,0,0,0,0,0,1,1,0,0,0,1,1,0,0,1,0,0,0,1,1,0,1
1,0,0,0,1,0,0,0,0,0,1,0,1,0,0,1,0,0,1,1,0,0,1,0,0,0,1,0,0,0,0,0,0,1,1,1,1,0,0,0,1,1,1,1,0,1,1,1,1,0,0,1,0,0,0,0,0,1,0,0,1,0,0,1,0,1,0,1,1,1,1,0,1,0,0,0,0,1,0,0,0,0,0,0,0,1,0,0,1,1,1,0,1,0,1,1,0,1,1,1,1
0,1,0,0,0,0,1,0,0,1,0,0,1,0,0,0,0,0,1,0,0,1,0,0,0,0,0,0,0,1,0,0,1,0,0,0,1,0,1,1,0,0,0,0,1,1,0,1,1,0,0,1,0,1,1,1,1,1,0,1,1,1,0,1,0,1,0,0,1,1,0,1,0,1,1,0,1,1,0,1,0,1,1,1,0,1,0,1,0,0,1,1,1,1,1,0,0,1,1,1,0
1,1,0,0,0,1,1,1,0,1,0,1,1,0,1,0,1,1,0,0,1,0,1,0,0,0,0,0,0,0,1,0,1,1,1,1,1,1,1,0,0,0,0,0,0,0,1,0,0,1,1,1,1,0,1,1,0,0,0,0,1,1,1,0,1,1,0,1,0,0,0,0,0,0,1,1,0,0,1,1,1,1,0,0,0,1,1,0,1,0,0,1,1,0,1,1,1,0,0,0,1
0,1,1,0,0,0,1,1,0,1,0,1,1,0,0,1,1,1,1,0,1,0,1,1,0,0,0,1,0,1,1,1,0,0,0,1,0,1,1,0,0,1,0,0,1,1,1,0,0,1,0,0,0,1,0,1,1,0,0,1,0,0,1,1,1,1,1,1,1,0,1,1,1,0,1,0,0,0,1,1,0,0,0,0,0,0,1,1,1,0,0,1,1,0,1,0,1,0,1,0,1
0,0,1,1,1,0,0,1,1,1,1,0,0,1,1,1,1,1,0,0,1,0,1,1,1,0,1,0,0,1,0,0,1,0,0,0,0,1,1,0,0,0,1,1,1,1,0,0,0,0,0,1,0,1,1,0,1,1,1,1,0,1,0,1,1,0,0,1,1,0,0,0,1,1,0,0,1,1,0,1,1,0,1,1,0,1,1,1,0,1,0,1,0,0,0,0,0,0,0,1,0
0,1,1,0,0,1,1,1,0,0,1,0,1,1,0,1,1,0,0,1,1,0,0,1,1,1,1,0,1,0,1,1,1,1,0,0,0,1,1,1,1,0,1,0,1,1,0,0,1,1,1,0,0,1,1,0,1,1,0,1,0,1,0,1,1,0,0,0,0,0,1,1,0,0,0,1,1,0,0,0,1,0,0,1,1,1,0,0,0,1,1,1,1,1,0,1,1,1,0,0,1
1,1,0,1,1,1,1,0,0,0,0,1,0,1,0,1,1,1,1,0,0,0,0,0,1,1,0,0,1,1,1,1,0,0,0,0,1,1,0,1,1,1,0,1,0,0,1,0,1,0,1,0,0,0,0,1,0,0,0,1,0,1,0,0,1,1,0,1,0,0,0,0,0,1,1,0,0,0,0,1,0,1,0,0,1,0,1,1,0,1,1,1,1,0,1,0,0,1,0,0,1
1,1,0,0,0,1,1,1,0,1,1,0,1,0,1,1,0,1,0,0,1,0,1,1,1,0,0,0,0,0,1,0,1,1,1,1,0,0,1,1,1,0,0,0,1,0,1,1,0,1,0,1,0,0,1,1,1,1,1,0,1,0,1,1,1,0,0,0,0,0,1,1,0,0,1,0,1,1,0,1,1,1,0,0,0,1,1,1,0,1,1,0,0,0,0,0,1,0,1,0,1
1,1,0,0,0,0,1,1,0,0,1,1,0,0,1,0,1,1,1,1,1,0,0,1,1,1,1,0,0,1,0,1,1,0,1,0,0,1,1,0,0,1,0,0,0,0,0,1,0,0,1,1,1,1,0,1,1,1,0,1,1,1,0,1,1,1,1,1,1,1,1,1,1,0,1,0,1,0,1,1,0,0,0,1,1,0,1,0,1,1,1,1,0,1,0,1,0,0,0,1,1
0,1,1,1,1,0,0,1,0,0,1,1,0,0,1,0,1,0,0,0,1,0,1,1,0,0,0,1,1,1,1,1,1,1,0,1,0,1,0,1,1,1,0,1,1,0,1,1,0,1,1,1,0,1,1,0,1,0,1,0,1,0,1,0,0,1,1,1,1,1,0,0,1,1,1,0,0,1,0,0,1,0,1,0,1,0,1,1,0,1,1,0,1,1,1,1,0,1,1,1,1
0,0,1,1,0,0,0,1,1,0,0,0,0,1,0,0,1,1,1,1,1,0,0,1,0,0,0,0,1,1,0,0,0,1,0,0,1,0,0,1,0,0,0,0,1,1,1,1,1,1,0,0,0,1,0,1,1,1,1,0,0,1,1,0,0,0,1,0,0,1,1,1,1,0,1,1,1,1,1,1,0,0,0,0,0,1,1,0,1,0,0,0,0,0,1,1,1,1,1,0,0
0,0,0,0,1,1,1,0,0,1,1,0,0,1,0,1,1,0,1,1,1,1,1,1,0,0,1,0,1,0,0,1,1,1,1,1,1,0,1,1,0,0,0,0,0,0,0,0,0,1,1,0,1,0,1,1,1,1,0,0,1,1,1,0,0,1,1,0,0,1,0,1,1,0,1,1,1,0,1,0,1,0,0,1,1,0,1,1,1,0,0,1,0,1,0,1,1,1,0,0,0
0,1,1,1,1,1,0,0,0,0,0,1,1,0,1,1,1,1,0,1,1,1,1,0,0,0,1,0,1,1,1,0,1,1,1,0,0,0,0,1,0,1,1,1,1,0,1,0,0,0,1,1,1,1,0,1,1,0,1,0,0,0,0,1,0,0,0,0,0,0,0,1,1,0,0,0,0,0,1,0,1,1,1,1,0,1,1,0,1,0,0,0,0,0,1,0,0,0,1,1,1
0,1,1,1,1,0,1,1,1,1,0,1,1,1,0,0,0,1,0,1,1,1,0,1,1,1,1,0,0,0,0,1,1,0,1,1,0,1,0,1,0,0,0,0,1,0,1,0,1,0,1,0,0,0,1,1,1,1,1,1,0,0,1,1,1,0,0,0,1,1,0,1,0,1,1,0,0,0,1,0,1,0,1,1,0,1,0,1,1,0,1,0,1,1,1,0,1,0,0,1,1
0,1,0,1,1,1,0,1,0,1,0,1,0,1,1,1,0,0,0,1,1,1,0,0,1,0,1,0,0,1,0,1,0,1,0,0,0,0,0,1,0,0,0,0,0,0,1,1,1,1,1,0,0,0,1,0,0,0,1,0,0,1,0,0,0,1,0,1,1,1,1,0,1,1,0,1,0,0,1,1,1,0,1,0,1,0,0,1,0,0,0,0,1,1,1,0,1,0,0,1,1
1,1,1,0,1,0,0,0,0,1,0,0,1,1,0,0,0,1,0,1,1,1,1,0,0,0,1,0,0,1,0,0,0,0,0,1,1,1,1,1,0,0,0,0,1,0,0,0,0,0,0,1,1,1,1,1,0,0,0,1,1,0,0,0,1,0,1,0,0,1,0,0,0,0,0,0,0,1,0,1,0,1,0,0,1,1,1,0,1,1,0,1,0,0,1,1,1,1,0,1,1
0,0,1,1,0,0,1,0,1,0,0,0,0,1,0,0,0,0,1,1,1,1,0,1,0,0,1,1,1,1,1,1,0,1,1,1,1,1,1,0,0,0,0,0,1,0,1,1,0,0,0,0,0,0,1,0,1,1,1,0,1,0,0,1,1,1,0,1,0,1,1,1,0,0,1,0,1,1,0,1,0,1,0,0,1,0,0,0,1,0,0,0,0,1,1,0,1,0,0,0,0
1,0,0,1,0,0,1,1,1,0,0,0,1,1,1,0,1,1,1,0,0,1,0,0,1,0,0,0,0,1,0,0,0,1,0,0,0,1,0,1,1,0,0,1,1,0,1,0,1,0,0,1,0,0,1,0,0,0,0,0,1,1,0,0,1,0,1,0,1,1,1,1,1,0,0,0,0,0,0,1,1,0,1,1,0,1,1,0,0,0,1,0,1,1,1,1,1,0,0,0,0
0,0,0,1,1,1,0,1,1,1,0,0,1,0,1,1,1,0,1,0,1,0,0,1,0,0,0,0,0,1,1,1,0,0,0,1,1,1,0,0,1,1,0,1,0,0,1,1,0,1,0,1,1,0,1,0,1,1,1,0,1,0,1,0,1,0,0,1,0,1,0,0,1,0,1,1,0,0,0,0,0,1,1,1,0,0,1,0,0,1,1,1,0,1,1,1,1,1,1,1,0
0,1,1,1,0,1,0,0,1,1,1,1,0,1,0,0,1,0,0,1,0,0,1,0,0,0,0,0,0,0,1,1,1,1,0,0,1,0,1,1,0,0,1,0,1,1,0,0,1,0,0,1,1,1,1,0,1,0,1,0,1,0,0,1,1,0,0,0,1,1,1,0,0,1,0,0,0,0,1,0,0,1,1,1,1,1,0,0,1,0,0,1,1,1,1,1,1,0,1,0,0
1,1,1,0,0,0,1,0,0,0,0,0,0,1,0,0,0,1,1,1,0,1,0,0,1,1,0,0,1,0,0,1,1,0,1,0,1,1,0,1,1,0,0,0,0,0,1,1,1,0,0,0,1,1,1,0,0,1,0,0,1,1,0,0,1,1,0,1,0,1,0,1,1,0,0,1,0,0,1,0,0,0,0,0,0,1,0,1,1,0,1,1,0,1,0,1,1,1,0,1,1
1,0,1,0,1,0,0,1,1,0,1,1,1,0,1,1,1,0,0,1,1,0,0,0,1,0,0,1,1,1,0,1,1,1,1,1,0,1,0,0,0,1,1,1,1,0,0,0,0,1,1,0,1,0,1,0,0,1,1,0,0,0,0,1,0,1,1,0,1,0,0,0,0,0,1,0,0,0,1,0,1,1,0,0,1,1,0,0,1,0,0,1,0,0,0,1,1,1,1,1,1
0,0,1,0,1,1,0,0,1,0,0,1,1,0,0,1,0,0,0,0,0,0,1,1,0,0,0,0,0,0,1,0,0,0,0,0,0,1,1,0,0,0,0,1,1,1,1,1,1,1,0,0,1,0,1,1,0,1,0,1,1,0,1,0,1,0,1,1,1,0,1,0,0,0,1,0,1,0,0,0,0,1,0,1,0,0,0,0,1,0,1,0,0,0,1,1,0,0,1,1,1
1,0,1,1,0,1,0,0,1,0,1,0,1,0,0,0,0,0,1,1,1,0,1,0,0,0,1,1,1,1,0,0,1,0,0,0,0,0,0,1,1,1,1,0,0,1,1,1,1,1,1,1,1,1,0,1,0,1,1,1,1,0,1,1,0,0,0,0,0,1,0,1,1,1,0,0,0,1,0,0,0,0,1,1,0,1,1,0,1,0,0,0,0,1,0,1,1,1,1,0,0
0,0,0,1,0,0,1,0,1,1,0,1,1,0,0,0,1,1,0,1,0,1,1,1,0,0,1,0,0,1,1,1,0,1,0,1,0,0,0,1,1,1,1,1,1,1,1,0,0,1,0,1,0,1,1,0,0,0,1,0,0,0,1,0,0,0,1,0,0,0,1,1,1,0,0,1,1,0,1,1,0,1,0,1,1,0,0,0,1,0,0,1,1,0,1,0,1,0,0,1,0
1,0,0,1,0,1,1,1,1,1,0,0,0,1,1,0,1,1,0,1,1,1,1,0,1,1,1,1,0,1,1,1,0,1,1,1,1,1,0,0,1,0,1,0,1,0,0,1,0,1,1,0,0,1,0,1,0,0,1,1,1,1,1,1,1,1,0,1,1,1,0,0,0,0,1,1,0,0,0,1,1,1,0,0,0,0,1,1,1,0,0,0,0,1,0,0,1,1,0,1,1
0,1,0,0,0,1,0,0,0,1,1,1,0,1,1,0,1,0,0,1,0,0,1,1,1,0,0,1,0,0,0,0,1,0,0,1,1,0,0,1,1,1,0,0,0,1,1,0,0,1,1,0,1,1,1,0,0,1,0,0,0,1,0,1,1,1,1,1,1,0,1,1,0,1,0,0,0,0,0,0,1,0,1,1,1,1,1,0,0,1,1,0,1,0,0,1,0,1,1,1,0
0,1,0,1,1,0,0,0,0,0,1,0,0,1,1,1,1,0,0,1,0,1,0,1,0,1,0,0,0,0,0,1,0,1,0,0,0,0,1,1,0,0,0,1,1,1,1,1,1,0,1,1,1,0,0,0,0,1,1,1,0,0,1,1,1,0,0,1,1,0,0,1,0,1,1,0,0,1,0,0,1,0,1,1,1,0,0,1,0,0,0,1,0,1,1,0,0,1,1,1,0
0,0,1,0,0,1,0,0,1,1,0,1,1,0,0,1,1,0,0,0,1,0,1,0,0,1,0,1,1,0,0,1,1,1,1,1,0,0,0,1,0,0,1,1,1,0,1,0,1,1,1,0,1,1,1,1,0,1,1,0,0,1,0,1,1,1,0,1,1,1,1,0,1,0,0,1,1,1,0,0,1,0,0,1,1,1,0,1,1,0,0,0,1,0,1,0,0,1,1,1,1
1,1,1,0,1,1,0,0,0,1,1,0,0,1,0,1,1,1,1,0,1,0,1,1,0,0,1,0,0,1,1,0,0,1,1,0,1,0,0,1,0,0,1,0,0,1,1,1,1,1,0,0,1,1,0,0,1,1,1,0,0,0,1,1,0,0,1,0,1,1,1,1,1,0,1,0,1,0,0,1,1,0,1,1,0,1,0,0,0,1,1,1,1,0,1,0,0,1,0,1,1
0,0,1,1,0,0,0,0,1,1,1,1,1,1,1,0,1,0,0,1,1,0,0,0,1,1,0,0,0,0,0,1,0,0,0,1,0,1,0,0,1,0,0,0,0,1,1,1,0,0,1,0,1,1,1,0,1,0,0,0,1,0,1,0,0,1,1,1,0,0,0,0,0,1,1,0,1,0,0,0,1,1,0,1,1,0,1,0,1,0,0,0,1,1,1,1,0,0,0,1,1
0,1,0,1,0,0,1,0,1,0,1,0,1,1,0,1,0,1,1,0,0,1,0,0,1,0,0,1,0,1,0,0,1,1,1,0,0,1,1,0,1,1,1,0,1,0,0,1,1,1,0,0,1,1,0,0,0,0,0,1,0,0,1,1,1,1,0,0,1,1,0,0,1,0,1,1,0,1,0,0,1,0,0,0,0,0,0,0,1,1,1,1,1,0,1,1,1,0,0,1,1
1,1,0,0,1,0,1,0,1,0,0,0,0,1,0,0,0,1,1,1,1,1,0,0,1,1,0,1,1,0,0,1,1,0,1,1,0,1,1,0,0,0,1,0,1,1,1,1,0,0,1,0,0,0,0,1,0,0,0,0,0,0,0,0,0,1,1,1,0,0,1,0,0,0,0,1,0,1,0,0,0,0,1,1,0,1,1,1,1,0,0,1,0,0,0,0,1,0,0,0,1
1,1,1,0,1,0,0,1,1,1,1,1,1,0,0,1,0,0,0,1,1,1,0,0,0,0,0,1,0,0,1,1,0,0,1,0,1,1,1,1,1,1,0,0,1,1,0,0,0,0,1,0,0,1,0,1,1,1,1,0,1,1,1,0,1,1,1,1,1,0,0,0,1,1,1,1,0,1,1,0,1,1,1,1,1,1,0,0,0,1,0,1,1,1,0,1,0,0,1,1,1
0,0,1,0,1,1,0,0,0,0,1,0,1,0,1,1,1,1,0,1,1,1,1,0,1,1,0,0,0,0,1,0,0,1,1,0,1,0,0,1,0,0,0,1,1,1,1,0,0,1,1,1,1,0,1,0,1,1,1,1,0,1,0,1,1,0,0,0,0,0,0,0,1,0,1,1,0,0,0,0,0,0,1,1,1,0,1,0,0,0,0,0,0,0,0,1,1,1,1,0,1
0,1,0,0,1,1,0,1,1,1,1,0,1,0,1,1,1,1,0,1,1,1,1,0,1,1,1,0,1,0,0,0,0,0,1,1,0,1,0,0,1,1,0,1,1,0,1,1,0,0,0,0,0,0,0,0,1,0,0,1,1,1,1,1,0,1,1,0,1,1,0,0,0,1,0,0,1,0,0,1,0,0,1,0,1,0,0,0,1,1,0,1,0,0,0,0,0,0,1,1,1
1,1,1,1,0,0,0,0,0,1,0,0,1,0,1,1,1,0,1,1,0,0,1,0,1,1,1,1,0,1,1,0,1,1,0,1,0,0,0,0,0,1,0,0,1,0,1,0,0,0,0,0,1,0,1,0,0,0,0,0,1,1,0,0,0,0,0,1,0,1,1,1,1,0,1,0,1,0,1,0,0,1,1,1,1,0,1,0,1,1,0,1,0,1,0,0,1,1,1,1,1
0,0,1,1,1,0,0,0,1,1,0,1,1,0,1,0,1,0,0,1,0,1,1,1,0,0,1,0,1,0,1,0,0,1,0,0,0,1,0,1,1,1,0,0,0,0,0,1,1,1,1,0,0,0,0,1,0,1,1,1,1,0,0,1,1,0,0,1,1,0,1,1,1,0,1,0,0,1,1,1,0,1,1,0,1,0,0,1,0,0,1,0,1,1,0,1,1,0,0,1,1
0,1,0,0,0,0,1,0,1,1,0,1,1,1,1,0,0,1,1,0,1,0,0,1,1,1,1,1,1,1,0,1,1,1,0,1,1,0,0,0,0,1,0,0,1,0,0,0,1,0,1,0,1,1,1,0,0,1,1,1,1,1,0,0,1,1,1,1,1,0,0,1,0,1,1,0,0,0,0,1,1,1,1,1,1,1,1,0,1,0,0,1,0,1,1,0,1,1,1,0,0
1,0,1,1,1,1,1,1,1,1,0,1,1,0,1,1,1,1,0,1,1,0,0,0,0,0,1,0,1,0,0,1,1,0,0,0,1,0,1,1,0,0,0,1,0,1,1,0,0,0,1,1,0,0,0,0,1,0,1,0,0,1,0,1,0,1,1,0,0,1,0,0,1,0,1,0,1,1,1,0,0,1,0,0,1,1,0,1,0,0,1,1,0,1,0,1,1,1,1,1,0
1,1,0,0,1,0,0,0,0,0,0,0,1,1,1,1,1,0,0,1,0,0,0,1,0,1,1,0,0,1,1,0,1,0,1,0,1,0,1,1,0,0,1,1,0,0,0,0,0,1,0,1,1,0,0,1,1,0,1,0,0,1,1,0,0,1,0,1,0,1,0,1,1,0,0,0,1,1,1,0,0,1,0,0,1,1,1,1,1,0,0,1,0,0,1,0,0,1,1,0,1
1,1,1,1,1,1,1,0,1,0,0,0,1,1,0,0,0,1,1,1,0,1,0,0,0,1,1,1,1,1,1,0,1,0,1,0,1,0,1,1,1,0,1,0,1,1,1,1,1,0,1,0,0,1,1,1,1,0,1,0,0,1,1,1,0,1,0,0,0,0,0,0,0,1,0,0,1,0,0,1,0,0,1,1,0,0,0,0,1,1,1,0,0,1,0,0,1,0,1,0,1
0,1,1,0,0,1,1,0,0,1,1,1,1,1,1,1,0,0,1,0,1,0,0,0,1,0,0,1,1,1,1,0,1,1,1,1,0,1,1,0,0,1,0,1,0,1,0,1,0,0,0,1,1,1,0,1,1,1,1,1,1,0,1,0,0,0,0,0,1,0,1,1,0,1,1,1,0,0,1,0,0,0,0,1,1,1,1,0,0,1,1,0,0,0,1,0,0,0,1,1,1
1,1,1,0,1,1,0,0,0,0,0,1,0,1,0,1,1,1,0,1,0,1,0,1,1,1,0,1,1,0,0,0,0,1,1,1,1,0,1,1,1,1,1,1,1,0,0,0,0,1,0,1,1,0,0,0,0,0,0,1,0,1,0,0,0,1,0,0,0,0,1,0,1,0,0,1,0,1,1,1,0,0,0,0,0,0,1,1,0,1,1,1,1,0,1,1,1,0,1,1,1
1,1,0,1,1,1,1,1,0,1,0,0,1,1,1,0,0,1,0,0,0,0,1,1,0,1,0,1,0,1,1,1,1,1,0,1,0,1,1,1,1,0,1,0,0,0,0,0,0,1,0,1,0,0,0,1,1,0,1,0,1,0,0,0,1,1,0,0,0,0,1,1,1,1,0,0,0,0,0,1,1,0,1,0,0,1,1,1,0,1,0,1,0,1,1,0,0,1,1,0,1
1,0,1,0,1,1,0,0,0,1,0,1,0,1,1,0,0,0,0,1,1,1,0,1,1,0,1,0,1,0,0,1,0,1,1,0,0,0,0,1,0,0,1,1,0,0,1,1,0,1,0,1,1,0,0,1,1,1,0,1,1,1,0,0,0,1,1,0,0,0,1,0,0,1,1,1,1,0,0,1,0,1,0,0,1,0,1,1,1,1,1,1,0,0,1,1,1,0,1,1,1
0,1,1,1,0,0,1,0,0,0,1,1,0,1,1,1,1,0,0,1,0,1,1,0,0,0,1,0,1,1,1,0,1,0,1,0,1,0,0,0,0,1,0,1,1,0,1,0,1,1,0,1,0,0,0,0,1,0,0,0,0,1,1,1,1,0,0,1,0,0,0,1,0,0,1,1,1,1,0,0,0,0,1,0,0,0,1,0,1,1,1,1,1,0,1,0,1,0,0,1,0
1,0,1,1,0,0,0,1,0,1,1,1,0,0,1,0,1,0,1,0,0,0,0,0,0,0,0,1,1,0,0,1,1,1,0,1,0,1,0,1,0,1,1,0,1,1,1,1,0,0,1,0,1,1,1,0,0,1,1,0,0,0,1,0,0,1,0,0,0,1,0,1,1,0,0,0,1,1,1,0,1,1,0,1,1,0,1,1,1,0,1,1,0,1,0,1,0,0,1,1,1
0,0,1,1,0,1,0,0,0,1,0,1,0,0,0,0,0,1,1,1,1,0,1,1,0,1,1,1,0,1,0,0,0,1,0,1,0,1,1,0,0,0,0,0,0,1,1,0,0,0,1,1,1,1,1,0,1,0,0,0,1,1,1,0,1,1,1,1,0,0,1,0,1,0,1,0,1,1,0,0,1,1,0,1,0,1,1,0,0,0,0,1,0,0,1,0,0,0,0,1,1
0,1,1,0,0,0,1,0,1,0,1,0,0,0,1,1,0,0,0,1,0,0,0,0,1,0,1,1,0,1,1,1,1,1,0,0,1,0,1,1,0,1,1,1,1,0,0,0,1,0,1,1,1,1,1,0,0,1,1,1,0,0,0,1,0,1,0,0,0,0,1,0,0,0,0,0,1,1,1,0,1,1,0,1,1,0,0,0,1,1,1,1,1,1,0,1,0,0,1,0,0
0,1,1,0,1,0,0,1,0,1,0,1,1,1,1,0,0,0,0,0,1,0,1,0,1,1,1,1,1,0,1,0,1,0,1,0,0,0,1,0,0,0,0,1,0,1,0,0,1,0,1,1,1,0,1,1,1,0,1,0,1,1,0,1,0,0,1,1,1,0,1,1,0,0,1,1,1,1,0,1,1,1,0,1,1,1,0,0,1,1,0,1,0,1,1,1,1,0,0,0,1
1,0,0,1,0,1,0,1,0,0,1,1,0,1,1,0,0,0,1,1,1,0,1,0,0,0,0,1,1,0,0,0,0,1,1,0,1,1,1,0,1,1,0,0,0,1,0,0,0,1,0,0,0,1,0,1,0,1,1,0,0,1,0,1,0,0,0,0,0,0,0,1,0,0,1,0,1,0,1,1,1,0,0,1,1,0,0,1,0,0,1,0,0,1,0,1,0,1,1,1,0
1,0,1,0,0,1,0,1,1,1,0,1,1,1,1,0,1,1,0,0,1,1,0,1,1,1,1,0,1,1,1,1,1,1,0,1,0,1,0,0,0,0,1,0,0,0,0,0,0,0,0,1,0,0,1,1,0,1,0,1,1,1,1,1,0,1,1,1,1,1,0,1,1,1,1,0,1,1,1,1,1,0,0,1,0,0,0,1,1,0,1,0,0,1,1,0,0,1,0,1,1
1,0,1,1,1,1,0,1,0,0,1,0,0,1,1,1,0,1,0,0,1,0,0,0,0,0,1,1,1,0,0,1,0,1,0,1,0,1,1,1,1,1,1,1,0,0,0,1,1,1,1,0,1,1,0,1,0,0,0,0,0,0,1,0,1,1,1,1,0,1,0,1,0,1,0,0,1,1,0,1,1,1,0,1,0,0,1,1,1,0,0,1,0,1,0,0,1,1,0,1,1
0,1,1,1,0,1,1,0,0,0,1,0,0,1,1,0,0,0,1,1,0,1,0,1,1,1,0,0,1,1,1,0,0,1,1,0,0,0,0,0,0,1,1,1,0,0,1,1,1,1,1,0,1,1,0,1,0,1,1,0,0,1,0,1,0,0,1,1,0,1,0,1,1,0,0,0,0,0,1,1,0,0,0,1,0,1,1,1,0,0,0,1,1,0,1,0,0,0,0,0,1
1,1,0,1,1,1,0,1,0,1,0,0,0,0,0,1,1,0,0,1,0,1,0,1,0,0,1,1,0,0,0,0,0,1,1,0,1,0,1,0,0,0,0,0,0,1,1,0,0,0,1,0,0,0,0,0,1,1,1,0,1,1,1,0,0,0,0,0,0,0,1,1,0,1,1,1,0,1,0,0,0,1,0,1,1,0,1,0,0,1,1,0,0,0,1,0,0,1,1,1,1
1,1,1,1,1,1,1,1,0,0,0,0,1,1,1,0,1,0,1,1,0,1,1,1,0,1,1,1,1,1,0,1,0,0,0,0,1,0,0,1,0,0,0,1,0,0,1,0,0,0,1,1,0,1,1,0,0,0,0,0,0,0,0,1,1,0,1,1,1,0,0,0,0,1,1,0,1,1,1,0,1,0,1,1,1,1,1,1,0,0,1,0,1,1,1,0,1,1,0,1,0
1,1,1,0,1,0,0,1,0,1,1,1,0,1,0,0,0,0,1,0,1,0,0,0,0,1,0,1,0,0,1,1,0,1,0,0,1,0,1,1,1,1,0,1,1,1,1,0,0,0,1,0,0,0,0,0,1,0,1,0,0,0,0,1,1,0,0,1,1,0,0,1,0,0,0,0,0,0,0,0,0,0,0,0,1,1,0,0,0,1,0,0,0,1,1,1,1,0,1,0,1
1,1,0,0,0,1,0,1,1,1,1,1,0,0,1,0,0,0,1,0,0,0,0,0,1,1,1,1,1,0,0,1,1,0,0,0,1,1,0,1,1,0,1,1,1,1,0,1,1,1,0,0,0,0,0,0,1,0,0,0,1,0,1,1,0,0,0,1,0,0,0,1,1,1,1,0,1,1,0,1,1,0,1,0,1,1,0,0,1,1,1,1,1,1,1,1,1,0,1,1,0
1,0,1,0,0,0,1,0,0,0,1,0,1,1,1,1,1,1,0,1,1,0,0,0,0,0,1,0,1,0,0,1,0,1,1,1,1,1,1,0,0,1,0,0,0,0,0,0,1,1,0,0,1,1,1,0,1,0,1,1,1,1,0,1,0,1,0,1,1,0,1,0,0,0,1,1,0,0,1,1,0,1,1,1,1,1,0,1,0,0,1,0,0,1,0,0,0,0,0,1,1
0,0,1,1,0,1,0,1,1,1,1,0,0,1,1,1,1,0,0,0,0,1,0,0,0,0,1,1,0,1,1,1,1,0,0,0,1,0,1,0,1,0,0,1,0,0,0,0,0,1,0,0,1,0,1,1,0,1,1,0,1,1,0,1,0,1,0,1,1,1,1,0,0,1,0,0,1,0,1,0,0,0,0,0,0,0,1,0,0,1,1,0,0,1,0,1,1,0,1,1,0
1,0,1,1,1,1,1,0,1,0,1,1,1,0,1,0,1,0,0,0,0,0,0,0,1,0,0,1,0,0,0,0,0,0,0,1,1,1,0,0,1,0,1,1,1,1,1,0,1,0,1,1,0,1,1,0,1,0,0,0,1,1,0,1,0,1,1,1,1,0,0,0,0,1,1,1,1,1,0,1,1,1,0,1,1,0,1,1,0,1,0,1,1,0,0,0,1,1,1,1,0
1,1,0,1,0,0,1,1,0,1,1,1,0,0,1,0,0,1,1,1,1,0,0,0,0,0,1,1,1,0,1,0,0,1,0,1,0,0,1,0,0,1,1,1,0,0,1,1,0,1,1,0,1,0,0,0,1,1,1,0,0,0,0,1,1,0,0,1,0,1,0,1,1,0,0,0,0,1,0,0,0,1,0,0,0,1,0,0,0,1,1,0,1,1,1,0,0,0,1,0,1
1,1,0,1,0,1,0,1,0,0,0,0,1,1,1,1,1,0,0,1,0,0,0,1,1,0,1,0,1,0,0,1,1,1,0,0,1,0,0,0,1,0,0,0,1,1,0,0,0,1,1,0,1,1,1,0,1,0,0,1,0,1,0,1,1,0,0,1,1,0,1,1,0,1,0,0,1,0,1,0,1,1,0,0,0,0,0,0,0,1,1,0,0,0,1,1,1,1,1,0,0
1,0,1,0,1,0,0,1,1,1,0,1,0,1,1,0,0,1,0,0,1,1,0,0,1,0,0,1,0,0,0,0,0,1,1,0,0,0,1,1,0,1,0,0,0,1,1,0,1,0,1,1,1,1,1,1,1,0,0,1,1,1,1,0,1,1,1,0,0,0,1,1,1,1,1,1,0,1,1,0,0,1,1,0,1,0,1,0,0,1,0,0,0,1,0,0,0,0,1,1,1
0,0,0,0,1,1,1,1,0,0,1,1,0,0,0,0,0,0,0,0,1,1,0,0,1,0,1,0,1,0,0,0,1,1,1,0,1,0,0,1,1,1,0,1,1,0,0,0,1,1,0,1,1,0,0,1,0,0,1,1,1,1,0,0,1,0,1,0,1,0,1,0,1,0,1,1,1,1,0,0,0,1,0,1,1,0,0,1,1,1,1,1,0,0,1,0,1,1,1,1,0
0,0,1,0,1,0,0,1,0,0,0,0,1,1,0,1,1,0,1,0,0,1,1,0,1,0,0,1,1,0,0,1,0,0,0,1,0,1,0,0,0,1,0,0,0,1,0,0,0,0,0,1,0,1,0,1,1,0,1,1,1,0,0,1,0,0,0,1,0,0,1,0,0,0,1,1,1,0,0,0,1,0,0,1,0,1,0,1,1,1,0,1,1,1,0,1,0,0,0,1,1
0,1,0,1,0,0,0,0,1,0,1,1,1,1,0,0,0,0,1,1,1,0,0,0,0,1,0,1,1,0,1,0,0,0,0,1,0,0,0,1,0,0,0,1,0,0,0,1,1,0,0,0,1,1,1,0,0,0,0,0,0,0,0,0,0,0,1,1,1,1,0,0,0,0,1,1,1,0,0,0,0,0,0,1,0,1,0,1,1,1,1,0,1,0,0,0,1,0,1,1,1
0,0,1,1,0,0,0,0,0,0,1,1,0,0,1,1,1,0,1,1,0,0,0,1,0,0,1,0,0,1,1,1,1,0,1,0,1,1,1,0,0,0,0,0,1,1,0,1,1,0,0,1,0,1,1,1,1,1,1,1,0,1,1,0,1,1,1,0,0,0,0,0,1,1,0,0,1,1,1,0,1,0,1,1,0,1,0,1,1,1,1,0,1,0,0,1,0,0,0,1,0
0,1,1,0,1,0,1,1,1,0,1,0,0,0,1,1,0,1,1,1,0,1,0,0,0,1,1,0,1,0,1,0,0,0,0,1,0,1,1,0,0,1,1,1,0,1,0,1,0,0,1,1,0,0,0,0,1,1,0,1,1,0,1,1,1,0,0,0,0,1,1,1,0,1,0,0,0,1,1,0,1,1,1,1,1,1,0,0,1,0,0,1,0,0,1,0,0,0,0,1,1
0,0,1,0,0,0,0,0,1,1,1,0,0,0,1,1,1,0,1,0,1,0,0,0,0,0,1,0,1,0,0,1,0,0,0,1,1,0,0,0,1,0,1,0,0,0,0,0,1,1,0,0,1,1,1,0,1,1,0,0,0,1,1,0,1,0,1,0,1,1,1,0,1,1,1,0,1,1,0,1,0,0,1,0,0,0,0,1,1,1,1,1,0,1,0,0,0,0,1,1,0
1,1,0,0,1,1,0,1,1,1,1,1,0,1,0,1,1,0,0,0,1,0,0,1,0,1,1,0,0,1,0,1,0,1,1,0,0,0,0,1,1,0,1,1,0,1,0,1,0,0,0,1,1,0,0,1,0,1,0,1,0,0,1,1,0,1,1,1,1,1,0,0,0,1,1,0,0,0,1,0,0,0,0,0,0,1,0,0,0,1,1,0,0,1,1,0,0,0,0,1,1
1,1,0,1,1,0,0,1,1,0,1,1,0,0,0,0,1,1,1,1,1,0,1,0,1,0,1,1,1,1,1,1,1,0,0,1,1,1,1,1,0,0,0,0,1,0,0,1,1,0,0,0,1,1,0,1,1,1,1,1,0,0,0,1,1,1,1,0,1,1,1,1,0,1,0,0,1,1,0,1,1,0,0,1,0,0,0,0,0,0,1,1,1,1,0,1,1,0,0,0,1
1,1,1,1,1,1,0,1,0,1,1,0,0,1,0,0,0,0,0,1,0,1,0,0,0,0,1,0,1,0,0,0,0,0,0,1,0,0,0,1,1,1,1,1,1,0,1,0,1,0,0,1,0,0,1,0,0,0,0,1,1,0,1,0,1,0,1,1,1,0,0,0,1,0,0,0,1,0,0,0,0,0,0,0,1,0,0,0,0,1,1,1,1,1,0,0,0,0,0,0,1
1,0,1,0,1,1,0,0,0,1,1,1,1,1,0,1,1,0,1,0,1,0,0,1,1,1,0,1,1,0,1,0,0,1,1,0,0,1,0,0,1,1,1,0,1,0,1,0,1,0,0,0,0,0,1,1,1,1,0,1,0,1,1,0,1,1,0,0,1,1,0,0,0,0,1,0,1,0,0,1,0,1,0,0,1,1,1,0,1,1,1,1,1,1,0,0,0,1,1,0,1
0,0,1,1,1,1,0,1,0,1,1,1,0,1,1,0,0,1,1,1,0,1,1,0,0,1,0,0,0,0,0,0,0,0,1,0,0,1,0,0,0,1,1,1,1,1,0,1,0,1,0,1,1,1,1,0,1,1,1,1,1,1,1,1,1,0,0,1,1,0,1,1,1,0,1,0,1,1,0,1,1,0,0,1,0,1,0,1,1,0,1,1,1,0,0,1,0,1,1,0,1
0,1,1,1,1,0,0,1,1,0,0,1,0,0,1,1,1,1,0,1,0,1,0,1,0,1,1,0,0,1,0,1,0,1,0,1,1,0,0,0,0,0,0,1,1,1,1,1,1,1,1,1,1,1,1,1,1,1,0,1,0,0,0,1,0,0,1,0,1,1,1,1,0,1,0,0,0,0,0,0,1,0,0,1,0,0,1,0,1,0,1,0,0,0,0,1,0,1,0,0,1
1,1,1,1,0,1,1,1,0,0,1,1,0,1,0,0,0,1,1,1,0,1,0,0,0,0,0,0,1,0,0,1,1,0,1,1,0,1,0,0,0,1,1,0,0,0,0,1,1,0,0,1,1,1,0,0,1,1,1,0,1,1,1,1,0,1,1,1,1,1,0,0,0,1,0,1,1,0,0,1,1,0,1,1,1,0,1,0,0,0,0,1,1,1,1,1,0,0,1,1,1
0,1,1,1,0,0,1,1,0,1,1,0,1,1,1,1,1,0,1,1,1,0,0,1,0,0,0,1,1,1,1,0,0,1,0,0,0,0,1,0,1,1,1,1,0,0,0,1,1,1,1,1,0,0,1,1,1,0,1,0,1,1,0,0,1,0,1,1,1,0,0,1,1,0,0,0,1,1,1,1,0,1,1,0,0,0,0,0,1,0,0,0,0,0,1,0,1,1,1,0,0
1,1,0,1,0,1,1,1,1,1,0,1,0,1,0,1,0,1,1,0,1,1,1,0,0,1,0,1,0,0,1,1,1,1,1,0,1,0,1,1,1,1,0,0,0,0,0,0,0,1,0,1,1,0,1,0,0,1,0,0,0,1,0,0,1,1,0,1,0,1,1,1,1,1,0,0,0,0,0,0,0,0,0,1,1,1,1,0,1,1,0,0,1,1,1,1,0,0,0,0,1
0,1,1,0,1,0,0,0,0,1,0,1,1,0,1,0,1,0,1,0,1,0,0,0,0,0,1,0,1,1,0,0,1,1,0,0,1,0,0,0,1,0,0,1,1,0,1,0,0,1,1,1,0,1,0,0,0,1,0,0,1,0,0,1,0,1,1,0,1,1,1,0,1,1,1,0,1,0,0,1,1,1,0,0,1,0,1,0,1,1,0,0,1,1,0,1,1,0,0,0,0
0,1,0,1,1,1,0,1,0,0,1,1,0,0,0,1,1,1,1,1,1,1,1,1,0,0,0,0,0,1,0,0,1,1,1,0,0,0,1,0,0,0,1,1,1,0,0,1,0,0,1,0,1,0,0,1,0,0,0,0,0,0,1,0,1,0,0,0,0,0,0,1,1,0,0,1,0,0,0,1,1,1,0,0,0,0,0,1,1,0,0,0,0,1,0,0,0,0,0,0,0
0,1,1,1,1,0,1,1,0,0,1,1,0,1,0,0,0,1,0,1,0,0,1,1,1,1,1,0,0,0,1,0,1,1,0,1,1,0,0,1,0,0,0,1,1,0,1,0,1,0,1,1,1,0,1,1,1,0,1,0,1,0,1,0,1,0,1,1,0,0,0,0,0,1,1,1,0,1,0,0,1,1,1,0,0,0,1,0,1,1,1,1,0,1,1,0,1,1,0,0,1
1,1,1,0,0,0,0,0,1,1,1,0,0,1,0,0,0,1,1,0,0,1,1,0,0,0,0,1,0,1,1,1,0,0,1,1,0,1,0,1,1,1,1,0,1,0,0,1,0,0,0,0,0,0,0,1,0,0,0,0,0,0,1,0,0,0,1,1,0,0,1,0,1,1,0,1,0,0,1,0,0,1,1,1,0,0,1,0,1,0,1,0,0,0,1,0,0,1,0,1,1
1,0,1,1,1,1,0,0,0,1,0,1,1,0,1,1,1,0,1,0,1,0,0,1,1,0,1,0,1,0,0,0,0,0,1,1,0,0,1,1,0,1,1,0,1,0,1,1,1,0,0,1,1,0,0,0,0,1,0,1,1,0,1,1,1,1,0,1,0,1,0,1,1,0,1,1,0,1,1,0,1,0,0,0,1,1,0,0,1,0,0,1,0,1,1,0,1,0,1,1,1
1,0,0,1,0,0,1,0,0,0,1,0,0,0,0,1,0,0,1,1,1,1,1,1,0,0,0,0,1,1,0,0,0,1,0,0,1,1,0,1,0,1,1,1,1,0,0,1,0,1,0,0,0,1,1,0,0,0,0,1,0,1,0,0,0,0,1,0,0,0,1,1,0,1,1,1,0,1,1,0,0,1,1,0,0,0,0,0,0,1,0,1,1,1,0,1,1,0,1,1,0
0,0,0,0,0,1,1,1,0,0,0,1,1,1,0,1,1,1,0,0,0,0,0,0,1,0,0,1,0,1,0,1,1,0,0,1,1,0,1,1,0,0,1,1,1,0,0,1,1,1,1,0,0,0,1,0,0,0,0,1,0,1,0,0,1,1,1,1,1,0,0,0,1,1,0,1,0,1,0,0,0,1,0,1,1,0,0,1,1,1,0,0,1,1,0,1,1,1,0,1,1
1,1,0,0,0,0,1,0,1,1,1,0,1,1,1,1,1,1,1,1,1,1,0,1,0,1,1,0,1,1,0,0,0,1,0,1,0,1,1,1,0,0,1,1,0,1,1,0,1,1,0,1,1,1,1,0,1,0,0,0,0,1,1,0,1,1,1,0,0,0,1,0,0,0,1,1,1,0,1,1,1,1,0,1,0,1,1,1,1,0,1,1,1,0,1,1,0,0,1,1,0
0,1,0,0,1,1,0,0,0,0,1,0,0,0,1,1,0,0,1,0,1,1,1,0,1,1,1,1,1,0,1,1,1,1,0,1,1,0,1,1,1,0,1,0,1,1,1,0,0,0,1,0,0,0,1,1,0,0,0,0,0,0,1,1,1,1,0,0,1,1,1,1,0,0,0,0,1,1,1,1,0,1,1,0,1,0,1,1,1,1,0,0,0,0,0,1,0,1,1,1,1
1,1,0,0,0,0,1,0,1,1,1,1,0,1,1,0,1,0,0,1,1,1,0,0,1,1,0,0,0,1,1,0,1,1,0,0,0,1,0,1,1,0,1,0,1,1,0,0,1,1,0,1,0,1,0,0,0,0,1,0,0,1,0,1,0,1,1,1,0,0,0,0,1,0,1,1,0,1,1,1,0,0,0,1,1,1,0,1,0,1,1,0,0,0,1,1,1,1,0,0,1
1,0,1,0,1,0,1,1,1,1,1,1,1,1,0,0,1,0,0,1,0,1,0,0,1,1,0,1,1,1,0,0,1,0,1,1,1,1,0,0,1,0,1,0,0,1,0,1,0,0,0,1,1,0,1,0,1,1,0,0,1,0,0,0,1,1,1,0,0,1,1,0,0,0,0,1,0,0,1,0,0,0,1,1,1,1,0,0,0,1,1,0,1,0,0,1,1,0,1,1,1
0,1,1,0,1,0,0,0,1,0,1,1,0,1,1,0,0,0,1,1,1,1,0,1,1,1,1,1,1,1,0,0,0,1,0,0,0,0,1,0,0,1,0,1,1,0,0,1,1,1,0,0,0,1,0,1,1,0,0,1,1,0,0,1,1,1,1,1,0,0,0,1,0,0,1,1,1,0,0,0,1,0,0,0,0,0,0,1,1,0,0,0,1,1,1,1,0,1,0,1,0
0,0,1,1,1,1,1,1,1,0,1,0,0,0,1,0,1,0,0,0,1,1,0,1,0,1,1,1,0,0,0,0,1,0,1,0,1,0,0,0,1,1,1,1,1,1,1,0,0,0,1,1,0,1,0,0,1,1,0,0,0,0,1,0,0,0,1,0,0,0,0,1,1,1,1,0,1,1,0,0,1,0,1,0,1,1,1,1,0,1,0,1,0,0,1,1,1,1,0,1,0
1,1,0,0,1,0,0,1,1,0,0,0,0,1,0,1,1,0,1,1,1,0,1,0,0,1,1,1,0,1,1,0,0,1,0,0,0,1,0,1,1,0,0,1,0,0,1,0,1,0,0,1,0,1,1,1,1,1,0,1,1,0,0,0,0,1,0,0,0,1,0,1,1,1,0,1,1,1,0,1,1,1,1,1,0,0,0,1,1,0,0,1,0,0,0,1,0,0,1,1,1
0,0,0,1,0,1,1,1,1,0,0,1,0,1,0,0,1,1,0,0,0,0,1,1,0,1,0,0,1,0,1,1,1,1,0,0,1,0,0,0,0,1,0,0,0,1,1,0,0,1,1,1,0,0,0,0,1,0,1,1,1,1,0,0,0,0,0,0,1,1,1,0,1,0,1,1,1,1,1,0,0,1,0,1,0,1,0,1,0,0,1,1,1,1,1,0,0,0,1,0,0
0,0,1,1,1,1,0,0,0,1,1,1,1,1,0,0,0,1,0,1,0,1,1,1,1,0,1,0,1,1,1,0,1,1,1,1,0,0,1,1,1,1,0,1,1,1,1,1,0,0,1,1,0,0,1,0,1,0,1,1,0,0,1,0,0,1,1,0,0,0,0,0,1,0,0,0,0,1,1,0,0,1,0,1,1,1,1,0,0,0,0,1,0,0,0,0,1,1,0,1,1
1,0,1,0,0,1,0,1,0,1,1,1,1,1,1,0,0,0,0,1,0,1,0,1,0,1,0,0,1,1,1,1,0,0,1,1,1,1,1,1,0,0,0,1,0,0,0,1,0,1,1,0,1,0,1,1,0,1,1,1,1,1,0,1,0,0,0,1,0,0,0,1,1,0,0,0,1,1,0,1,1,1,1,1,0,1,0,0,0,0,0,0,0,0,1,0,1,1,0,0,1
0,1,1,0,0,0,0,0,1,1,1,0,1,0,0,0,1,1,0,1,1,0,0,1,0,0,0,1,0,0,0,1,1,1,0,1,0,1,1,1,0,1,1,0,1,1,0,0,0,0,0,1,0,0,1,0,0,1,1,1,1,1,0,1,1,0,1,1,1,1,0,1,1,1,0,0,1,0,1,1,1,0,0,1,0,0,0,1,0,1,1,0,0,0,1,0,1,1,1,1,1
1,0,0,0,1,0,0,1,0,1,1,0,1,1,1,1,0,0,0,0,0,0,1,1,1,1,1,0,0,1,0,0,1,1,1,1,0,1,0,1,0,1,1,1,1,0,0,0,0,0,1,1,1,0,1,1,0,1,1,1,1,0,1,1,0,1,0,0,1,0,1,0,1,0,1,0,1,0,1,1,1,1,1,0,1,0,0,0,0,1,0,0,1,0,1,1,1,0,1,1,1
1,1,1,0,0,0,1,0,0,0,0,0,1,1,1,1,0,0,0,1,0,0,0,0,0,0,1,1,1,0,0,0,1,1,0,1,0,0,1,0,0,0,0,1,1,0,1,0,1,1,1,1,1,1,1,1,1,0,1,1,1,0,1,0,1,0,0,0,0,1,1,1,0,1,0,0,0,0,0,0,0,1,1,1,0,0,0,0,0,0,1,1,0,1,0,1,1,0,1,1,1
1,1,0,0,0,0,0,0,1,0,0,1,0,1,1,1,1,1,1,1,1,1,0,1,0,1,0,1,0,0,1,1,0,0,1,1,0,0,0,1,0,1,1,0,1,0,0,1,1,1,0,0,1,1,0,0,1,1,0,0,0,0,0,0,1,0,0,1,1,0,0,0,0,0,1,1,0,0,0,1,0,0,0,0,0,0,0,1,1,0,1,1,0,0,1,1,1,1,1,0,1
0,0,0,1,0,0,1,1,0,1,0,1,0,1,1,1,1,0,1,0,0,1,1,0,1,0,0,1,0,1,1,1,0,0,1,0,0,1,1,0,0,0,0,1,1,1,1,0,0,0,0,1,1,1,0,1,1,1,1,1,1,1,0,1,0,1,0,0,1,1,0,1,0,0,1,1,0,1,1,0,1,0,1,1,1,1,0,0,0,1,0,1,0,1,0,1,1,0,0,0,0
1,0,0,1,0,1,1,1,1,0,1,1,0,1,1,1,1,0,0,0,0,0,0,0,0,1,0,0,0,1,1,1,1,0,0,1,1,0,0,0,1,1,0,0,0,1,1,1,0,1,0,1,0,0,0,1,1,1,1,0,0,0,1,1,0,1,0,0,1,0,0,0,1,1,0,0,1,0,1,1,0,0,0,1,0,1,0,1,0,0,0,1,0,1,1,0,1,1,0,1,0
0,0,0,0,1,0,1,0,0,0,0,1,0,0,1,0,1,1,1,0,1,0,1,1,0,0,0,1,0,0,1,1,1,0,1,1,1,0,0,1,1,0,0,0,1,1,1,0,1,0,1,1,1,0,1,1,1,1,0,1,0,1,0,1,1,1,0,1,0,1,1,0,1,0,1,1,0,1,0,1,1,1,0,1,1,0,1,0,1,1,1,0,0,1,0,0,0,0,0,0,1
1,1,1,0,1,1,1,1,0,0,0,1,0,1,1,1,1,1,0,1,0,0,1,0,0,1,1,0,1,1,1,1,0,0,1,1,0,1,0,0,0,0,0,1,1,1,0,0,1,0,0,1,1,0,1,0,1,0,0,1,0,1,1,0,0,1,0,1,1,0,1,1,1,1,0,0,0,0,0,0,1,1,1,1,1,0,0,1,1,0,0,1,1,1,1,1,1,0,0,0,1
1,0,0,0,0,1,1,1,0,0,0,1,1,1,0,0,0,0,0,1,0,0,0,1,1,1,0,0,0,0,0,0,0,0,0,1,0,1,1,0,1,0,1,1,1,0,0,0,0,1,1,0,0,0,0,1,1,0,0,0,1,0,1,0,1,1,0,0,0,1,0,0,0,1,0,0,0,1,1,1,0,1,1,1,1,0,0,0,0,0,1,0,1,0,1,1,0,0,1,0,1
1,0,0,1,0,1,1,1,1,1,1,0,1,1,1,0,1,0,1,0,0,0,0,1,1,1,0,0,0,0,0,0,1,0,0,1,0,0,1,1,0,0,0,0,1,1,0,0,0,1,0,1,0,0,1,1,1,0,1,0,0,0,0,1,1,0,1,1,1,0,1,0,0,1,1,0,1,1,0,1,0,1,0,0,0,0,0,0,0,1,0,0,1,1,0,1,1,1,1,0,0
0,1,0,0,0,0,1,1,0,1,1,0,1,1,0,1,1,0,1,1,0,1,0,1,1,0,0,0,0,1,0,0,1,0,1,1,1,0,1,1,1,0,1,1,0,1,1,0,1,1,0,1,1,1,0,0,1,1,1,0,1,1,0,1,1,0,0,0,1,1,1,0,1,1,1,0,1,1,1,1,0,1,0,1,0,1,1,0,1,0,0,1,1,0,1,1,0,0,0,0,1
1,1,0,0,1,0,0,0,1,0,0,1,0,1,1,1,0,1,1,1,0,1,0,0,1,1,0,0,1,1,1,1,1,0,0,0,0,0,1,1,0,0,1,1,1,0,0,1,0,0,0,0,1,0,1,0,0,1,0,1,0,0,0,0,1,0,1,1,1,0,0,1,1,0,1,1,0,0,0,1,1,1,0,1,0,1,1,1,1,0,1,1,1,1,0,0,0,0,1,1,1
0,0,0,0,1,1,1,1,1,1,1,0,0,0,0,1,0,1,0,0,0,0,1,1,0,1,1,1,0,1,1,0,0,0,0,0,0,0,0,1,0,1,1,1,1,1,1,0,0,1,0,1,0,1,1,1,0,1,0,1,0,0,0,1,1,0,0,0,1,1,1,0,0,1,0,0,1,0,0,1,1,1,1,0,0,1,1,1,1,1,0,1,1,0,1,0,1,0,1,0,0
1,0,0,0,0,0,0,1,1,0,1,0,0,1,0,0,1,0,1,1,1,0,1,1,0,0,0,1,0,0,1,0,0,0,1,0,1,0,1,1,0,1,1,0,0,1,1,1,0,1,1,0,1,0,0,1,0,0,0,1,0,0,1,0,0,0,1,1,1,0,1,1,0,1,0,1,0,0,0,1,1,0,1,1,1,1,0,1,1,1,1,0,0,1,0,1,1,0,1,0,1
1,1,1,1,0,1,0,1,1,0,1,1,1,1,0,1,0,1,0,1,0,0,1,1,0,1,1,1,1,0,1,0,1,1,0,1,1,1,1,0,1,0,0,1,0,0,1,1,0,1,0,1,1,1,0,0,0,1,0,1,1,1,1,1,0,1,1,0,1,0,0,0,1,0,1,0,1,1,1,0,0,0,1,0,1,1,0,1,0,1,1,1,1,1,1,0,0,0,1,1,1
1,0,0,0,1,1,0,0,0,1,1,0,1,1,0,0,1,1,0,0,0,0,1,1,1,1,0,1,0,1,1,0,1,1,1,1,0,1,0,0,0,0,0,1,1,0,1,1,1,0,0,1,1,1,0,0,1,0,1,1,0,1,1,0,1,1,0,0,1,1,1,1,1,0,1,1,1,1,1,0,0,1,0,0,0,1,1,0,0,0,1,1,1,1,1,0,1,0,1,0,1
0,1,0,1,0,0,0,0,1,0,1,0,0,0,0,0,0,0,1,0,0,0,0,1,0,1,1,0,1,1,1,1,0,0,0,0,0,0,0,0,0,1,1,1,1,0,0,0,1,0,1,1,1,0,1,1,0,0,1,1,0,0,0,1,0,1,0,0,0,0,1,1,1,1,1,0,1,1,0,0,1,0,1,1,0,0,1,0,0,1,1,0,1,1,0,0,0,1,0,0,0
0,1,0,1,0,0,0,0,0,1,0,1,0,1,0,1,0,1,0,0,1,1,1,1,1,0,1,1,0,0,1,0,0,1,0,0,0,1,1,1,1,1,1,1,0,1,1,0,0,0,0,0,0,0,0,1,1,1,1,0,0,0,1,0,1,1,1,0,1,1,1,1,0,1,0,0,1,0,0,1,0,1,0,0,1,0,0,1,1,0,1,0,0,0,0,0,0,0,1,0,1
1,0,1,0,0,0,1,0,1,1,0,1,0,0,1,1,0,0,1,1,0,0,0,0,1,1,0,0,1,0,0,1,1,1,1,0,1,0,1,1,1,1,0,0,0,1,1,0,0,0,0,0,1,1,0,0,1,0,0,0,1,0,1,0,1,0,0,0,0,0,0,1,1,0,1,0,0,0,0,1,1,1,0,0,0,0,1,1,1,0,1,1,0,1,1,0,1,0,1,0,1
0,0,1,1,0,1,0,1,1,0,1,1,0,1,0,0,1,0,0,0,1,0,1,1,1,1,1,0,0,1,0,0,0,1,0,1,0,1,1,1,1,1,1,0,1,0,1,1,0,1,1,1,0,0,1,0,0,0,0,1,1,0,0,1,1,0,0,0,0,0,0,0,1,0,1,1,0,0,1,1,0,0,0,1,0,1,0,0,0,1,0,1,1,1,1,1,1,0,1,0,1
0,1,0,0,1,1,0,1,0,1,0,0,1,1,1,1,0,0,0,0,0,0,1,1,1,0,0,1,1,0,0,0,1,0,0,1,0,1,1,1,0,1,1,0,0,0,1,1,0,0,1,1,1,1,0,1,1,1,0,0,0,1,1,1,1,0,1,1,0,0,1,0,0,0,1,0,1,0,1,1,1,0,1,1,1,1,0,1,1,1,0,1,0,0,0,1,1,1,0,0,1
0,0,1,1,1,1,1,0,1,0,1,0,0,0,1,0,0,0,0,0,0,1,1,1,0,1,1,1,0,0,1,1,0,1,1,1,0,1,1,1,0,1,1,0,0,0,0,0,1,1,1,1,0,1,0,1,1,1,1,0,1,1,1,0,1,0,0,0,0,0,1,1,0,1,1,1,0,1,1,1,0,1,0,0,1,1,1,0,0,0,0,1,0,0,1,1,1,1,1,0,1
1,1,1,0,1,0,0,0,0,1,1,0,1,1,0,0,0,0,0,0,1,1,1,1,0,1,1,1,1,0,1,1,1,1,0,0,1,1,0,1,0,1,1,0,1,1,0,1,1,1,0,0,1,0,0,1,0,0,1,0,1,1,1,0,1,1,1,1,0,1,1,0,1,0,0,1,0,0,1,0,1,1,0,1,1,0,0,0,1,1,0,0,0,1,1,0,1,1,1,0,1
1,0,1,0,1,1,1,0,0,0,1,0,1,1,0,0,1,1,1,1,0,1,1,1,1,0,1,0,0,1,1,0,1,1,0,1,1,0,0,0,0,0,0,0,1,1,1,0,0,0,1,1,1,1,1,1,1,0,1,0,1,1,0,0,1,0,0,1,0,1,1,1,0,0,1,0,0,1,1,0,1,1,1,1,0,1,0,0,1,1,1,0,1,0,1,1,1,0,0,1,1
1,0,1,0,0,1,1,0,1,1,1,0,1,1,0,1,0,0,0,1,1,0,0,0,1,0,1,0,0,1,1,1,1,1,0,1,0,0,0,0,0,1,1,0,1,1,1,1,0,0,1,0,0,1,0,0,1,1,0,1,1,1,1,0,1,1,1,0,1,1,0,1,0,0,0,1,0,1,1,0,1,0,0,0,1,1,1,0,1,0,1,0,1,0,0,1,1,0,1,0,1
0,0,1,0,1,1,0,1,0,1,1,1,0,1,0,0,1,0,1,0,0,0,0,0,0,0,1,0,1,1,0,1,1,0,1,0,0,0,0,1,0,1,1,0,0,1,0,1,0,1,1,1,0,0,0,1,1,1,0,0,0,0,0,0,1,1,1,1,0,1,0,0,0,1,0,1,1,0,0,0,0,1,0,1,1,1,0,0,1,1,1,1,0,1,1,0,0,0,0,1,1
1,0,1,0,0,1,1,0,1,0,1,1,1,1,0,0,0,0,0,1,0,1,0,1,1,0,1,0,0,1,0,1,1,1,0,0,0,1,0,1,0,0,0,0,0,1,1,0,0,1,1,1,1,1,1,0,0,1,1,1,0,1,0,0,1,1,0,0,0,1,1,0,1,0,0,0,1,0,0,1,0,1,0,1,1,1,0,1,1,0,1,1,0,1,0,0,1,1,1,0,1
1,1,0,0,0,1,0,0,0,1,0,0,0,1,0,1,1,1,0,0,0,0,0,1,1,1,0,1,1,1,1,1,0,0,0,1,1,0,0,1,0,1,1,0,0,0,1,0,0,1,1,0,1,1,0,1,1,0,0,1,1,1,1,0,1,0,0,1,1,0,0,0,0,0,1,1,0,0,0,0,0,0,0,0,1,0,0,1,0,1,1,0,1,1,1,0,1,1,1,1,1
0,0,1,1,1,0,1,0,1,0,0,0,1,1,0,0,0,0,0,1,1,1,1,0,0,1,1,0,0,1,0,0,0,1,0,1,1,1,1,1,1,1,0,0,0,1,1,0,1,1,1,0,0,0,1,0,0,1,0,1,1,1,0,0,1,1,1,0,1,1,0,1,0,1,0,0,1,1,0,1,1,0,0,1,0,0,1,1,1,1,1,1,0,1,1,1,1,1,0,1,1
0,0,0,0,1,0,0,1,1,0,0,1,1,1,0,0,0,0,0,1,0,0,0,1,1,0,0,0,0,0,0,0,1,1,0,0,0,1,0,1,1,1,1,1,1,1,0,0,0,0,1,1,0,0,0,1,1,1,0,1,1,1,1,0,0,0,0,1,0,1,1,1,1,0,0,0,1,1,1,1,0,1,1,1,0,1,1,1,1,1,1,0,0,0,0,0,1,1,0,0,1
0,1,0,1,1,0,1,0,0,1,0,1,1,0,0,0,0,1,0,0,0,0,0,0,0,0,1,0,0,0,1,1,1,1,1,0,0,0,1,1,0,1,0,0,1,1,0,1,1,1,1,0,0,0,1,0,1,1,1,1,1,0,1,1,0,1,1,0,0,0,0,0,1,1,1,1,0,1,0,0,1,0,1,0,1,1,1,0,1,1,1,1,1,1,0,1,1,1,1,0,1
1,0,0,0,1,0,1,1,0,0,0,0,0,1,0,1,1,0,0,0,1,1,1,1,1,0,0,1,0,1,0,0,0,0,0,1,0,1,1,1,1,1,0,0,0,0,0,0,0,0,1,1,1,1,0,0,0,0,0,1,0,0,1,1,0,1,1,0,0,0,1,0,0,1,0,1,1,1,1,1,0,0,0,1,0,1,1,1,0,0,0,1,1,1,1,1,1,0,0,0,1
0,0,1,0,1,1,0,1,0,1,0,0,0,0,0,1,1,1,0,0,1,0,1,0,0,0,1,1,1,0,1,0,0,0,0,0,0,1,1,1,0,1,0,1,1,1,1,1,0,1,1,1,0,0,0,1,0,1,0,1,0,0,0,0,1,1,1,0,0,1,1,1,0,1,0,1,1,1,0,1,0,0,1,0,1,0,1,0,0,0,1,0,0,0,0,1,1,1,1,0,1
1,1,0,0,0,0,0,1,1,0,0,0,1,0,1,1,0,0,1,1,1,1,0,1,0,1,1,0,1,0,1,1,1,1,1,0,1,1,1,0,0,0,1,1,1,0,1,0,1,1,1,0,0,0,0,1,1,0,1,1,1,1,0,1,0,0,1,0,0,0,1,0,0,0,1,1,0,1,1,0,0,0,1,0,0,0,0,0,0,0,1,1,0,1,1,0,1,0,1,0,1
1,0,1,1,0,0,0,0,0,0,0,0,0,1,0,0,1,1,0,0,1,0,1,1,1,0,1,0,0,0,0,1,0,1,1,0,1,0,1,1,1,1,0,0,0,1,0,0,1,1,0,0,0,1,1,0,0,0,0,1,1,1,1,1,0,0,0,1,0,1,1,0,0,0,1,0,0,1,0,1,1,0,0,0,1,0,1,0,1,1,1,0,0,0,0,1,0,0,0,1,1
1,0,1,0,0,0,0,1,0,1,0,0,1,0,0,0,0,0,1,1,0,0,0,1,1,1,0,0,0,0,0,1,1,0,0,1,1,0,0,0,0,0,0,0,0,1,1,1,1,0,1,0,1,1,1,1,1,1,0,0,0,0,0,1,1,1,0,1,0,0,1,0,1,0,1,0,1,0,0,1,0,0,0,1,1,1,1,0,0,1,1,1,1,0,0,1,0,1,0,0,1
1,1,1,1,0,0,0,0,1,0,1,1,0,1,0,1,0,0,1,0,1,1,0,1,1,0,1,1,0,1,0,0,0,1,0,1,0,1,0,0,0,0,1,1,0,0,0,0,1,0,0,1,1,1,1,1,0,0,1,1,1,1,0,1,1,0,0,0,1,0,0,1,0,0,1,0,1,0,1,0,0,0,1,0,0,1,0,1,0,0,0,0,0,0,1,1,0,0,0,0,0
0,0,0,0,1,1,0,0,1,1,1,0,0,0,0,0,0,1,0,1,1,1,0,1,0,1,1,1,0,0,1,0,1,0,1,1,0,1,0,0,1,0,0,1,0,1,1,1,0,1,0,1,1,0,1,1,1,0,1,1,1,1,0,0,1,1,0,0,0,1,0,1,1,1,0,1,1,0,0,1,1,0,1,1,1,1,1,1,1,0,1,1,0,0,1,0,1,1,0,1,1
0,1,0,0,0,0,1,1,0,0,0,0,0,0,1,1,0,0,1,1,1,1,1,1,1,0,1,0,0,0,0,1,1,0,0,0,1,1,0,1,0,1,1,0,0,1,1,0,1,0,1,1,0,0,0,1,1,1,0,1,0,0,0,0,0,0,1,1,1,0,1,0,0,0,1,0,0,1,0,0,0,0,1,1,1,0,1,1,0,1,1,1,1,1,1,0,0,0,1,1,0
1,1,1,0,0,0,1,1,1,1,1,0,1,0,0,1,1,0,1,1,0,1,0,0,0,0,0,0,1,1,0,0,0,1,0,0,0,0,0,0,0,1,0,0,1,0,0,0,1,0,0,1,1,1,1,1,1,1,0,0,1,1,0,1,1,0,0,0,0,1,1,1,0,0,0,0,0,0,1,1,0,0,1,1,0,0,1,1,1,1,0,1,1,1,1,1,1,1,0,1,0
0,0,1,1,1,1,0,1,1,0,1,0,1,1,0,1,0,1,0,0,1,1,0,0,0,1,1,0,0,0,1,1,1,1,1,1,1,1,1,1,1,1,0,1,1,0,1,0,1,0,1,1,0,0,1,0,0,1,0,0,1,0,1,1,0,1,0,1,0,0,1,1,1,1,1,1,0,0,0,0,1,1,1,1,1,1,0,0,0,0,1,0,1,0,1,1,1,0,1,1,1
0,1,0,0,0,0,0,0,0,0,1,0,0,1,0,1,1,1,1,1,0,0,1,0,0,0,0,1,0,1,1,1,1,1,0,0,1,0,1,0,1,1,0,1,1,1,1,1,1,0,0,0,0,0,1,0,0,1,1,1,1,1,1,1,0,1,1,0,0,1,1,1,0,1,1,1,0,0,0,1,1,0,1,0,0,1,1,1,0,0,1,1,1,0,1,1,1,1,0,1,1
0,1,0,1,0,1,1,1,0,1,1,0,0,0,0,1,1,0,1,0,1,1,1,1,0,1,1,1,0,1,0,0,0,1,1,0,1,1,1,1,1,1,1,1,0,1,1,1,0,0,0,1,1,0,1,0,1,1,0,0,0,0,0,1,0,1,0,0,1,1,0,1,1,0,0,1,1,1,1,0,0,0,0,0,0,0,0,0,0,1,0,0,1,0,0,1,1,1,0,1,0
0,1,1,0,1,1,1,0,1,1,1,1,0,1,0,0,0,1,1,0,0,1,0,1,0,0,0,1,0,0,1,1,0,0,1,0,1,1,0,0,0,0,1,0,0,1,0,1,0,1,0,0,0,1,1,0,0,1,0,1,0,1,0,1,0,1,1,0,1,1,0,0,1,0,1,0,1,1,1,0,0,0,0,1,0,0,1,1,0,1,0,1,1,0,0,1,1,1,1,1,0
0,0,1,1,1,0,0,0,1,0,0,0,1,0,0,1,1,0,1,1,1,1,1,0,0,1,1,0,1,0,0,0,0,1,0,0,1,1,0,0,1,1,0,0,1,0,1,0,0,0,0,0,0,0,1,0,0,0,0,1,1,1,0,0,0,0,1,0,0,0,0,0,1,0,1,1,1,1,1,0,1,0,0,1,0,0,1,1,1,0,0,1,1,0,0,0,1,1,1,0,0
0,1,0,1,1,1,1,0,0,0,1,0,1,0,1,0,0,1,1,0,1,1,0,1,0,0,1,1,1,0,1,1,0,1,1,0,0,0,0,0,0,0,0,0,1,1,1,1,0,1,0,0,0,1,0,0,1,0,0,1,0,1,1,0,0,0,1,0,0,0,0,0,0,1,1,1,0,1,0,0,0,0,1,0,1,1,0,1,0,0,0,0,1,0,0,0,1,0,0,0,0
0,0,1,0,0,1,0,0,1,0,0,0,0,1,1,0,0,1,1,1,0,1,0,1,1,0,0,1,0,1,0,0,1,1,1,0,1,0,1,1,0,0,0,0,1,0,0,1,0,1,1,0,1,1,0,1,0,0,0,0,0,0,0,0,1,1,0,1,0,1,1,0,0,0,0,0,1,0,0,1,0,0,1,0,0,1,1,0,1,0,0,0,0,0,0,0,1,0,1,0,1
0,1,0,0,0,0,1,0,1,0,1,0,1,0,1,0,1,0,1,0,0,0,0,0,1,1,1,0,1,0,1,1,1,0,1,1,0,1,1,0,1,1,0,1,0,0,0,1,1,1,1,0,0,1,0,0,1,1,0,1,0,1,0,0,1,0,1,0,0,1,0,0,0,1,0,1,1,1,0,1,1,1,1,1,1,1,0,1,1,0,0,0,1,1,0,1,1,1,0,0,1
0,0,0,0,1,1,1,1,1,0,1,0,1,0,0,0,0,0,0,0,0,1,1,0,0,1,0,0,0,0,0,0,0,1,0,1,1,1,0,0,0,1,1,1,1,0,0,0,1,1,0,1,1,1,0,0,0,1,1,1,0,1,0,0,1,1,0,1,1,1,1,0,0,1,0,0,1,1,0,0,1,0,1,0,1,0,0,1,1,0,1,0,0,1,0,1,1,1,0,1,0
0,0,0,0,0,0,1,1,0,0,0,1,1,1,1,1,0,1,0,1,1,0,0,1,1,1,0,0,1,1,1,0,1,1,0,0,0,0,1,0,0,1,0,0,0,0,0,0,1,1,1,0,1,1,1,0,1,0,0,1,1,0,0,1,1,0,0,1,0,1,0,0,0,1,1,0,0,1,1,1,0,1,1,1,1,1,1,1,0,1,1,1,1,0,1,1,1,1,1,0,1
1,0,1,0,0,0,1,0,1,1,1,1,0,1,0,0,0,1,0,1,0,0,0,1,0,0,1,1,1,0,1,1,1,0,0,1,0,1,1,0,0,0,0,1,1,1,1,1,1,1,0,1,0,1,1,0,0,0,0,0,1,1,1,1,1,1,1,0,0,1,0,1,0,0,0,0,1,1,0,1,1,0,0,0,1,1,1,0,0,1,0,0,0,0,1,0,0,0,0,1,1
0,0,0,0,1,1,1,1,0,1,1,1,1,0,1,1,0,1,1,1,0,1,0,1,0,0,0,1,1,1,1,1,0,1,1,1,0,1,0,1,0,0,1,1,1,0,0,1,0,0,0,0,0,0,0,0,1,0,0,1,0,0,0,1,0,1,0,1,1,0,0,1,0,1,1,0,1,0,0,0,1,0,0,1,0,1,0,0,1,1,0,0,1,0,0,1,0,0,0,0,1
0,0,1,0,1,1,0,0,1,1,0,0,0,0,0,0,0,1,0,1,1,1,1,1,1,0,1,1,0,1,0,0,1,1,0,1,0,0,1,1,0,1,1,1,1,1,1,1,1,1,1,1,0,0,0,0,0,1,0,0,0,1,1,1,0,0,1,0,1,0,0,0,0,1,1,1,1,0,1,0,1,1,1,0,0,1,0,0,1,0,1,0,0,1,1,0,1,1,1,1,1
1,0,0,1,1,1,0,0,1,1,1,1,0,1,0,1,1,1,1,1,1,0,0,0,1,1,1,0,0,1,0,0,1,0,1,0,0,0,0,0,0,0,1,1,1,1,1,0,0,0,1,0,1,0,1,0,1,0,0,1,0,0,1,1,0,1,1,0,1,1,1,0,0,1,0,0,1,1,0,0,0,1,1,1,0,1,0,0,0,1,1,0,1,1,1,1,0,1,1,0,0
0,1,1,0,0,0,1,0,1,1,0,1,1,0,1,1,1,1,0,0,0,1,0,1,1,1,1,1,0,1,0,0,1,1,1,0,1,1,0,0,1,0,0,0,1,1,0,0,0,1,0,0,1,0,1,1,1,1,0,0,1,1,0,0,1,0,0,1,1,0,0,1,0,1,0,0,0,0,1,0,0,0,0,1,1,1,0,0,0,0,0,0,0,1,1,1,1,0,0,0,0
0,1,0,0,1,1,1,0,0,1,0,0,0,1,0,1,0,1,1,0,1,1,1,0,1,1,1,0,1,1,1,1,1,1,1,0,1,0,0,0,1,1,0,0,1,0,1,1,0,0,0,0,1,1,0,0,0,1,0,0,1,0,1,0,1,0,0,0,0,1,0,1,0,1,1,0,0,0,0,1,0,1,0,0,1,1,0,1,0,1,1,1,0,1,1,1,1,1,1,1,1
1,0,1,1,1,1,0,0,1,0,0,0,1,0,0,1,1,1,1,1,0,1,0,1,1,1,1,1,0,0,0,0,0,1,0,1,1,1,0,0,0,1,0,1,1,1,0,0,1,0,1,0,0,0,1,1,0,0,0,0,0,1,1,1,0,1,0,1,1,0,0,0,1,1,0,0,0,1,0,1,0,1,0,1,1,1,0,1,0,1,0,1,1,0,1,0,0,1,1,1,0
1,0,0,1,0,1,1,1,0,1,1,0,0,0,1,0,0,0,1,1,0,0,0,1,1,0,0,1,1,1,1,0,0,1,1,1,0,0,0,1,1,1,0,0,1,0,1,0,1,1,1,1,0,0,0,1,1,1,1,1,0,1,0,1,0,1,0,1,0,1,0,1,0,1,0,0,0,1,1,0,1,0,1,1,0,0,1,0,0,1,1,1,1,1,1,1,1,0,0,0,1
1,0,1,0,1,1,1,0,1,1,1,1,1,1,1,0,0,0,0,0,0,1,1,1,1,1,1,1,1,0,1,0,0,0,0,0,1,1,1,0,1,0,1,1,0,0,0,1,1,0,0,0,1,0,1,1,0,0,1,0,0,1,1,0,0,1,1,1,1,0,0,0,0,1,0,0,0,0,0,0,1,1,1,1,1,0,1,1,1,1,1,0,0,1,1,1,1,1,0,0,1
1,1,0,0,0,1,1,0,1,0,0,1,0,1,0,1,1,0,0,1,0,1,1,0,0,1,1,0,1,1,0,1,0,0,0,0,0,1,1,1,1,0,0,1,1,1,0,1,0,0,0,0,0,0,0,1,0,1,1,1,0,0,1,0,1,1,1,0,1,1,1,0,0,1,0,1,1,1,0,1,1,1,0,0,1,1,0,0,1,1,0,0,1,1,0,1,0,0,1,0,0
1,0,1,1,0,1,0,0,1,0,1,0,1,0,0,0,0,1,0,1,0,1,1,1,1,0,0,1,0,0,0,1,0,1,1,0,0,1,0,1,0,0,1,1,0,1,0,1,1,0,1,0,0,1,1,1,1,1,1,0,0,1,1,1,0,1,0,0,0,0,1,0,1,0,1,1,0,0,1,0,0,0,1,0,1,0,1,1,1,0,1,1,1,1,0,0,1,0,1,0,1
0,0,0,0,1,0,1,0,0,0,1,1,1,1,0,0,0,1,1,0,0,0,1,0,1,1,1,0,1,0,0,1,1,0,1,1,0,1,0,1,1,0,1,0,1,0,1,1,0,0,1,1,0,1,1,1,0,0,1,0,1,0,1,1,0,1,0,0,0,0,0,0,1,1,1,1,1,0,1,0,0,0,1,1,1,1,0,0,0,0,0,1,1,1,1,0,1,1,0,0,1
1,1,0,0,0,1,1,0,1,1,1,1,0,1,1,1,0,0,1,0,0,1,0,1,0,0,0,1,0,0,0,1,0,0,0,0,1,0,0,1,1,1,0,1,1,1,0,1,0,0,1,1,1,1,1,0,0,0,0,1,1,1,1,1,1,1,0,1,1,1,1,0,1,0,0,1,1,0,1,0,1,0,0,0,1,0,1,0,1,0,1,1,0,0,1,0,1,0,0,0,0
0,0,0,1,0,1,1,1,0,1,1,1,0,0,1,0,1,0,0,0,0,1,1,1,0,1,1,1,0,1,0,0,1,0,1,1,1,1,0,1,1,0,0,1,0,1,0,1,1,0,1,1,1,1,0,1,1,0,1,0,1,1,1,0,0,1,0,0,1,1,0,0,0,0,1,1,0,1,1,0,1,1,1,0,1,1,1,1,0,1,1,1,0,0,1,0,0,1,1,0,0
1,0,0,1,0,0,1,0,0,0,0,0,0,1,1,1,0,0,1,0,1,0,1,0,1,0,0,1,0,1,1,0,1,1,1,0,1,1,0,0,0,0,0,1,0,0,0,0,0,1,1,1,0,1,0,0,0,1,0,1,1,1,0,0,0,0,1,1,1,0,0,0,1,1,1,0,0,1,0,1,1,1,1,1,1,0,0,1,0,0,1,1,1,1,1,0,1,1,1,1,0
0,0,1,0,1,0,1,0,0,0,1,0,1,0,0,0,0,1,0,1,0,0,1,0,1,0,1,0,1,0,1,1,0,1,0,1,0,0,0,0,1,0,1,0,1,1,1,0,0,0,0,1,0,1,0,1,1,0,1,0,1,1,0,1,1,1,0,0,0,0,0,1,1,0,0,1,0,1,0,1,0,0,1,0,0,1,1,0,1,0,0,0,1,1,0,1,1,1,1,0,1
1,0,1,1,1,1,1,1,0,1,0,1,0,0,1,1,1,0,0,1,0,1,0,0,1,1,1,0,1,0,1,0,1,0,1,0,1,1,1,1,1,1,1,1,1,1,1,1,1,0,0,1,1,1,0,0,1,0,1,0,0,0,0,0,0,0,0,0,1,0,0,1,1,0,0,1,1,0,0,0,0,0,1,1,1,1,1,1,1,0,1,0,0,1,0,0,1,0,0,0,1
0,0,0,1,1,0,1,0,1,1,0,0,0,1,1,1,0,0,0,0,0,1,1,0,0,0,1,1,0,1,1,1,1,1,1,1,0,1,1,0,1,1,1,0,0,1,1,0,0,1,0,1,1,0,1,0,1,0,1,1,0,0,0,0,1,1,0,1,1,1,0,0,1,1,0,0,1,1,0,1,1,1,0,0,0,0,0,0,1,0,1,0,1,0,1,0,0,0,0,0,1
0,0,0,0,1,1,0,1,1,0,1,0,1,0,0,0,0,0,0,0,1,1,1,0,1,0,0,0,1,1,1,0,0,0,0,1,1,0,1,1,0,1,1,0,1,0,1,0,0,1,1,0,0,0,0,1,0,1,0,1,1,0,1,1,1,0,1,0,1,1,1,0,0,0,0,1,0,1,0,1,1,1,0,1,0,0,0,1,0,1,0,1,0,0,0,0,1,0,1,0,1
0,1,1,0,1,1,1,1,1,0,1,0,0,0,1,1,0,0,1,0,1,0,0,1,1,1,1,1,1,0,1,1,1,1,1,0,1,0,0,0,1,0,0,0,0,0,1,0,1,1,1,1,0,1,1,0,0,1,1,1,1,0,1,0,0,0,0,1,1,0,0,0,0,0,1,1,1,0,0,0,1,1,1,0,0,1,1,1,0,1,1,0,0,1,0,0,1,1,0,0,1
1,1,0,0,0,1,0,1,0,1,1,1,1,1,0,1,1,1,1,1,0,0,1,1,1,0,1,0,1,1,1,0,1,0,0,0,0,0,0,0,1,1,1,0,1,0,0,1,1,0,0,1,0,0,0,0,1,0,1,1,1,1,0,1,0,1,1,0,0,1,1,1,0,0,1,0,1,1,0,0,0,0,1,1,0,0,1,1,1,0,0,0,1,1,1,1,0,0,0,1,1
1,1,0,0,0,0,0,1,0,1,1,1,1,0,1,0,1,0,1,0,0,0,1,1,1,1,1,1,0,1,0,1,0,1,0,1,0,0,1,1,1,1,1,0,0,1,1,0,1,1,0,0,1,0,1,1,1,1,1,1,0,1,0,1,1,0,1,1,0,1,1,0,1,1,0,0,1,0,0,1,1,0,1,1,1,1,0,1,0,0,1,1,0,1,0,0,1,0,1,0,1
0,0,0,1,0,1,0,0,1,0,0,1,1,1,0,0,1,1,0,1,1,1,0,0,1,1,1,0,0,0,1,1,1,0,1,1,0,0,1,0,0,0,1,1,1,1,1,1,1,0,0,1,1,0,1,0,0,1,1,0,1,1,0,1,1,0,1,1,1,0,1,1,1,1,1,0,1,1,0,1,1,0,1,1,1,1,0,0,0,0,0,0,0,0,1,0,0,1,0,1,1
1,1,1,1,0,1,1,1,0,0,1,1,0,1,1,0,0,1,1,0,0,1,1,1,0,0,1,0,1,1,1,1,1,0,1,1,1,0,1,0,0,1,0,0,0,1,1,0,0,0,0,0,1,1,1,0,0,0,1,1,1,1,1,1,0,1,0,0,0,0,1,1,0,0,0,1,0,1,0,0,0,0,1,0,1,0,1,0,1,0,1,0,1,0,1,1,0,1,0,1,0
1,1,0,1,0,0,1,1,0,0,0,1,1,0,0,1,1,0,0,0,1,0,0,1,0,0,0,0,0,0,1,1,0,1,1,0,0,0,0,1,0,0,1,1,0,1,1,0,1,0,1,1,1,0,0,0,0,1,1,1,0,0,1,1,1,1,1,1,1,0,0,0,0,1,1,1,0,0,1,1,0,0,1,1,1,1,1,1,1,1,0,0,1,1,0,1,0,0,1,0,1
1,0,0,1,0,1,0,1,1,0,1,1,0,0,1,1,0,1,0,1,1,1,1,1,1,0,1,1,1,0,1,1,1,1,1,0,0,0,1,1,1,0,0,0,1,0,0,0,1,1,1,0,1,0,1,1,1,1,1,1,0,1,1,1,0,0,1,1,0,0,1,0,1,0,0,1,0,1,1,1,0,0,0,0,0,0,0,1,1,1,1,0,0,0,1,1,0,0,0,0,1
0,1,1,1,0,0,1,0,0,1,1,1,0,1,0,1,1,1,0,0,1,1,0,1,0,0,1,1,0,0,1,0,0,0,0,1,1,0,0,0,0,1,0,1,1,0,1,0,1,0,1,1,0,1,0,1,0,1,1,1,0,1,1,1,0,0,0,0,1,0,1,1,0,1,0,0,0,1,1,0,1,0,1,1,0,0,1,1,0,1,1,1,0,0,0,0,0,1,0,1,0
0,1,0,0,0,1,1,1,1,0,1,0,0,0,0,1,0,1,1,0,0,1,1,1,0,0,1,0,0,0,1,0,0,0,0,1,1,0,0,0,1,1,0,1,0,0,0,0,0,1,1,1,1,1,0,1,0,0,0,0,0,1,0,1,1,0,1,0,1,0,1,1,1,0,1,0,1,1,0,1,1,1,1,1,0,1,1,0,1,0,0,1,0,1,1,1,1,0,0,0,0
1,0,1,0,1,0,0,0,0,0,1,0,1,1,1,1,0,1,1,0,0,1,1,0,1,1,0,0,1,1,0,0,1,1,0,1,0,0,0,1,0,0,0,0,0,1,0,1,1,0,1,1,0,0,0,1,0,0,1,0,0,1,0,1,0,1,0,1,1,0,0,0,1,1,1,1,0,0,1,1,1,1,1,1,0,0,1,0,0,1,0,1,0,0,1,0,1,0,1,1,1
1,0,1,1,0,0,0,0,0,0,0,1,0,0,0,0,0,0,0,1,1,0,0,0,0,1,1,0,0,1,1,1,1,0,1,1,1,0,1,1,1,1,0,0,1,1,0,0,1,0,1,0,1,1,0,0,0,0,0,1,0,0,0,1,1,1,1,1,1,1,1,1,0,0,0,1,0,1,1,0,0,1,1,0,1,0,1,0,1,0,0,0,0,1,0,1,1,0,0,1,1
1,1,0,1,0,1,1,0,1,1,0,0,0,0,0,0,1,1,1,0,1,0,0,0,1,1,0,1,1,1,1,0,1,0,0,1,1,1,0,1,0,0,1,1,1,0,1,1,1,1,0,0,1,1,0,0,1,0,1,0,0,0,1,1,0,1,0,0,1,1,1,0,1,0,0,1,1,1,0,0,1,1,1,1,0,0,0,1,1,0,0,1,0,1,1,0,0,0,1,1,1
0,0,1,0,0,0,1,1,1,0,1,1,1,0,0,0,0,0,0,0,1,0,1,1,0,0,1,1,0,1,0,0,1,0,1,0,1,1,0,1,1,1,0,0,0,0,1,1,1,0,0,1,1,1,0,1,0,0,0,1,1,0,1,1,1,1,1,0,1,1,0,0,0,0,0,0,0,0,1,1,0,0,0,0,0,0,1,0,1,1,0,1,1,1,1,1,0,1,0,1,0
1,1,0,0,0,1,0,0,1,0,0,0,0,0,0,0,0,1,1,1,0,0,0,1,0,1,0,1,0,1,0,1,1,1,1,0,1,0,0,0,1,0,1,1,1,0,0,0,1,1,0,0,1,1,0,0,0,1,1,1,1,1,1,0,1,1,1,0,1,1,0,1,0,0,0,0,0,0,1,0,0,0,1,1,0,0,1,0,1,0,1,0,0,1,0,0,1,0,0,0,1
1,1,1,1,1,0,0,1,1,0,1,1,1,1,1,0,1,1,0,1,0,0,1,0,0,0,0,0,1,0,0,0,1,1,0,1,0,0,1,0,1,1,1,1,0,0,1,0,1,0,0,0,0,1,1,0,1,0,0,1,0,0,0,0,1,0,0,1,0,0,1,0,1,1,1,0,0,0,0,0,1,0,0,0,0,0,0,1,0,1,0,1,0,1,0,0,1,0,0,0,1
0,0,1,0,1,0,1,1,1,0,0,0,0,0,1,1,0,1,1,0,1,0,1,1,0,1,0,1,1,1,1,0,0,1,0,0,1,1,1,0,0,0,1,0,0,1,1,0,1,0,1,0,1,1,1,0,0,0,0,0,1,1,1,1,1,0,0,1,1,1,0,0,1,1,0,1,0,0,1,1,0,0,0,1,1,1,1,1,1,0,1,0,1,1,1,0,1,0,1,1,1
0,1,0,0,1,0,0,1,1,1,0,0,0,0,0,0,1,1,1,0,1,1,0,0,1,0,1,1,0,1,1,0,0,0,1,1,0,0,0,1,0,0,0,1,0,1,1,1,0,1,1,1,1,0,0,1,1,1,0,1,0,1,0,1,0,0,0,0,0,1,1,1,0,0,1,0,0,1,0,0,0,1,0,1,1,0,1,0,1,0,1,1,0,1,1,1,0,0,1,1,1
1,0,1,1,1,1,1,1,0,1,0,0,0,0,0,1,0,0,1,1,0,0,1,0,1,0,1,0,1,1,1,1,0,1,0,1,1,1,0,1,1,1,0,0,0,1,1,0,1,1,1,1,0,0,1,0,1,1,0,1,1,1,1,1,1,1,0,1,0,0,0,0,0,1,0,1,0,0,0,1,0,1,0,0,1,0,1,0,0,0,0,0,0,0,1,0,0,0,1,0,1
0,1,1,1,1,1,1,0,0,0,1,1,0,0,0,1,0,0,1,1,1,0,1,1,1,0,0,0,0,1,1,1,0,0,0,0,1,1,0,1,0,1,1,1,1,0,0,0,0,1,0,0,1,1,0,0,1,1,1,1,1,0,0,1,1,0,0,0,1,1,1,1,1,0,1,1,0,0,1,1,0,1,0,1,0,0,0,1,1,0,1,1,1,1,1,0,0,0,0,1,0
1,0,0,0,1,1,1,0,0,0,1,1,0,1,1,0,1,1,1,1,0,1,0,1,0,0,0,1,0,1,0,1,0,1,0,1,0,0,1,0,0,0,0,0,1,0,0,1,1,1,0,1,1,1,1,0,1,0,1,0,0,0,1,0,1,0,0,0,1,1,0,0,0,1,0,1,0,1,0,0,0,0,1,1,1,0,0,1,0,0,0,0,1,1,1,1,1,1,0,1,1
0,0,0,0,1,1,0,1,1,0,1,0,0,1,0,1,1,1,0,0,1,1,1,1,0,1,0,1,1,0,0,0,0,0,0,1,0,1,1,1,1,0,0,1,1,0,1,1,1,1,0,0,0,0,1,0,1,0,1,0,1,0,1,0,1,0,1,0,0,0,1,1,0,1,0,1,1,0,1,0,1,0,1,0,0,0,0,0,1,0,0,0,1,1,1,1,0,1,1,0,1
1,1,0,1,1,1,1,0,1,1,0,1,0,0,0,0,1,0,0,1,1,0,1,1,1,0,0,0,1,1,1,1,0,0,1,1,1,1,1,1,0,1,0,0,0,1,0,0,0,1,0,1,1,0,0,1,1,0,1,1,0,0,1,0,1,1,0,0,0,1,0,0,1,1,1,1,1,1,1,1,0,1,0,0,0,0,1,0,0,0,1,0,0,0,1,1,1,0,0,0,1
0,1,1,1,0,1,0,1,1,1,0,1,0,1,1,1,1,1,1,0,0,1,0,1,1,1,0,0,0,0,0,1,1,1,0,0,0,0,1,1,1,0,1,0,1,0,0,1,1,1,1,0,1,1,1,1,0,1,0,1,1,1,1,0,0,1,1,1,1,0,1,1,1,0,0,0,0,0,1,1,0,0,0,0,0,0,0,0,0,0,0,0,1,1,0,0,0,0,0,1,1
0,1,0,0,0,1,0,0,0,0,1,0,0,0,1,0,1,1,0,0,0,1,0,1,0,0,1,0,1,0,0,0,0,1,0,1,0,0,0,0,1,0,1,1,0,1,0,1,0,1,0,1,1,0,0,1,1,1,1,1,1,1,0,0,1,1,0,0,1,1,0,1,0,1,0,0,1,0,0,0,1,1,1,1,1,1,0,1,1,0,0,0,0,1,0,1,0,1,1,1,0
1,0,1,0,1,1,0,0,0,1,1,0,1,1,0,0,0,0,0,0,0,1,1,0,1,1,1,0,1,0,1,1,0,1,0,1,1,1,0,1,1,1,1,0,1,0,0,0,0,0,1,0,1,0,0,1,1,0,0,0,0,1,0,0,1,0,0,1,1,0,0,1,0,1,1,0,1,0,1,0,0,0,1,1,1,0,1,0,0,0,1,0,1,0,1,0,0,0,0,1,1
0,1,1,0,0,1,1,0,0,0,0,0,1,1,1,1,1,0,1,1,0,1,0,1,0,0,1,0,1,1,0,0,1,0,0,1,1,0,1,1,0,0,1,0,0,1,0,1,1,0,0,0,0,1,0,0,1,1,0,0,0,1,0,1,1,1,1,1,1,0,0,1,0,1,0,0,1,0,0,1,0,0,0,0,0,0,0,0,0,1,0,0,1,1,1,0,0,1,0,0,0
1,1,0,0,0,1,1,1,0,1,1,0,0,0,1,1,1,0,1,0,1,1,1,0,1,1,1,0,0,1,1,0,1,0,1,0,0,0,0,0,0,1,1,0,1,0,1,0,0,0,0,0,1,0,1,0,0,1,1,1,1,0,1,0,0,1,0,0,1,0,0,0,0,1,0,1,0,0,0,1,0,0,0,1,0,1,0,1,1,1,1,0,0,1,1,0,0,1,1,1,0
1,0,0,1,1,1,0,0,1,1,1,1,0,0,1,0,0,0,0,1,1,0,0,0,1,0,1,0,0,1,1,1,1,1,0,0,1,0,1,1,0,1,1,1,1,1,1,1,1,1,1,0,1,1,1,1,1,1,1,1,0,0,0,1,0,1,1,0,0,1,0,1,0,1,1,1,0,1,0,0,0,0,0,0,1,1,1,0,1,1,1,1,0,0,1,1,1,0,0,0,0
0,1,1,1,0,1,0,1,1,0,0,0,1,0,0,0,0,1,0,0,0,1,0,0,1,1,0,0,0,0,0,0,0,1,0,1,0,1,1,1,1,1,1,1,1,1,0,1,0,0,0,1,0,1,0,0,1,1,1,1,1,1,1,1,1,1,0,1,1,1,1,0,1,0,1,0,1,0,0,1,1,1,0,0,0,1,1,0,1,1,0,0,0,1,0,0,0,1,1,0,1
1,1,1,0,0,1,1,1,1,0,0,0,1,0,0,0,1,0,1,1,1,0,0,1,1,0,0,1,1,0,1,1,0,0,1,1,1,0,0,1,0,0,0,1,0,0,0,0,1,0,1,1,0,1,1,0,0,0,0,1,0,0,1,0,1,0,1,0,0,1,0,1,0,0,0,0,1,0,1,0,0,0,1,0,0,0,0,0,0,1,1,0,0,1,1,0,0,1,1,1,1
0,0,0,1,1,0,0,0,0,1,1,1,0,1,1,0,1,0,1,1,1,1,1,1,1,1,0,1,1,0,0,1,0,1,1,0,0,1,1,0,0,1,1,1,0,0,0,0,1,1,1,1,1,0,0,1,1,1,0,1,0,1,0,1,1,1,1,1,1,0,0,0,1,1,1,0,1,0,0,0,0,0,0,1,1,0,0,0,0,0,0,0,0,1,1,0,0,0,1,0,1
1,0,0,0,0,0,1,0,1,1,0,1,0,1,1,0,0,0,0,0,1,0,0,0,0,1,0,0,0,1,1,0,1,1,0,1,0,0,0,1,1,1,1,0,1,1,0,1,1,0,1,1,1,0,0,1,0,1,0,1,1,1,0,1,0,1,1,1,1,0,1,0,1,0,0,0,0,0,1,1,1,1,1,0,1,1,0,1,0,0,0,0,1,0,1,1,0,1,1,0,1
1,1,1,1,1,0,1,0,0,0,0,1,1,1,0,0,0,1,1,0,0,1,1,0,1,1,1,0,0,0,0,0,0,1,0,0,1,0,0,0,1,0,0,0,0,0,1,1,0,1,1,1,0,1,1,0,0,0,0,1,1,1,0,0,0,1,0,0,0,0,0,1,1,1,1,1,1,1,0,1,0,0,1,0,1,1,0,1,1,1,1,1,1,0,0,0,1,0,0,1,1
1,0,1,1,0,0,1,1,0,0,0,1,0,0,0,0,1,0,1,1,0,1,0,0,0,1,0,1,0,0,1,0,0,1,1,0,0,1,1,0,1,0,0,0,0,1,0,1,0,0,0,1,0,1,1,1,0,1,0,0,1,1,1,1,0,1,0,1,0,0,1,0,1,0,0,1,0,0,0,1,0,1,1,0,0,0,0,1,0,0,1,1,1,1,0,1,1,1,0,0,1
1,1,0,1,0,0,1,1,1,1,1,1,0,0,0,0,1,0,0,0,1,0,1,1,0,1,1,1,1,1,1,1,0,1,1,0,0,1,0,0,0,0,0,0,0,1,1,1,1,1,1,0,0,1,0,1,0,1,0,1,0,1,1,1,0,0,1,0,1,0,0,0,1,0,0,0,1,0,1,0,0,1,0,1,1,0,1,1,1,1,0,1,1,1,0,0,1,0,1,0,1
0,1,0,0,0,1,1,0,0,1,0,0,1,1,1,0,0,0,1,0,0,0,1,0,1,1,1,0,1,0,1,0,0,1,0,0,0,1,0,1,1,1,0,0,1,1,1,0,0,0,1,0,0,1,0,0,0,1,1,0,0,0,1,1,0,1,0,0,1,1,1,0,1,0,0,0,1,0,0,0,1,1,1,0,0,0,0,0,1,0,0,1,0,0,1,1,1,1,0,1,0
1,0,1,1,1,0,1,0,0,1,1,1,0,0,0,0,0,1,1,0,0,1,0,1,0,1,0,1,1,1,1,1,0,1,1,0,0,0,1,1,1,1,0,1,0,1,1,1,0,1,0,1,1,0,0,1,1,0,1,0,1,0,1,0,1,0,1,0,1,0,1,0,1,1,1,1,0,0,1,1,1,0,0,0,1,1,1,0,0,0,1,0,0,1,0,1,1,1,0,1,1
1,1,1,0,0,1,1,0,1,0,1,0,1,0,1,1,1,0,1,0,0,1,0,1,1,0,1,0,1,0,1,0,0,0,0,0,1,0,0,1,0,0,1,0,0,1,0,1,1,0,1,1,1,0,1,1,1,1,0,0,0,0,1,1,0,1,1,1,1,0,1,1,0,1,1,1,0,1,1,0,1,1,0,0,1,1,1,1,1,1,0,0,1,0,0,1,1,0,0,0,0
1,0,1,0,0,0,1,0,0,0,0,1,0,0,1,1,0,0,1,0,0,1,1,0,0,1,0,0,0,0,1,0,0,0,0,0,0,0,1,1,0,0,0,0,0,1,1,0,0,1,0,1,1,0,0,1,1,1,1,1,1,0,1,0,0,0,1,1,0,0,1,0,1,1,1,0,1,0,0,1,1,0,0,1,0,0,0,1,1,0,0,0,0,0,1,0,0,1,0,0,1
0,1,0,0,1,0,0,1,1,0,1,1,0,0,1,0,0,1,1,0,0,0,0,1,0,0,0,1,1,0,0,1,0,1,1,1,0,0,0,0,0,1,0,0,0,1,1,1,0,0,0,1,0,0,0,0,0,0,0,0,1,1,0,1,0,0,0,1,0,1,0,1,0,1,0,0,0,1,0,1,1,0,1,1,1,0,1,0,1,1,1,0,0,1,0,1,0,1,1,1,1
1,1,1,0,0,1,0,1,0,1,0,0,0,0,0,1,1,0,1,1,1,1,0,1,0,0,0,1,0,0,1,0,0,0,1,1,0,0,0,1,1,1,0,0,0,0,0,1,0,1,1,1,1,1,0,0,1,0,1,1,1,1,0,1,1,0,1,0,1,1,0,1,0,0,1,0,0,1,1,0,0,0,0,1,1,0,0,0,1,0,1,0,0,0,1,1,0,1,0,1,1
0,0,0,1,0,1,1,1,1,1,0,1,0,1,0,1,0,0,1,0,0,0,0,0,0,0,0,1,1,1,0,1,1,1,0,0,0,0,0,1,0,1,1,0,1,1,1,1,0,1,0,0,0,1,0,0,0,0,1,1,1,0,1,1,0,1,1,1,0,0,0,0,0,0,1,0,1,1,0,1,1,1,1,0,1,0,1,0,0,1,0,0,1,0,1,1,0,0,1,1,0
0,1,1,0,1,1,0,0,1,1,0,0,1,0,1,1,1,1,0,0,1,0,1,1,0,0,1,0,1,0,0,0,1,1,0,0,0,0,0,1,0,1,0,1,1,1,0,0,1,0,1,0,0,1,1,0,1,0,1,0,1,0,0,1,0,0,1,0,0,0,1,1,1,0,1,0,1,1,0,1,0,0,0,1,0,0,0,0,0,0,0,0,0,1,0,1,0,0,1,1,0
0,1,1,1,0,1,0,0,1,1,0,1,0,0,1,1,0,1,1,1,0,1,0,0,1,1,0,0,0,0,0,1,1,1,0,1,0,0,1,0,0,0,1,0,1,0,0,0,1,1,1,1,1,0,1,1,1,0,0,0,0,0,1,0,0,0,0,0,1,1,1,1,1,1,1,0,0,0,0,0,0,0,0,1,0,0,0,1,0,1,0,1,1,1,0,1,0,0,0,0,1
0,1,0,1,0,1,1,1,1,0,1,0,0,1,1,0,1,0,1,0,0,1,0,0,0,1,0,0,1,0,0,0,0,1,0,1,1,0,1,0,1,0,1,1,0,1,0,0,1,0,1,1,1,1,1,1,0,0,1,1,0,0,1,0,1,0,0,1,0,0,0,1,1,0,0,0,1,0,0,0,1,0,0,1,1,1,0,0,1,0,1,0,1,1,0,1,0,0,0,1,0
1,0,0,1,1,0,1,0,0,1,1,1,0,0,0,1,1,0,1,1,0,0,1,0,0,0,0,1,0,1,0,0,1,0,1,1,0,1,1,1,1,1,0,0,1,1,0,1,0,1,1,0,0,0,0,0,0,0,0,0,0,0,0,1,1,1,1,1,0,1,0,1,0,1,1,1,1,1,1,0,1,1,1,0,0,0,1,1,1,0,1,0,0,0,0,1,0,0,0,1,1
1,1,1,0,1,0,1,0,1,0,1,0,0,1,0,1,1,1,0,1,1,0,1,0,0,1,1,1,0,1,1,0,0,0,0,1,1,1,1,1,0,0,0,1,1,1,0,1,0,0,1,1,0,0,1,1,0,0,0,0,1,1,1,1,1,0,0,0,0,0,0,1,1,0,1,0,0,0,1,1,0,1,0,1,0,1,0,0,1,1,1,1,1,1,0,1,1,1,1,0,1
0,1,1,0,1,0,1,1,1,1,1,1,1,1,1,0,0,1,1,1,1,1,1,0,0,1,0,1,0,0,1,1,1,0,0,1,1,1,1,1,1,1,1,1,0,1,0,1,1,0,1,0,1,0,0,1,1,0,1,0,1,0,1,0,1,1,0,1,0,0,1,1,0,0,1,1,1,0,1,0,0,1,0,0,0,1,0,1,1,0,1,1,0,1,1,0,0,1,1,1,1
1,0,1,0,1,1,0,0,0,0,0,0,0,0,0,0,1,0,1,1,1,0,0,1,0,0,1,0,0,1,1,0,0,1,0,0,0,1,0,1,0,1,0,1,0,0,0,1,0,0,0,0,1,0,0,0,1,0,0,1,0,1,0,1,0,1,1,0,1,1,0,1,0,0,0,1,1,1,1,1,0,1,0,0,1,1,1,1,1,0,0,1,1,1,0,0,1,0,0,0,1
1,0,1,1,1,1,0,1,0,1,1,0,0,1,1,1,1,1,0,1,0,1,1,0,0,0,0,0,0,0,1,1,0,0,0,1,1,0,0,0,0,0,0,1,1,0,1,0,0,0,1,1,0,1,1,0,0,0,1,0,0,1,1,1,1,0,1,1,1,0,1,1,1,0,0,0,1,1,1,1,0,1,0,0,0,0,1,0,0,1,0,1,1,0,0,0,1,1,1,1,1
1,1,1,1,0,1,1,0,0,1,1,0,0,0,1,0,0,0,0,1,1,1,0,0,0,1,1,0,1,1,1,1,0,1,0,0,0,1,0,1,0,0,0,1,1,1,1,0,0,0,1,0,0,1,0,0,0,1,1,0,0,1,1,0,1,0,0,1,1,0,1,0,1,1,1,0,1,1,1,1,1,0,0,0,1,0,0,0,1,0,0,1,1,1,1,0,0,1,1,0,0
1,0,0,1,1,0,0,1,1,1,1,0,0,0,0,0,0,1,0,0,1,0,1,0,0,1,1,1,1,1,1,1,0,0,0,0,0,0,1,1,1,0,0,0,1,0,0,1,0,1,1,1,1,0,1,0,0,0,0,1,0,1,0,0,1,0,1,1,0,1,0,1,1,1,1,1,1,0,1,1,0,1,1,0,0,1,1,0,1,0,1,1,0,1,1,1,1,0,0,0,1
1,1,0,0,1,0,1,0,0,0,1,1,0,0,1,1,1,1,1,0,1,0,0,0,0,1,1,1,1,1,0,0,0,1,1,0,0,0,1,0,0,1,0,0,1,0,1,0,0,0,1,1,1,0,0,0,0,0,0,0,1,0,1,0,0,1,0,1,1,0,0,1,0,1,0,1,1,0,0,0,1,0,0,0,0,0,1,0,0,1,0,0,1,1,1,0,1,0,0,0,0
1,0,0,1,0,1,1,1,0,1,0,0,0,0,0,1,1,0,0,0,0,1,1,0,1,1,0,1,0,0,1,1,1,1,0,0,0,0,1,1,1,0,0,0,0,0,1,0,0,1,1,1,0,0,0,1,1,0,0,1,0,1,1,1,0,1,0,0,1,0,0,0,1,1,1,0,0,1,0,1,1,1,0,0,0,0,1,1,1,0,0,1,0,0,0,1,0,1,1,1,1
1,1,1,1,0,0,1,0,0,0,0,1,1,1,0,0,1,1,1,0,1,1,0,1,1,1,0,0,1,1,1,0,1,0,0,0,1,1,0,1,1,1,1,1,1,1,0,0,0,0,1,0,0,0,1,1,0,1,0,0,1,1,1,1,0,1,1,1,1,0,0,1,1,1,0,0,1,0,0,1,1,0,1,1,0,0,1,1,0,0,1,1,1,0,0,0,1,1,1,1,0
1,0,1,0,0,0,1,0,1,1,1,1,0,1,0,1,1,0,0,0,1,1,0,0,1,1,1,0,1,0,0,0,0,0,0,1,1,0,1,1,0,1,1,1,0,1,1,0,1,0,1,0,0,0,0,0,1,1,1,0,0,0,1,1,1,0,1,1,1,0,1,0,0,1,0,0,1,1,0,0,0,0,1,0,0,0,1,1,0,1,1,1,1,1,0,1,1,0,0,1,0
0,0,1,1,1,0,0,0,0,1,1,1,0,1,1,1,0,0,0,1,1,1,1,0,0,0,0,0,1,1,1,1,1,0,1,1,1,0,0,1,1,1,1,0,1,0,0,0,1,1,1,1,1,1,1,1,1,0,0,1,0,0,0,0,1,0,1,1,0,0,1,0,1,1,0,1,1,1,0,1,1,0,1,0,1,1,1,1,1,1,1,0,0,1,0,0,0,1,0,0,1
1,0,0,1,1,1,0,0,0,0,1,0,1,0,0,0,0,1,1,0,0,0,1,1,0,0,0,0,0,1,1,1,1,0,0,0,0,0,0,1,1,1,0,1,1,1,1,1,0,1,1,1,1,0,1,1,0,1,0,0,0,0,1,0,1,0,0,0,1,0,1,1,1,0,0,0,0,0,0,0,1,1,1,1,1,0,1,1,1,1,1,0,0,0,0,0,1,0,1,1,1
1,1,1,1,0,1,1,0,0,1,1,1,0,0,1,0,1,0,1,0,0,1,0,0,0,0,1,0,1,0,1,1,0,0,0,0,1,0,0,0,0,1,1,1,0,1,0,0,1,0,1,0,0,0,1,1,1,1,1,1,1,0,0,0,0,1,0,0,1,0,0,0,0,1,1,0,1,1,0,0,0,0,1,0,1,0,1,1,0,0,0,0,1,0,1,0,1,0,1,0,0
1,1,1,1,0,0,1,0,1,0,1,1,1,1,0,1,1,1,0,0,0,1,0,0,0,0,1,0,1,0,0,0,1,0,0,0,0,0,0,1,1,1,1,0,1,1,0,1,1,1,0,1,0,1,0,1,1,1,1,1,1,1,1,0,0,0,1,1,0,0,0,0,1,1,0,1,0,0,1,0,0,1,0,1,0,0,1,0,1,0,0,1,0,0,0,1,0,0,0,1,0
0,1,0,1,0,0,0,1,1,1,1,0,1,1,1,0,0,0,1,1,1,0,0,0,0,0,1,1,0,0,0,0,0,0,1,1,1,1,1,1,1,1,0,1,0,0,1,0,1,1,0,0,0,0,0,1,0,1,0,1,0,1,0,1,1,0,0,0,0,1,0,1,1,0,0,1,0,1,0,1,1,0,0,1,1,0,1,1,1,0,0,1,1,0,0,1,0,0,1,1,0
0,0,0,0,1,1,0,0,0,1,1,0,1,1,0,0,0,0,0,0,1,1,0,0,0,1,1,0,1,1,1,1,0,1,0,1,0,0,1,0,0,0,0,0,0,0,1,1,0,1,0,1,0,1,0,1,1,0,0,0,0,0,1,0,0,0,0,0,1,1,0,1,1,1,1,1,0,0,0,0,0,0,0,0,0,0,1,0,1,0,1,0,0,1,1,0,0,0,0,0,1
1,1,1,1,0,0,0,1,1,1,1,0,0,1,1,0,0,0,0,1,1,1,0,0,1,1,0,0,0,1,0,1,1,0,0,0,1,0,1,1,1,1,0,0,1,1,0,1,0,0,0,1,1,1,0,0,0,1,1,0,1,1,0,0,0,0,0,0,0,1,1,0,1,0,0,1,1,0,1,1,0,1,0,0,1,1,0,1,0,1,0,0,0,0,1,0,1,0,0,0,1
1,0,1,0,0,0,0,1,0,1,1,1,0,1,1,0,0,0,1,1,1,0,1,0,1,1,1,0,0,0,0,1,1,0,1,1,1,1,1,1,0,1,1,0,0,0,1,0,0,1,0,1,0,1,1,0,1,0,0,1,1,0,0,0,1,1,1,1,1,1,0,0,0,1,0,0,1,0,1,0,1,0,0,1,0,0,0,0,0,1,0,1,1,1,0,1,0,1,0,1,1
1,1,1,0,1,0,1,0,1,1,0,0,0,0,1,1,1,1,1,0,0,0,1,1,0,0,0,0,1,1,1,1,0,1,0,0,0,0,0,1,0,1,0,0,0,0,0,0,0,0,1,1,0,1,0,1,0,0,1,0,0,1,0,1,1,0,1,1,1,0,0,0,0,0,1,1,0,0,1,1,1,0,1,1,1,0,1,1,1,1,1,1,0,0,0,1,1,0,0,1,1
1,1,0,0,1,0,0,0,1,1,0,1,1,0,0,0,0,0,0,1,1,1,1,0,1,0,0,1,0,0,0,0,0,0,1,1,0,1,0,0,0,1,1,1,0,1,1,0,0,0,0,1,0,0,1,1,0,0,1,1,1,0,0,1,1,1,1,0,1,0,1,0,1,0,1,1,1,1,1,0,1,0,1,0,0,1,0,0,1,0,0,1,1,1,0,0,1,1,0,1,1
0,1,0,1,0,1,0,1,0,1,1,1,0,1,0,1,0,1,1,0,1,0,1,1,0,1,0,1,1,1,1,1,1,0,0,1,1,0,0,0,1,0,0,0,1,0,1,1,0,1,1,1,1,0,0,0,1,1,0,1,0,0,0,0,0,0,0,0,0,0,0,0,1,0,1,0,0,0,1,0,0,1,1,1,0,0,1,0,0,0,1,1,0,0,1,1,1,1,1,0,1
0,1,0,1,1,1,1,0,0,1,0,1,1,1,1,0,0,0,0,0,1,1,1,0,0,0,0,1,1,0,0,0,1,1,0,0,0,1,0,1,1,0,1,0,0,1,0,1,1,0,0,0,0,1,0,1,1,0,1,0,0,0,1,1,1,1,0,0,1,1,0,1,1,1,1,1,1,1,1,1,1,0,1,1,1,0,1,1,0,1,1,1,1,1,0,0,1,0,1,0,0
0,0,0,0,0,0,0,0,1,0,1,1,0,1,0,0,1,0,1,1,0,0,1,0,0,1,0,1,1,1,1,1,1,0,1,0,0,0,0,1,1,0,0,0,0,1,1,0,1,1,0,1,1,0,0,1,1,0,0,0,0,0,0,1,0,1,1,0,0,1,0,1,0,1,1,0,1,0,0,0,0,0,0,1,0,1,1,0,0,1,1,0,0,1,1,1,1,0,0,0,1
0,1,1,0,1,1,0,1,1,1,1,0,1,1,1,1,1,0,1,0,0,0,0,1,0,1,0,1,1,0,0,0,1,1,1,0,1,1,0,0,1,1,1,0,0,0,0,1,1,1,1,0,1,1,1,0,0,1,0,0,1,0,0,1,1,0,0,1,0,1,0,1,1,0,1,0,1,1,1,0,1,0,0,0,1,0,0,0,1,1,0,0,1,1,1,0,1,1,0,0,1
0,1,0,0,0,1,0,1,0,1,0,0,0,0,1,0,1,1,0,1,0,0,0,0,1,1,0,0,1,0,1,0,0,1,0,1,1,1,0,0,1,0,0,0,1,1,1,1,0,0,0,1,0,1,1,1,1,1,1,1,0,1,0,1,1,0,0,1,0,0,1,1,1,0,1,0,0,0,0,1,0,1,1,0,1,0,1,1,0,1,0,1,0,0,0,0,1,0,1,1,1
1,0,1,1,0,0,0,1,0,0,1,0,0,1,1,1,0,0,1,0,0,1,1,1,0,1,0,1,1,0,0,1,0,0,1,0,1,1,0,0,0,0,1,1,1,0,0,0,0,0,0,1,0,1,1,0,0,0,1,1,1,1,0,0,1,1,1,0,0,1,0,0,1,1,1,1,0,0,1,0,1,0,0,0,0,1,0,1,1,0,1,1,1,0,0,1,0,1,0,1,0
0,1,1,0,0,1,1,0,1,0,1,0,0,0,0,1,1,1,0,1,1,1,1,0,0,0,1,0,0,0,0,1,1,1,1,0,1,0,1,0,0,1,0,1,0,1,0,0,1,0,1,0,0,1,1,0,0,0,0,1,0,0,1,1,0,1,0,1,1,1,0,1,1,0,0,1,0,1,1,0,1,0,1,0,0,1,0,1,1,1,1,0,1,0,0,1,0,1,0,1,0
0,0,1,1,1,0,0,0,1,0,0,1,0,0,1,0,0,0,1,0,0,0,0,0,0,0,0,0,0,1,1,0,1,1,1,0,1,1,1,1,0,1,0,1,1,1,0,0,1,0,0,1,1,0,0,0,1,1,0,1,0,1,1,1,0,1,0,0,1,0,1,0,1,1,0,0,1,1,0,0,0,0,1,0,1,1,1,1,0,1,1,1,1,1,0,1,0,1,1,0,0
1,0,0,1,0,1,1,1,1,1,0,1,1,1,0,0,0,0,1,1,1,1,1,0,1,1,0,0,1,0,0,0,1,0,1,0,0,1,1,0,0,0,0,0,1,1,0,0,0,0,0,1,0,1,1,1,1,1,0,0,1,0,1,0,0,1,0,0,1,1,0,1,1,1,1,1,1,1,0,0,0,1,1,0,1,1,0,0,0,1,0,1,1,1,0,1,0,1,0,0,1
0,1,1,1,0,1,1,1,0,0,1,1,0,1,0,0,0,0,1,0,0,0,1,0,1,1,0,0,1,0,0,0,1,1,1,1,0,1,1,1,0,1,1,1,0,0,0,1,0,0,1,0,1,1,0,1,0,1,1,0,0,0,0,1,0,0,1,1,0,1,1,1,0,1,0,1,0,1,0,1,1,0,0,1,0,0,1,0,0,1,0,1,0,1,1,0,0,1,1,0,1
0,0,1,1,0,0,1,1,1,0,0,0,0,0,1,1,1,0,0,0,0,1,1,1,0,0,0,0,0,1,0,1,1,0,0,0,0,0,1,1,1,1,0,0,0,0,1,1,1,1,1,0,1,0,1,1,0,1,0,1,0,1,0,0,1,0,0,0,0,0,0,1,1,0,0,1,0,0,1,1,1,0,0,0,1,1,1,0,1,0,0,1,0,1,1,0,1,0,1,0,0
1,0,1,0,0,1,0,1,0,1,1,1,0,0,1,0,0,1,0,0,0,0,1,0,1,1,1,0,1,1,0,0,1,1,0,0,0,1,0,1,1,0,0,1,0,1,1,0,0,0,1,0,1,1,1,0,0,1,1,0,1,1,1,1,0,0,0,1,1,1,0,1,1,0,0,1,0,0,1,0,1,1,1,1,1,0,1,1,0,1,1,1,1,0,0,0,1,1,0,0,1
1,1,1,1,0,0,1,1,1,1,0,0,1,0,1,1,0,0,0,1,0,0,0,1,1,0,0,0,1,1,0,0,0,1,0,1,0,1,0,0,1,0,1,0,0,1,1,0,1,1,0,0,0,1,0,0,0,0,0,1,0,0,0,1,1,0,1,1,0,1,1,1,1,0,1,0,1,1,1,0,0,1,0,0,1,1,1,1,1,1,0,0,0,1,0,0,0,0,0,0,1
0,1,1,0,0,0,1,1,0,0,1,0,0,1,0,0,0,0,0,1,0,0,0,0,1,0,1,0,0,1,1,0,1,1,1,0,1,0,1,1,1,0,1,1,0,0,0,1,0,0,1,1,1,0,1,1,1,1,0,1,0,0,0,0,1,1,0,1,0,1,0,0,0,0,0,0,0,0,0,1,1,0,0,0,0,1,0,0,0,1,0,1,0,0,1,1,1,1,1,0,1
1,1,1,1,1,1,0,1,0,1,1,0,0,0,1,1,0,1,0,0,1,1,1,1,1,0,1,1,1,1,1,0,0,1,1,1,1,1,0,0,0,0,1,0,0,0,0,1,1,0,0,1,1,1,0,0,0,0,0,0,0,0,0,1,0,0,1,1,0,0,1,1,0,1,0,1,0,1,0,0,0,0,1,1,1,1,1,1,1,1,1,0,1,0,1,0,1,0,1,1,1
0,0,1,0,1,0,1,1,0,0,0,0,1,1,0,0,0,1,0,0,0,0,1,0,1,1,0,0,1,1,1,1,0,0,0,1,0,1,0,0,1,0,0,0,0,1,1,1,1,1,1,0,0,1,0,1,1,1,1,1,0,0,0,0,0,0,0,1,1,1,1,0,0,0,0,0,0,0,0,0,1,1,0,0,0,0,0,0,0,0,0,0,1,1,0,0,1,0,0,1,1
1,0,1,0,1,1,0,0,1,0,1,0,1,0,1,1,1,0,0,0,1,1,1,0,1,0,1,0,1,0,1,0,1,0,0,0,0,0,0,1,1,0,1,1,0,0,0,0,1,1,1,0,0,0,0,1,1,1,1,0,1,1,0,1,1,0,0,0,0,1,1,1,0,1,1,0,1,1,0,1,0,0,1,0,0,0,1,0,1,1,1,0,0,1,1,1,0,1,0,1,1
1,1,1,0,0,1,1,0,0,1,1,0,0,0,0,0,1,0,1,1,1,1,1,0,1,0,1,1,0,0,1,1,1,0,0,0,1,0,1,0,0,1,0,0,1,0,1,0,0,1,1,0,1,1,0,0,0,1,1,1,1,0,0,1,0,0,0,1,0,1,0,0,0,0,0,1,1,1,0,1,0,0,1,0,0,1,0,1,1,1,1,1,1,1,0,0,1,1,0,0,0
0,1,0,1,0,0,1,0,1,1,0,0,0,1,1,1,1,1,0,1,0,1,1,1,1,0,1,0,1,0,1,0,0,1,0,1,0,1,0,0,1,0,1,1,0,0,1,0,0,1,0,0,1,1,1,1,0,1,0,1,0,0,0,0,0,1,1,0,0,0,1,1,0,0,1,0,1,0,1,0,0,0,1,1,0,1,1,1,1,1,0,1,0,0,1,0,1,1,1,0,1
1,1,1,1,0,0,0,0,0,1,1,1,1,1,0,0,0,1,0,0,1,1,1,1,0,0,0,1,1,1,1,0,0,1,1,0,0,1,0,1,1,1,0,0,0,0,0,1,0,0,0,0,1,1,0,1,1,0,0,1,1,0,0,0,0,1,1,0,1,0,1,1,1,0,1,1,1,0,0,1,0,0,0,0,1,0,0,0,0,0,1,1,0,0,0,1,0,1,1,1,1
1,0,1,1,1,1,0,1,0,1,0,0,1,0,1,0,1,0,1,0,1,1,0,0,0,0,1,0,0,0,1,0,1,0,0,1,0,0,0,1,1,1,0,1,1,1,1,0,0,0,0,1,1,0,0,1,0,1,1,0,1,1,1,1,1,1,1,0,1,1,0,0,0,1,0,0,0,1,1,0,1,0,1,1,1,0,1,1,1,0,1,0,0,0,1,0,1,1,0,0,0
1,0,1,0,1,0,0,0,1,1,0,1,0,0,0,1,0,1,1,1,0,1,0,0,1,1,0,0,1,0,1,1,1,1,0,0,0,1,1,0,1,1,0,0,1,0,1,1,1,1,1,0,1,0,1,1,0,1,1,1,1,0,0,1,0,1,0,0,1,0,0,0,1,0,1,0,1,0,1,0,1,0,1,0,1,0,0,0,0,1,0,0,0,1,0,0,0,0,1,1,1
1,0,0,1,1,0,1,0,1,1,1,0,0,0,1,1,1,1,0,1,0,0,0,0,0,1,0,0,1,1,1,0,1,1,0,1,0,0,1,1,1,0,1,1,0,1,0,0,0,0,0,0,1,1,0,0,1,0,0,0,1,0,1,1,1,1,1,1,1,0,1,0,0,1,0,1,0,1,1,0,1,1,1,1,0,0,1,1,1,1,0,1,0,0,0,0,1,1,0,0,1
1,1,1,1,1,1,1,1,1,0,1,1,0,1,0,1,1,1,1,0,0,0,0,0,0,1,1,0,1,0,0,1,1,1,1,0,0,1,0,1,1,0,1,0,1,1,1,0,0,0,0,1,1,0,1,1,1,1,0,0,1,0,0,1,1,0,1,0,1,1,1,1,1,0,1,1,0,1,0,0,0,1,0,1,1,1,1,0,0,0,1,0,0,1,1,1,0,0,0,0,1
0,0,1,1,0,0,0,0,0,0,1,0,0,0,0,1,0,0,1,1,0,0,1,0,1,1,0,0,1,1,1,1,1,1,1,1,0,0,1,1,0,1,1,1,0,0,1,0,0,1,1,1,1,1,0,1,1,1,1,1,1,1,0,0,1,1,1,0,1,0,1,0,1,0,0,0,1,1,0,1,1,1,0,1,1,1,0,1,1,1,0,1,0,0,0,1,1,0,1,1,1
0,0,1,1,0,1,0,1,0,1,0,1,0,0,0,1,1,0,1,0,0,0,1,1,1,0,0,1,0,1,0,0,0,0,1,0,1,0,1,0,1,0,1,0,1,0,1,1,1,1,0,1,0,1,1,1,0,1,1,1,0,0,1,1,0,1,1,1,1,1,1,1,0,0,1,0,0,1,1,0,0,0,0,1,0,1,0,0,1,1,0,0,1,0,0,1,1,1,0,1,1
1,1,1,0,1,1,1,0,0,0,1,1,0,0,1,0,1,0,1,0,0,0,1,1,0,0,0,0,0,1,0,0,1,0,0,1,1,0,1,0,0,1,1,1,0,1,1,1,1,0,0,1,1,0,1,1,0,1,0,1,0,0,0,1,1,0,0,0,0,1,1,0,0,1,1,1,0,0,0,0,0,0,1,1,0,0,0,0,0,0,0,1,0,1,0,0,0,1,0,0,0
1,0,0,0,1,0,0,1,0,1,0,0,1,0,1,1,1,1,1,0,0,0,0,0,1,1,0,1,1,1,0,1,0,1,0,0,1,1,1,0,1,1,1,1,1,1,0,1,0,0,1,1,1,1,0,1,1,0,1,1,1,0,0,1,0,1,0,1,1,0,1,1,0,0,1,0,1,1,0,1,1,0,1,1,0,1,1,1,1,0,1,1,0,0,0,0,1,1,1,1,1
1,1,0,1,1,1,0,1,0,1,1,1,1,1,0,0,0,1,1,0,0,1,1,1,1,0,0,0,1,0,1,1,0,1,0,1,0,1,1,0,1,0,0,1,0,0,1,0,0,1,1,1,1,1,0,0,0,1,1,1,0,0,1,0,1,1,0,1,0,1,1,1,0,1,1,1,0,1,1,0,1,0,0,1,0,0,1,1,1,0,1,0,1,1,1,1,1,0,0,0,1
1,0,1,0,0,0,0,1,0,0,0,1,0,1,1,1,0,1,1,1,1,0,0,1,1,1,0,1,1,1,1,0,0,0,1,1,0,0,1,1,1,0,0,0,1,1,1,0,0,1,0,0,0,0,0,0,0,0,0,0,0,1,0,0,0,1,0,0,0,1,0,0,1,1,1,0,1,1,1,1,1,0,0,1,1,0,1,0,1,1,0,0,1,0,1,0,1,1,0,1,1
0,1,1,0,1,1,0,1,1,0,1,1,0,1,0,1,1,1,1,1,0,1,0,1,0,0,0,0,0,1,1,0,0,0,0,0,1,1,0,0,0,1,1,1,1,0,0,0,0,1,1,1,1,0,0,1,1,1,0,1,1,1,0,0,1,1,0,1,1,1,1,0,1,1,1,0,1,1,1,0,1,1,0,1,0,0,1,1,0,0,0,1,1,0,1,1,0,0,1,1,0
0,0,0,0,0,0,0,0,0,0,1,1,1,1,0,0,0,1,0,1,1,0,1,1,1,0,0,0,0,1,1,1,0,1,0,1,0,0,0,0,0,0,0,1,1,1,0,0,0,1,0,0,0,1,1,1,0,0,1,1,0,0,1,0,1,1,0,0,0,1,1,1,0,0,0,0,0,1,0,1,1,0,1,0,0,0,1,1,0,1,1,1,0,0,0,0,1,1,1,0,1
1,1,0,1,0,0,1,1,0,1,0,1,1,0,1,1,1,1,1,0,0,1,0,0,0,0,0,1,1,1,1,0,1,0,1,1,0,0,1,1,0,0,0,0,0,1,1,0,0,0,0,0,0,0,0,0,0,1,0,0,0,1,1,0,0,0,1,0,0,1,1,1,0,1,0,0,0,0,1,1,1,0,1,0,0,1,1,0,0,1,0,0,0,1,0,1,1,1,0,0,1
1,1,0,0,0,1,1,0,1,1,1,1,1,0,1,1,0,0,0,1,1,0,1,1,1,1,1,0,1,1,1,1,1,0,0,0,0,0,1,0,1,1,0,0,1,0,0,1,1,0,0,1,1,0,0,0,1,1,0,0,0,1,1,1,0,0,0,0,1,0,0,1,1,0,1,0,0,1,1,1,1,0,1,1,0,1,1,1,1,0,0,0,1,1,1,0,1,1,1,1,1
0,1,1,0,0,0,1,0,1,0,0,0,1,1,0,1,0,0,0,1,1,1,0,0,1,1,0,1,0,1,1,0,0,1,0,1,0,0,0,1,0,0,1,0,1,1,0,0,0,0,0,0,0,1,1,1,1,0,1,0,1,0,0,1,1,1,1,0,1,0,1,0,0,1,0,1,0,1,1,0,0,0,1,1,1,0,0,0,0,0,0,1,1,1,1,0,0,1,0,0,1
1,1,1,0,1,0,0,1,1,0,0,0,0,0,0,1,1,1,1,0,1,0,1,1,0,1,0,1,1,0,1,1,1,0,1,0,1,1,1,0,0,0,1,1,1,1,1,0,0,0,0,1,0,1,0,1,0,0,1,1,0,0,1,0,1,0,1,1,0,0,0,0,0,1,0,1,1,1,1,1,0,0,1,1,1,1,0,0,0,0,1,0,1,0,0,0,0,1,1,1,1
1,0,0,0,0,1,1,1,1,1,0,0,0,0,1,0,0,0,0,0,0,1,0,1,0,1,0,1,0,0,0,1,1,0,1,1,0,0,0,0,1,0,0,1,0,1,1,0,1,0,0,1,1,1,1,1,1,1,1,1,0,0,0,1,0,1,0,0,0,1,0,0,1,1,0,0,0,0,1,1,0,0,0,1,1,1,0,0,1,1,0,0,0,0,0,0,1,1,0,0,1
0,1,1,0,1,1,0,1,0,1,1,1,0,0,0,0,0,0,1,1,1,0,1,0,0,0,0,1,0,1,1,0,0,1,0,1,1,1,1,1,0,1,1,0,0,0,1,0,0,1,1,0,1,1,1,0,0,0,0,0,0,0,1,0,1,0,1,0,1,1,1,0,0,0,1,1,0,1,0,1,0,1,1,1,0,0,0,1,1,0,0,0,0,1,0,1,0,0,1,0,1
0,0,1,1,0,1,1,1,1,0,0,0,0,1,1,0,1,1,1,0,1,1,0,0,0,1,0,1,0,1,0,1,0,0,0,0,1,0,0,0,1,1,0,0,0,1,0,0,1,1,1,0,1,1,0,0,1,1,0,1,0,1,0,1,0,0,0,0,1,0,1,0,1,0,0,1,0,0,1,1,0,0,1,0,1,1,0,1,0,0,0,1,0,1,1,0,0,0,1,0,0
1,1,0,0,1,1,0,1,0,1,0,1,1,0,0,0,0,0,1,0,0,1,1,1,0,1,0,0,1,0,0,0,1,0,0,1,0,0,1,0,1,0,0,1,1,0,1,0,1,1,1,0,0,1,0,0,1,1,0,0,1,0,0,1,1,1,1,0,1,1,1,1,0,0,0,0,0,1,0,1,0,1,0,1,0,0,1,1,1,1,1,1,0,1,1,0,0,0,1,1,1
1,1,0,1,0,1,0,1,1,0,1,1,1,1,1,0,1,1,1,1,1,1,1,1,1,1,0,0,1,1,1,0,0,1,1,1,1,1,0,0,0,1,1,0,0,0,1,0,1,1,0,1,0,0,1,0,1,0,0,1,0,0,0,0,1,0,0,0,0,1,0,1,1,1,1,1,0,0,1,1,1,1,0,0,1,1,0,0,0,1,1,1,1,0,0,0,1,1,1,1,1
1,1,1,0,0,0,0,0,0,0,0,0,0,0,1,1,1,0,1,0,1,1,1,1,0,0,1,0,1,1,0,1,0,1,1,0,0,0,1,1,1,1,0,1,1,0,0,1,1,0,0,1,0,1,0,0,1,1,1,0,0,1,1,0,1,0,1,0,0,1,1,0,0,1,0,0,1,1,1,0,0,0,0,0,0,0,0,0,0,1,1,0,0,1,0,0,0,1,1,0,0
0,1,0,0,1,0,1,0,0,1,1,1,0,1,0,1,0,1,1,1,0,0,1,1,0,1,0,1,0,1,1,0,1,0,1,0,1,1,0,1,1,0,1,1,0,1,1,1,1,1,1,1,1,0,1,1,0,1,0,1,1,0,1,1,0,0,1,0,0,1,0,0,0,1,0,0,1,1,0,0,1,0,1,0,1,1,0,0,1,1,0,1,0,0,0,0,1,0,0,0,1
1,1,1,0,0,1,0,1,1,0,0,1,1,1,1,0,1,1,1,0,1,0,1,1,0,0,0,0,1,1,0,0,0,1,0,1,1,1,1,1,0,1,0,0,1,1,0,0,1,1,0,0,0,1,0,1,0,0,0,1,1,0,1,0,0,0,1,0,1,0,0,1,0,1,1,0,0,1,0,1,1,0,1,0,1,1,0,1,1,0,1,0,1,0,0,1,0,0,1,0,0
0,0,0,1,1,0,0,1,1,0,0,1,0,0,0,0,0,1,1,0,1,0,0,1,1,0,1,1,0,0,1,0,0,1,0,0,0,0,0,0,0,1,0,0,1,1,0,1,1,0,0,0,1,0,1,0,1,0,1,1,1,1,1,0,1,1,0,0,0,1,0,0,0,0,0,1,1,1,1,0,1,0,1,0,0,0,1,0,0,1,0,0,1,1,0,0,0,0,0,1,0
0,0,1,0,1,1,0,0,0,0,0,0,1,1,1,1,0,0,0,0,0,1,0,1,0,0,1,1,0,1,1,0,0,1,0,0,0,0,0,1,0,0,0,1,1,1,1,1,0,0,1,0,0,1,1,1,0,1,0,0,0,0,1,1,1,0,0,0,0,0,0,0,0,1,0,1,1,1,1,0,1,0,0,0,1,1,1,0,1,0,1,0,1,0,0,0,1,1,0,1,0
1,1,0,0,0,1,0,0,0,0,1,1,0,1,1,1,0,1,0,0,1,1,0,0,1,1,1,0,1,0,0,1,1,0,1,1,0,0,0,0,0,0,0,0,1,1,1,0,0,1,0,1,0,0,0,0,1,0,1,0,1,0,0,1,1,0,0,1,0,0,0,1,0,0,0,1,1,0,1,0,1,0,1,0,0,1,1,1,1,1,1,0,1,1,1,0,1,1,0,1,1
0,0,0,0,1,0,0,1,1,0,1,1,1,0,1,1,0,0,0,1,0,0,0,1,1,1,0,0,1,1,0,1,0,1,0,1,1,1,0,1,1,1,1,1,1,1,1,0,1,0,0,0,1,1,0,0,0,0,1,1,1,1,1,0,0,0,0,0,1,0,1,0,1,0,1,0,1,0,0,1,1,1,1,0,1,1,1,1,1,1,0,0,0,1,0,1,0,0,1,1,1
0,0,1,0,0,1,0,0,0,1,0,0,0,0,0,1,1,1,1,0,1,0,1,1,0,0,1,1,0,1,1,1,0,0,0,0,1,1,1,0,1,1,1,0,1,1,0,1,0,0,1,0,0,0,0,0,1,0,0,1,0,0,0,0,0,0,1,1,1,0,0,0,1,0,1,0,0,1,0,0,1,1,1,1,0,1,1,1,0,1,1,1,1,0,1,0,0,0,0,1,0
1,1,1,0,0,0,0,1,0,1,1,1,0,0,0,0,0,0,0,1,1,1,1,0,1,0,0,1,0,0,0,0,1,1,1,0,0,0,0,1,1,1,1,0,1,0,0,0,0,0,0,0,0,1,0,1,0,0,1,1,0,1,1,0,0,1,0,0,1,0,1,0,0,1,0,0,1,0,1,0,1,1,0,1,1,1,1,1,1,1,1,1,0,1,0,0,0,0,0,1,1
0,0,0,0,1,0,0,0,0,1,0,1,1,0,1,0,1,1,0,0,0,1,0,0,0,1,1,1,0,0,1,0,1,1,1,0,1,1,0,1,1,1,0,1,1,1,0,1,1,1,1,0,1,0,1,1,0,0,1,1,1,1,1,0,0,1,1,1,1,1,1,1,0,1,0,1,1,0,0,1,1,0,1,0,1,1,1,0,0,1,0,1,1,1,1,0,1,0,1,0,1
1,1,1,0,0,0,1,0,0,0,0,1,1,1,1,0,1,0,1,0,1,0,0,0,1,1,1,1,1,1,1,1,0,0,1,0,1,0,1,0,1,0,0,1,0,1,1,1,1,0,1,0,0,1,1,1,1,1,1,0,1,0,1,0,1,0,0,1,0,1,0,1,1,0,1,1,0,1,0,0,1,1,1,1,0,1,0,0,0,1,1,0,0,1,0,1,0,1,0,0,1
0,1,0,1,0,0,1,1,0,0,0,0,1,1,0,0,0,1,1,0,0,1,1,1,0,0,1,1,0,0,0,0,0,0,0,1,1,0,0,0,0,1,0,0,1,1,0,1,1,1,1,1,1,1,1,0,0,0,0,0,1,1,0,1,0,0,1,0,0,1,1,1,0,1,0,1,0,0,1,1,0,0,1,1,1,0,0,1,0,0,1,0,0,0,0,1,0,0,0,1,0
0,1,1,0,1,0,0,0,1,1,1,1,1,0,1,0,1,1,1,0,0,0,1,1,0,0,1,1,1,1,0,0,1,1,1,0,1,1,1,0,0,0,1,1,1,1,1,1,0,0,0,1,0,0,1,1,0,1,0,0,1,0,1,0,1,1,0,1,0,1,0,1,1,0,0,0,0,1,0,1,0,1,0,1,0,1,1,0,0,1,0,1,0,0,1,0,0,0,0,1,0
1,1,0,0,0,0,1,0,0,1,1,1,0,1,0,1,0,0,1,0,0,0,0,0,0,1,1,1,1,1,1,0,0,1,0,1,0,1,0,0,0,1,1,0,0,1,1,0,0,0,1,0,0,0,1,0,0,0,1,0,0,1,1,0,0,0,1,1,0,0,0,1,1,0,0,0,0,0,0,0,0,1,1,1,0,1,1,0,1,1,1,0,1,1,0,0,1,1,1,1,1
1,1,1,0,0,0,1,1,0,0,0,0,0,0,0,1,0,0,0,1,1,1,0,0,0,1,0,0,1,0,0,0,0,0,0,1,0,1,1,1,0,0,0,0,0,0,0,1,0,1,0,0,0,1,1,1,1,1,0,0,0,0,0,0,1,0,0,1,0,0,1,1,0,0,0,0,1,0,0,1,1,0,0,1,1,0,1,1,1,0,1,1,1,1,1,1,0,0,0,1,1
1,0,1,0,0,1,0,0,0,1,0,1,1,1,1,1,1,1,0,1,0,0,1,1,0,1,0,0,0,1,1,1,1,1,1,0,0,1,0,1,1,1,1,0,1,1,1,1,1,1,0,0,1,0,1,0,0,0,0,1,0,1,1,0,0,0,0,0,0,0,1,1,0,0,0,0,0,0,0,0,0,0,0,0,0,1,1,0,0,1,1,1,1,0,1,1,0,0,0,1,1
0,0,1,0,1,0,1,1,0,1,0,0,0,0,1,0,0,0,0,1,0,0,1,0,0,0,0,0,1,0,1,0,1,1,1,1,0,0,0,0,1,1,0,0,0,1,0,0,1,0,0,0,1,0,0,1,1,1,0,1,0,1,0,1,0,1,1,0,1,1,1,0,1,1,1,0,1,1,1,1,0,0,1,1,1,1,1,1,0,1,1,1,1,1,0,0,0,0,0,1,1
0,0,1,0,1,1,1,1,0,1,1,0,1,0,1,1,1,0,0,0,0,0,0,0,0,0,0,1,0,1,1,0,0,0,1,1,0,1,0,0,1,1,1,0,1,0,1,0,1,0,1,0,1,1,1,1,1,0,0,1,1,1,0,0,0,1,0,1,1,1,0,1,1,1,0,1,0,1,0,1,0,0,1,0,0,1,1,0,1,0,1,0,0,0,1,0,1,1,1,1,1
0,1,1,1,1,0,1,0,1,0,0,1,1,1,0,0,1,1,0,1,0,0,1,1,0,1,0,1,0,0,0,0,1,0,0,1,0,0,0,0,0,1,0,0,0,0,1,0,0,0,0,0,1,0,1,1,1,0,1,0,0,1,0,1,1,0,1,1,1,0,1,0,1,1,1,0,1,1,1,0,1,1,0,1,0,1,1,0,0,0,0,0,0,1,1,1,1,0,0,0,1
0,0,0,1,0,1,1,0,1,1,0,0,1,0,0,0,0,1,0,1,1,1,0,0,1,0,0,1,1,0,0,0,1,1,1,1,0,1,0,1,1,1,0,0,1,0,1,0,1,1,1,0,0,0,1,1,0,0,0,1,0,0,0,1,1,0,0,1,1,0,0,0,0,1,1,0,0,0,0,0,0,1,0,1,0,0,1,1,0,1,0,0,1,1,1,0,1,1,1,0,1
0,0,0,1,1,0,1,1,0,1,0,0,1,1,0,1,0,0,0,1,0,1,0,0,1,0,1,1,1,1,0,0,1,1,0,0,1,1,0,0,0,0,1,1,0,0,1,1,1,1,0,1,1,1,1,0,1,0,0,1,1,1,0,0,1,0,1,1,0,1,1,0,1,1,1,0,0,0,1,1,1,1,1,0,1,1,1,0,0,1,1,0,0,0,0,0,1,1,1,0,1
1,1,0,0,0,0,0,1,0,0,0,1,0,1,0,1,1,0,0,0,0,0,1,0,1,0,0,0,1,0,0,1,0,0,0,0,0,0,1,1,0,0,0,1,1,0,1,0,0,1,0,0,0,1,1,1,0,0,1,1,1,0,1,0,0,1,0,1,0,0,1,0,0,0,1,1,1,0,1,1,1,0,0,0,0,0,1,1,1,0,0,0,0,0,1,1,0,1,1,1,1
0,0,1,1,0,1,0,0,0,0,0,1,0,1,1,1,0,0,0,0,1,0,1,0,1,0,1,1,1,1,1,0,0,0,1,0,0,0,0,0,1,1,1,0,0,0,1,0,0,1,0,0,0,0,0,1,0,1,1,1,0,1,0,0,0,0,1,1,1,1,0,0,1,0,1,1,0,0,1,1,1,1,1,0,0,1,0,1,0,1,0,0,0,1,0,1,0,1,0,1,1
0,1,0,1,0,0,0,0,1,1,1,1,1,0,1,1,0,0,0,0,0,1,0,1,1,1,0,1,0,0,1,1,1,0,0,1,0,1,1,0,1,1,0,0,1,0,1,0,1,0,0,1,1,0,0,1,0,0,1,0,1,0,0,0,0,0,0,0,0,1,1,1,1,0,0,0,1,0,0,1,1,0,1,1,0,0,0,0,1,0,0,1,1,0,1,0,0,0,0,0,1
0,0,0,0,0,0,0,1,0,1,0,1,0,1,1,1,1,1,1,0,1,1,0,1,0,1,0,1,0,0,0,1,0,1,0,1,1,0,0,0,1,1,1,0,1,1,1,1,0,1,1,1,1,1,0,0,0,0,1,1,1,1,1,1,0,0,1,0,1,1,1,0,1,1,1,0,1,0,0,0,0,0,0,1,0,0,1,0,1,1,0,0,1,1,0,0,1,0,0,0,0
1,1,1,1,0,1,1,0,0,0,0,1,0,0,0,0,0,0,0,1,0,0,1,0,0,0,1,1,1,0,0,1,0,0,0,1,0,1,1,0,0,0,0,1,0,0,0,1,0,0,1,1,1,0,1,0,1,0,0,0,0,0,0,0,0,1,1,1,1,1,1,1,0,1,1,1,0,0,0,0,1,0,0,1,0,1,1,0,0,0,0,1,0,1,1,1,1,0,1,1,1
0,0,1,1,1,1,0,0,1,0,0,1,1,0,0,0,1,1,1,1,0,1,0,1,1,0,0,0,0,0,1,0,1,1,0,1,1,1,1,1,1,1,0,1,0,1,0,1,1,0,0,1,1,0,0,0,0,1,0,1,0,0,0,0,0,1,1,1,0,1,0,0,1,1,1,1,0,0,1,1,1,1,0,0,1,1,0,0,1,1,1,0,1,0,0,1,0,1,1,1,1
1,0,1,0,0,1,0,1,0,0,0,0,1,0,0,1,0,0,0,0,0,0,0,1,1,1,0,0,1,1,1,0,1,0,0,1,1,0,0,0,0,0,0,1,0,0,0,1,1,0,0,1,0,0,0,1,1,1,0,0,1,0,0,1,1,0,0,0,1,0,1,1,1,0,1,1,1,0,1,0,1,1,1,1,0,0,0,1,1,1,0,0,0,1,0,1,1,0,1,0,1
0,0,1,0,0,1,0,0,0,0,0,0,0,1,1,1,0,1,0,0,1,1,1,1,0,1,1,1,0,1,1,0,1,1,0,1,1,0,0,1,1,0,0,0,1,0,0,0,1,0,0,0,0,1,1,1,1,1,1,1,0,0,1,0,0,1,0,0,0,1,0,0,0,1,0,1,1,0,1,1,0,1,1,0,1,0,0,1,1,0,0,0,0,1,0,1,0,0,0,1,1
0,0,0,1,0,1,0,0,1,0,0,0,1,0,1,1,0,0,1,0,0,0,1,0,0,1,1,1,0,0,1,0,0,0,1,1,1,0,0,1,0,1,0,0,1,0,1,1,1,0,0,1,1,0,0,0,1,1,1,1,1,1,1,0,0,1,1,1,1,1,1,0,1,1,0,0,1,1,1,1,0,0,0,0,0,1,0,1,1,1,1,1,0,1,1,0,0,0,1,1,0
0,0,0,0,1,1,0,1,0,1,0,0,1,0,1,0,0,0,0,1,0,0,1,0,0,1,0,0,0,0,0,0,1,1,0,1,1,1,1,0,1,1,0,1,0,1,1,0,1,0,0,0,0,1,1,0,0,0,0,1,1,1,1,0,1,0,1,0,0,1,1,0,1,0,1,0,1,1,0,0,0,1,1,0,1,1,1,1,1,0,0,0,0,1,0,0,0,1,0,1,1
0,1,0,0,1,1,1,1,0,1,1,1,0,1,1,0,1,0,1,1,0,1,1,1,0,1,0,0,1,1,0,0,0,0,1,0,1,1,0,0,0,1,1,0,0,0,0,1,0,1,0,0,0,1,0,1,0,0,1,1,0,0,0,0,0,1,1,0,0,1,0,1,1,0,1,0,1,0,1,1,0,0,1,1,1,1,1,1,1,0,0,0,0,1,1,0,0,0,0,1,0
1,0,1,0,1,1,1,0,1,0,1,0,0,0,0,0,0,1,0,0,0,1,1,1,0,0,1,1,0,1,0,0,0,1,0,1,0,1,0,0,1,0,1,1,1,0,1,0,0,1,1,1,0,1,1,1,1,1,1,1,1,1,0,1,0,1,0,1,1,0,1,0,1,0,0,0,0,0,0,1,1,0,1,1,1,1,0,0,1,0,1,0,0,1,1,1,0,0,1,1,1
0,0,0,1,0,0,1,0,1,0,0,0,1,0,1,0,1,1,0,1,0,0,0,0,0,1,0,0,1,0,1,1,1,0,1,0,0,1,1,0,0,0,1,1,1,0,0,1,1,1,0,1,1,0,0,1,1,1,0,0,0,1,0,1,0,0,1,0,1,1,0,1,1,1,0,1,0,1,0,1,1,1,1,0,0,1,1,1,0,1,1,0,1,0,0,1,0,0,0,1,1
1,0,1,1,1,0,0,0,0,0,1,1,1,0,0,0,0,1,0,0,1,0,0,0,0,1,1,0,1,0,0,0,0,1,0,0,1,0,1,1,1,1,0,1,1,1,1,1,0,0,0,0,0,0,1,0,1,0,0,1,1,1,0,1,0,1,0,1,0,0,1,0,1,1,1,1,0,0,0,1,0,0,1,1,0,0,1,1,1,0,0,1,0,1,1,0,1,1,1,1,1
0,0,1,1,1,1,0,0,1,1,0,0,0,1,0,0,1,1,1,1,1,1,0,0,1,0,0,1,1,0,1,1,1,0,0,1,0,1,1,0,1,1,0,0,0,1,1,1,0,0,1,0,0,0,1,1,1,1,1,0,0,0,0,1,1,1,0,1,0,0,1,0,0,1,0,0,1,1,1,0,1,0,1,1,0,1,0,0,0,1,1,1,0,1,0,0,0,1,0,0,1
1,0,1,1,0,0,1,0,0,0,1,0,1,0,0,1,0,1,1,0,0,1,0,0,1,0,0,1,1,1,1,1,0,1,0,0,1,1,1,1,1,1,0,0,1,0,0,0,0,1,1,1,0,0,1,0,0,0,0,0,1,1,1,1,1,0,1,1,1,0,1,1,1,1,1,0,1,0,1,0,0,1,0,1,0,1,1,0,0,1,1,1,1,1,1,1,1,1,1,0,1
0,1,0,1,0,1,1,1,0,0,1,1,0,1,1,0,1,0,0,0,0,0,0,1,0,0,0,1,1,0,1,1,0,1,1,0,0,0,1,1,1,0,1,1,1,1,0,0,0,0,0,1,0,0,0,1,1,1,1,0,0,1,0,1,0,1,0,0,1,0,0,1,1,1,0,1,0,0,1,0,1,0,0,0,1,0,0,0,0,0,1,1,1,0,1,0,1,0,0,1,0
1,1,1,0,0,0,0,0,1,1,1,1,1,0,1,0,0,0,0,1,1,0,0,0,1,0,1,0,1,1,0,0,1,0,1,0,1,0,1,0,1,0,1,0,0,0,1,0,0,1,1,1,0,1,1,1,1,0,1,0,0,1,0,0,1,1,1,1,1,1,1,0,0,0,1,0,0,1,1,0,1,1,1,1,0,1,1,1,0,1,1,1,1,1,0,0,0,1,0,0,1
1,1,0,1,1,0,1,0,1,1,0,0,1,1,1,1,1,0,1,1,0,0,0,1,0,1,0,1,1,1,0,0,1,1,1,1,0,1,0,1,0,0,1,1,0,1,0,0,1,1,0,0,0,0,0,1,0,1,1,1,0,0,1,0,1,1,1,0,0,1,1,1,1,1,1,1,1,1,1,1,1,1,1,1,1,0,1,0,1,0,1,0,0,1,0,1,1,0,0,1,0
1,0,0,0,0,1,1,0,1,1,1,1,1,0,0,1,0,1,0,0,0,1,1,1,1,0,0,1,0,1,1,1,1,1,1,1,1,1,1,1,0,1,0,0,0,0,1,0,0,1,1,0,1,0,0,1,0,1,0,0,1,0,0,0,1,1,1,0,1,1,0,0,0,1,1,1,1,0,0,1,1,0,0,0,1,1,0,0,0,1,0,0,1,0,0,0,0,0,0,1,1
1,1,0,1,1,1,0,0,0,1,0,0,0,0,0,0,0,1,0,1,1,0,0,0,1,0,1,1,0,0,1,1,0,1,1,1,0,0,1,0,1,1,0,1,0,0,1,1,0,1,0,0,1,1,1,1,0,0,1,0,0,1,0,0,1,0,1,0,1,0,0,1,0,1,0,1,0,0,1,0,1,1,1,1,1,1,1,0,1,1,0,0,0,1,1,0,1,0,1,0,1
1,0,0,1,0,1,1,0,0,1,1,0,0,1,1,1,1,1,1,0,0,1,1,1,1,1,0,1,1,0,0,0,1,1,0,0,1,0,0,1,1,0,1,0,1,1,0,1,1,1,0,1,1,0,0,1,0,0,1,1,1,1,0,0,1,1,0,1,0,1,1,1,1,1,1,1,0,1,1,0,0,1,1,0,0,0,0,1,0,0,0,1,0,1,0,0,0,1,0,1,0
0,0,1,1,0,1,0,1,1,1,0,1,0,1,0,1,0,0,1,1,0,1,0,0,1,0,1,0,1,0,1,0,1,1,0,0,1,1,0,0,0,0,0,0,0,1,1,1,1,0,0,1,0,0,1,1,0,1,1,1,1,1,1,0,0,1,0,1,0,0,1,0,1,1,1,0,0,0,0,1,0,1,1,1,0,0,1,1,1,0,0,1,0,0,0,1,0,0,1,0,1
0,0,1,1,1,1,1,1,0,1,0,0,0,1,1,0,0,0,1,1,1,1,0,0,0,1,1,0,1,1,0,1,1,1,0,0,1,0,1,1,1,0,0,1,0,1,0,0,0,1,0,0,1,1,1,0,0,0,0,1,1,0,1,1,1,1,1,0,1,0,0,0,0,1,0,0,1,0,1,1,1,0,0,0,1,0,0,0,1,0,0,0,1,0,0,1,0,0,1,1,0
0,1,0,1,0,0,0,0,1,1,1,0,0,0,1,0,1,1,1,0,0,1,1,1,1,0,1,1,0,0,1,0,0,0,1,1,0,1,1,1,1,1,0,1,1,1,0,0,1,0,1,1,1,0,0,1,1,1,0,0,1,0,0,0,0,0,0,1,0,0,1,0,1,0,1,1,1,1,1,1,0,1,1,0,1,1,1,0,1,0,0,0,0,1,0,1,1,0,0,1,0
0,0,0,0,0,0,0,1,1,0,1,0,0,0,1,0,0,1,0,1,0,1,0,0,0,1,1,0,1,1,1,0,0,0,1,0,0,0,0,1,1,1,0,1,0,1,1,0,1,1,1,0,0,1,1,0,0,0,1,1,0,0,0,1,1,1,0,1,1,0,0,1,0,1,1,0,1,0,0,1,1,1,0,0,0,1,0,0,0,0,1,1,1,1,0,1,1,1,0,1,1
0,1,1,0,0,0,0,0,0,0,0,0,0,0,1,1,0,0,0,1,0,0,1,0,1,1,1,1,0,0,0,1,1,0,1,1,1,0,0,0,1,0,0,1,1,1,1,1,1,0,1,0,1,0,0,1,1,0,1,0,1,0,1,1,0,0,0,0,1,1,1,1,0,0,1,0,1,0,1,1,0,0,0,1,1,0,1,0,0,1,0,0,0,0,0,0,0,1,0,0,1
1,0,1,0,0,0,0,0,0,0,0,1,0,1,1,1,1,1,1,0,0,0,1,0,0,1,0,1,1,1,1,0,1,1,0,0,0,0,0,1,1,1,1,0,1,0,0,0,0,0,0,1,1,0,1,0,1,1,0,0,0,1,0,0,0,0,1,0,0,1,1,0,1,0,1,0,1,0,1,1,0,1,1,0,0,0,0,1,1,1,0,1,0,0,0,1,0,1,0,0,1
1,1,0,1,0,1,0,1,1,1,1,0,0,0,1,1,1,1,0,1,0,1,1,1,1,0,1,1,1,0,0,0,1,1,0,1,1,1,1,1,0,1,0,0,0,1,1,0,1,0,1,1,0,0,1,0,1,1,1,0,0,1,1,1,0,0,1,0,0,1,0,1,1,0,0,0,0,1,1,1,1,1,1,1,0,0,1,0,0,1,1,0,1,0,1,0,0,1,1,0,0
0,0,1,1,0,0,1,1,1,0,0,0,0,0,1,0,0,0,1,0,1,1,1,1,1,1,0,0,1,1,0,0,0,1,0,1,0,1,1,1,1,1,1,0,0,0,0,1,1,1,0,0,1,1,0,0,1,1,1,1,1,0,0,0,0,1,1,0,0,1,1,0,1,0,0,1,1,0,1,0,0,1,1,0,1,0,1,0,1,0,0,1,0,1,0,1,0,0,0,0,1
1,1,0,0,0,1,0,0,0,1,0,1,1,0,1,0,1,0,1,0,0,1,1,0,0,0,1,1,1,0,1,1,1,1,0,1,0,1,1,0,0,0,1,1,0,0,1,0,1,0,0,0,1,0,0,0,1,1,0,0,0,0,1,0,1,0,0,0,1,1,1,0,1,0,1,1,1,0,1,1,0,1,0,0,1,1,1,1,1,0,0,0,0,1,0,1,1,1,0,0,1
1,0,1,1,0,0,1,0,1,1,0,0,1,1,1,1,0,0,0,0,0,0,0,1,1,1,1,0,1,0,0,1,0,0,1,1,0,0,1,1,0,0,1,0,1,0,0,1,0,0,0,0,1,0,1,0,0,0,1,0,0,1,0,0,1,1,1,0,1,1,1,1,1,0,1,1,1,0,0,0,0,1,1,1,0,0,1,1,0,0,0,0,0,0,1,1,1,0,1,1,1
0,1,1,0,0,1,0,1,1,0,0,0,1,0,0,0,1,1,0,1,0,0,0,1,1,1,1,1,0,1,1,1,1,1,1,0,0,0,1,0,1,0,0,1,0,1,0,0,0,0,0,0,0,1,1,1,0,0,0,1,0,1,1,0,0,0,1,1,1,1,0,1,0,0,0,1,0,0,0,0,1,0,0,0,0,0,0,0,1,0,0,0,0,1,0,0,0,1,1,1,1
0,0,0,1,0,0,1,0,0,1,1,1,1,0,0,0,0,0,0,1,1,1,0,0,1,0,1,0,1,1,0,1,0,1,0,1,1,0,1,0,0,0,0,1,0,1,1,0,0,0,0,1,1,0,0,1,1,0,1,0,0,1,0,1,0,1,1,0,1,1,0,0,1,1,0,0,0,0,0,0,1,1,1,0,1,1,1,0,1,1,0,1,1,0,1,1,1,0,0,1,0
1,0,1,0,1,0,0,1,0,1,0,0,0,1,1,0,0,0,1,0,0,0,0,1,0,0,0,1,1,1,0,1,0,1,1,0,0,1,1,0,1,0,0,1,0,1,1,1,1,1,0,1,0,0,1,0,0,1,0,1,0,0,0,1,0,1,0,0,0,0,1,1,0,0,1,0,1,1,0,1,0,0,1,0,1,1,0,0,0,1,1,1,0,1,0,1,1,0,0,1,1
0,1,1,0,1,0,0,1,1,1,0,1,1,0,0,1,1,1,0,0,0,1,0,0,1,1,1,0,0,1,0,1,0,0,0,1,0,0,1,0,0,0,1,1,1,1,1,0,1,0,1,0,1,0,0,0,1,0,0,0,0,0,0,0,1,0,0,1,0,0,0,0,0,1,1,0,1,0,1,1,0,1,1,0,1,1,0,0,0,0,1,0,1,0,0,1,0,1,0,0,1
0,1,0,1,0,1,0,0,1,1,1,1,0,0,1,1,1,1,1,0,1,1,1,0,1,1,0,1,0,1,0,1,1,1,1,1,0,0,0,0,0,1,0,1,0,1,0,1,0,1,0,0,0,0,0,1,0,0,0,1,1,1,0,1,0,1,0,1,1,1,1,0,1,0,1,0,0,0,0,0,1,1,0,1,1,0,0,0,1,1,0,1,0,0,0,0,0,0,0,0,0
0,0,0,1,0,0,0,0,1,0,1,0,1,1,1,1,0,1,1,0,1,1,1,1,1,1,1,1,1,1,0,0,1,1,0,0,0,0,1,1,1,0,1,1,1,1,1,0,1,0,0,1,1,0,1,0,1,0,1,0,1,0,0,0,0,0,1,0,0,0,0,0,1,0,1,1,0,0,1,1,1,0,1,0,0,1,1,0,0,1,1,1,0,0,1,0,1,0,0,1,0
0,1,0,0,1,0,1,0,1,1,0,1,1,1,1,1,0,0,0,0,1,0,0,0,1,0,1,1,0,1,1,0,0,1,0,1,0,0,0,0,1,1,0,0,1,1,1,1,0,1,1,0,1,1,1,0,0,0,1,0,1,0,1,1,1,0,1,0,1,1,0,0,0,1,1,1,0,0,1,1,1,1,0,0,1,1,1,0,1,0,1,0,1,1,0,0,1,0,1,1,1
0,1,0,0,1,0,1,0,0,1,0,0,0,0,0,0,1,1,1,1,1,1,0,1,1,1,1,0,1,0,1,0,0,1,1,0,0,1,0,0,1,0,1,0,1,0,0,0,1,0,1,0,0,1,1,0,0,0,0,0,0,1,1,1,1,1,0,1,0,0,0,1,0,0,1,1,0,0,1,1,0,1,1,0,1,1,1,1,1,0,1,0,1,1,0,1,0,1,1,0,1
1,0,1,1,1,0,1,0,0,0,1,1,1,1,0,0,0,1,0,0,0,1,0,1,0,0,0,1,1,1,1,0,0,1,1,0,0,0,1,0,0,0,0,0,1,1,0,1,1,0,1,1,0,1,0,0,0,1,0,1,1,1,0,1,1,0,0,1,1,1,1,0,0,1,0,0,1,1,1,0,1,1,1,0,1,0,1,0,1,1,0,0,0,0,1,1,0,1,1,0,1
0,0,0,0,1,1,1,1,0,0,0,0,0,1,1,1,1,1,1,1,1,0,1,1,1,1,1,1,1,0,1,0,1,0,0,1,0,1,1,0,0,0,1,0,1,1,0,0,1,1,0,0,1,1,1,1,0,1,1,1,0,1,0,1,0,1,1,1,0,0,1,1,1,0,0,0,1,0,1,1,0,0,0,1,0,0,1,1,1,1,1,0,0,1,1,0,0,0,0,0,1
0,0,0,1,0,0,0,0,0,0,0,1,1,0,0,1,1,0,1,1,0,0,0,1,0,0,0,0,0,0,1,1,1,0,0,0,0,0,0,0,1,1,1,0,0,1,0,1,0,1,1,1,0,1,1,0,0,1,0,1,0,1,0,1,0,1,1,1,0,0,1,1,1,1,1,1,0,0,0,1,0,0,1,0,0,0,1,1,0,0,0,1,1,0,1,0,0,1,0,0,0
0,1,0,1,1,1,1,1,0,1,0,0,0,0,0,0,1,1,0,1,1,1,0,0,1,1,1,1,0,1,1,1,0,1,1,0,0,0,0,0,0,1,0,1,1,1,1,1,1,0,1,1,1,0,1,0,0,0,1,1,1,1,1,0,1,1,0,0,0,0,1,0,1,1,1,1,0,0,0,1,1,1,1,1,0,1,1,1,1,1,0,0,1,0,1,0,1,0,0,1,1
1,0,0,0,0,1,0,1,1,1,1,1,1,1,0,0,1,1,1,0,1,0,1,1,1,1,1,1,1,1,1,1,0,0,1,0,1,0,1,0,1,1,1,1,1,1,1,1,1,0,0,1,0,0,1,0,1,1,0,0,0,0,0,0,1,1,1,0,1,1,1,1,0,0,1,0,0,0,0,1,0,0,0,1,0,0,1,0,1,1,0,0,1,0,0,1,0,0,0,1,1
1,0,1,1,1,0,0,1,1,1,1,0,1,0,1,1,1,1,0,0,1,1,0,0,1,1,1,1,1,1,0,0,1,0,0,1,1,1,0,1,0,1,1,0,1,0,0,0,1,0,1,1,0,1,0,1,0,1,0,1,1,1,0,0,0,1,0,0,0,1,0,1,1,0,0,1,1,0,0,0,0,1,1,0,0,0,0,0,0,0,0,1,0,1,0,0,0,0,1,1,0
0,0,0,0,1,1,0,0,0,0,0,1,1,0,0,0,0,1,0,1,1,1,1,1,1,1,0,0,1,0,1,1,1,0,0,1,1,0,1,0,1,0,0,0,1,1,0,1,0,0,1,1,0,0,1,1,0,0,1,0,0,0,0,0,0,1,0,1,0,0,1,0,1,1,1,0,1,1,1,1,1,0,1,1,0,1,0,0,1,0,0,1,1,0,1,1,0,1,0,1,1
1,1,1,0,0,0,1,1,1,0,0,0,0,0,1,1,1,0,1,1,0,0,1,1,0,1,1,0,0,1,0,1,0,1,0,0,1,1,1,0,0,0,0,0,0,0,0,1,0,1,1,0,1,0,0,1,0,1,1,1,0,0,0,1,1,0,1,1,0,0,0,1,0,1,0,1,1,1,1,0,0,1,0,0,0,1,1,0,0,1,1,0,1,0,0,0,0,0,1,0,1
0,1,0,0,0,1,1,1,1,0,1,0,0,1,0,0,0,1,1,0,1,1,1,0,1,0,0,0,1,0,0,1,0,1,1,0,0,0,1,0,1,1,1,0,0,0,0,1,0,1,1,0,1,1,1,1,0,0,0,1,0,1,0,1,0,0,0,0,0,1,0,0,0,1,1,0,0,0,1,1,1,1,1,1,1,0,1,1,0,0,0,1,0,1,0,1,1,1,0,1,1
1,0,0,0,0,0,1,1,1,0,0,1,1,1,1,1,0,0,0,0,0,1,0,1,0,1,1,0,1,1,1,1,1,1,1,1,0,0,1,0,1,1,1,1,0,0,1,0,0,1,0,0,1,1,1,0,1,0,0,0,0,0,0,1,1,1,0,0,1,1,1,1,0,1,1,1,1,0,0,0,1,1,0,0,1,1,0,1,1,0,1,1,1,0,0,0,0,0,0,1,1
0,0,0,0,1,0,1,0,0,0,0,0,1,0,1,0,0,0,0,0,0,0,1,1,1,1,0,1,0,1,1,1,0,0,1,0,0,0,1,0,0,0,1,1,1,1,0,1,0,1,0,1,0,0,0,0,0,0,0,1,1,1,1,0,0,0,0,1,1,0,0,0,0,1,0,1,0,1,0,1,1,0,0,1,1,0,0,0,0,0,0,0,0,0,0,1,1,0,0,0,1
0,0,0,1,0,0,1,0,1,1,0,1,0,1,0,0,0,1,0,0,0,1,0,1,0,1,1,1,1,0,0,0,0,1,1,1,1,0,1,0,1,0,1,1,1,0,1,0,0,0,0,0,0,0,0,0,0,0,0,0,1,1,1,0,1,0,0,1,1,1,1,0,0,0,1,1,1,0,1,1,1,1,0,1,0,0,0,0,1,0,0,1,1,0,0,0,1,0,0,1,1
1,0,1,0,0,1,1,0,1,1,1,0,0,1,1,1,0,0,1,0,0,1,0,1,1,0,1,1,0,1,0,1,0,0,0,1,0,1,0,0,0,0,1,0,0,0,0,1,1,0,0,1,1,0,0,0,1,1,1,1,1,0,0,1,0,0,0,1,1,0,0,1,0,0,0,0,1,1,0,0,1,0,0,0,1,1,1,1,0,0,0,0,0,0,0,1,0,1,0,1,0
1,0,1,1,0,1,1,1,1,1,1,1,1,0,0,0,1,0,1,1,1,1,0,1,0,0,0,1,0,1,1,1,0,1,0,0,0,0,0,1,0,1,0,0,0,1,0,0,0,1,1,0,0,0,0,1,1,1,1,0,0,1,0,0,1,0,1,0,1,0,1,0,1,1,0,1,0,1,0,0,0,0,0,1,1,1,0,0,0,0,1,1,0,1,0,0,1,0,1,1,0
1,1,0,1,1,1,1,0,0,1,1,0,1,0,0,0,0,0,0,1,1,1,0,0,1,1,1,1,0,0,0,1,1,0,1,0,1,1,0,0,1,1,0,1,1,0,0,1,0,1,0,0,0,0,0,1,0,0,1,0,1,0,1,0,0,1,1,0,1,0,0,0,0,1,0,1,0,0,1,1,0,0,1,1,0,0,0,1,1,1,0,0,1,1,0,0,0,0,0,1,0
0,1,0,1,0,0,1,1,0,1,0,0,0,0,0,1,0,1,1,0,0,1,1,1,1,0,1,0,1,1,1,0,1,0,0,0,0,1,0,1,0,0,0,0,0,0,0,0,1,0,0,0,0,0,0,0,0,0,1,0,0,1,0,0,1,0,0,0,0,1,0,0,0,1,1,0,0,0,1,0,1,1,0,0,1,0,1,0,0,1,1,0,1,0,1,1,0,0,1,0,0
0,0,1,1,1,1,0,0,0,0,1,0,0,0,1,0,1,1,1,0,1,1,1,1,0,1,1,0,1,0,1,1,1,0,1,1,1,1,0,1,0,0,1,1,0,0,0,1,0,1,0,1,0,0,1,0,0,0,0,1,0,1,0,1,0,0,1,0,1,1,0,0,0,1,0,1,0,1,0,0,1,0,0,1,1,1,0,0,0,0,0,0,0,1,1,1,1,0,0,1,0
0,0,1,0,1,0,1,1,1,0,1,1,0,1,1,1,1,1,0,0,1,0,1,1,1,0,0,1,0,0,0,1,1,0,1,0,0,0,0,1,1,1,0,0,0,1,0,1,0,1,0,1,1,1,1,0,0,0,1,0,1,1,1,0,1,0,1,0,1,0,0,1,0,0,1,0,1,0,0,0,0,1,1,1,0,1,0,1,0,0,0,1,1,0,0,0,0,0,1,0,1
0,0,0,0,1,0,0,1,0,0,1,0,0,1,0,0,1,1,0,1,1,1,0,1,0,0,1,0,1,1,1,0,0,0,1,1,1,0,0,1,0,1,0,1,0,1,1,0,1,0,1,0,1,0,0,0,1,0,0,0,1,0,1,1,1,0,0,1,0,1,0,1,0,1,1,0,1,0,1,1,1,0,0,0,1,1,1,1,0,1,1,1,0,1,0,0,1,1,0,0,1
1,1,1,0,1,0,1,1,0,0,1,1,1,0,1,0,1,0,0,1,0,0,1,0,1,0,1,1,0,1,0,1,0,0,1,0,0,1,0,1,1,1,0,1,0,1,1,0,1,0,1,0,1,1,0,0,0,0,0,1,1,0,1,1,1,0,1,1,0,0,0,0,1,1,0,1,1,0,1,1,0,1,0,1,1,0,1,1,1,1,0,1,0,0,1,0,1,0,1,1,1
1,0,1,1,0,0,1,0,0,0,1,1,0,0,0,1,1,0,0,0,1,1,0,0,0,1,0,1,1,0,0,0,1,1,1,0,1,1,1,1,0,0,0,1,1,0,0,1,1,1,0,1,1,0,1,0,1,0,0,1,0,1,1,0,1,1,0,0,1,1,1,0,0,1,0,1,1,0,0,0,1,1,0,1,0,0,0,1,1,1,1,0,1,1,1,1,1,1,1,0,0
1,1,0,0,0,1,1,0,0,1,1,1,1,1,0,1,0,0,1,0,0,1,1,1,0,0,0,1,1,0,1,0,0,1,1,1,1,0,0,0,1,1,0,1,1,0,1,1,0,1,0,1,1,0,0,1,1,0,1,1,1,0,1,0,0,1,0,0,0,1,0,0,1,1,0,1,0,1,0,1,0,1,0,0,1,0,0,1,1,1,0,0,1,0,1,1,1,1,1,1,0
1,0,0,0,1,1,1,0,0,0,0,0,0,1,1,0,0,1,1,1,0,0,1,1,0,1,1,1,1,1,0,1,1,1,0,0,0,0,0,0,1,1,0,1,0,1,1,0,0,0,0,0,0,1,0,0,1,1,0,0,1,0,1,1,0,0,1,0,1,0,1,1,0,0,1,0,0,0,1,0,0,0,0,0,0,1,1,1,1,1,0,0,1,1,0,1,1,1,1,0,1
1,0,1,1,0,1,1,0,1,0,0,1,1,0,1,1,0,0,0,0,0,1,0,0,1,0,0,1,0,0,0,1,1,1,1,1,0,1,0,0,1,1,1,0,1,0,1,1,1,0,0,1,0,1,1,1,1,1,0,0,1,1,0,0,0,1,1,0,1,0,1,0,1,1,1,1,0,1,0,1,1,0,1,0,0,1,1,0,1,1,0,0,0,0,0,0,1,1,1,0,1
0,1,0,1,1,0,1,0,0,1,1,1,0,1,0,1,0,0,0,1,1,0,1,1,0,1,0,1,0,0,0,0,0,0,0,0,1,1,1,0,1,0,1,0,0,1,0,0,1,1,0,0,0,0,1,1,0,1,0,0,1,1,1,0,0,0,0,0,1,1,1,0,0,0,0,1,0,1,1,0,1,1,0,1,1,0,1,0,0,1,1,0,0,0,0,0,1,1,1,1,0
0,0,1,1,0,0,1,0,1,0,1,1,1,1,0,1,0,0,0,0,0,1,1,0,1,0,1,0,0,1,1,0,1,1,0,0,1,1,1,0,0,0,1,1,0,1,0,1,1,1,0,0,1,0,0,0,1,0,0,1,0,1,1,1,0,0,0,0,0,0,1,0,0,0,0,0,1,0,0,0,1,1,0,0,0,0,1,0,1,1,1,0,1,1,0,1,0,1,1,1,0
1,0,0,1,0,0,1,0,1,1,0,1,1,1,0,0,0,1,0,0,1,1,0,0,0,1,1,1,1,1,1,1,1,0,1,1,1,1,0,1,0,1,0,0,1,1,0,0,0,1,0,1,1,1,1,1,1,0,1,0,0,1,1,1,1,0,1,0,1,0,1,0,1,0,0,0,0,1,0,0,0,1,1,1,1,0,1,1,0,0,0,0,0,1,1,0,1,0,1,0,0
1,1,0,1,0,0,0,1,0,0,1,0,1,1,1,1,1,0,1,1,1,0,0,1,0,0,1,1,1,0,1,0,0,0,1,1,0,0,1,1,0,0,1,0,0,1,0,1,0,1,0,1,0,1,1,0,0,1,1,0,1,1,1,1,0,1,1,0,0,1,1,1,1,1,0,1,0,0,0,1,0,1,0,1,1,0,1,0,0,1,0,0,0,1,1,0,0,0,0,0,0
1,0,1,1,0,1,0,1,1,0,1,0,1,0,0,1,1,0,1,0,0,0,0,0,1,1,1,1,1,1,1,0,0,0,1,0,1,0,1,0,0,0,1,0,1,1,1,1,1,0,0,0,0,1,0,1,0,0,1,0,1,0,1,1,1,0,1,0,0,1,0,1,0,1,1,0,1,1,1,1,0,0,1,1,1,0,1,0,0,1,1,0,0,1,0,1,0,1,1,1,1
1,0,0,0,0,1,0,1,0,1,1,1,0,1,1,1,1,1,0,0,0,1,0,0,0,1,0,1,1,0,1,1,1,0,0,0,0,0,1,0,1,1,0,1,0,1,1,1,0,0,1,1,1,1,1,0,1,0,0,1,0,0,1,0,1,0,0,1,1,1,0,0,0,1,1,0,0,1,0,1,1,1,1,0,0,0,0,0,1,1,1,0,0,0,1,1,1,1,1,0,1
0,0,1,1,0,0,1,1,0,0,0,1,0,0,0,0,1,0,1,0,1,0,0,0,0,0,1,0,0,0,0,1,0,0,1,1,1,0,0,1,0,1,1,1,0,1,1,1,1,1,0,0,1,1,0,0,0,1,1,1,1,0,1,1,0,0,1,0,0,0,0,1,1,0,1,0,0,0,0,1,0,1,0,1,0,0,0,1,0,0,1,0,1,0,0,1,0,0,0,0,0
1,1,1,0,1,0,1,0,0,0,1,0,1,1,1,0,0,0,1,0,1,0,1,0,0,0,1,1,1,1,1,1,1,0,1,1,1,0,1,0,0,1,1,0,0,0,1,0,1,1,1,1,0,0,1,1,1,1,1,1,0,1,0,1,1,0,1,1,1,0,0,1,1,0,1,0,1,1,0,1,1,0,1,1,0,1,0,0,1,1,0,1,1,0,0,1,1,0,1,1,1
1,1,1,1,1,1,1,0,1,1,0,1,0,0,1,1,0,1,1,1,1,1,0,1,1,0,0,0,1,0,0,1,1,1,0,1,0,0,1,1,1,0,0,1,0,1,0,0,1,0,1,0,0,1,1,1,0,0,0,1,1,1,1,1,0,1,0,1,0,1,0,0,1,1,0,1,0,0,1,0,1,0,0,1,1,1,0,1,0,1,1,0,0,0,0,1,0,1,0,1,1
1,1,1,1,0,1,0,0,1,0,0,0,1,0,0,1,0,1,1,0,0,1,0,0,1,0,0,1,1,1,0,1,0,0,0,1,0,0,0,0,0,0,0,0,0,0,1,1,0,0,1,1,0,1,0,0,1,0,1,1,0,0,0,0,1,0,0,0,1,0,0,1,0,0,0,1,1,0,0,1,0,0,1,0,1,0,0,1,1,0,0,0,1,0,0,1,1,0,1,0,1
0,0,0,0,1,0,0,1,0,1,1,0,0,1,1,1,0,1,1,1,1,0,1,1,0,1,0,1,0,0,0,1,1,0,0,0,1,0,0,0,1,0,0,1,1,1,0,0,1,0,0,0,0,0,1,1,1,1,0,0,1,1,1,1,0,0,0,1,0,0,0,1,0,1,1,1,1,1,0,1,1,0,1,0,0,0,1,0,1,1,1,0,0,1,1,0,0,0,0,0,0
1,0,0,1,0,1,0,1,1,1,1,0,0,0,0,0,1,1,1,1,0,1,0,0,0,1,0,0,1,1,1,0,1,0,1,0,0,1,1,1,0,1,1,1,1,0,0,0,1,0,1,1,0,1,0,1,0,1,1,0,0,0,1,1,1,0,1,1,1,0,0,0,0,0,0,0,1,0,1,1,1,0,1,1,1,1,0,1,1,1,1,1,0,0,0,1,1,1,1,0,1
0,1,1,0,0,1,0,0,0,0,1,1,1,1,1,1,1,0,1,0,1,0,0,1,1,1,1,0,0,0,1,1,1,0,1,0,0,0,0,1,1,1,0,0,1,0,0,1,0,0,0,1,0,1,1,0,1,1,1,0,0,1,1,0,0,1,1,1,1,1,1,1,1,1,0,1,1,1,0,0,0,0,0,0,1,0,1,0,1,1,0,0,1,0,1,1,1,0,1,0,0
1,1,1,0,1,0,1,0,0,0,0,0,0,0,1,0,1,1,0,0,0,0,1,1,1,0,1,0,0,1,0,0,0,0,1,0,1,0,1,0,1,1,1,1,1,0,0,0,1,1,1,0,0,0,0,0,1,1,1,1,0,1,1,1,0,1,0,1,1,0,0,0,0,1,1,1,1,0,1,0,1,1,0,0,0,0,1,1,0,0,1,0,0,1,0,0,0,1,0,0,1
1,0,0,1,0,0,0,0,0,1,1,0,1,1,0,1,0,0,0,1,1,0,0,1,1,1,0,0,1,1,1,0,1,0,1,0,0,1,0,1,0,1,1,0,1,1,0,0,0,1,1,1,1,0,1,0,0,1,1,0,0,0,1,0,0,1,0,1,1,0,0,1,1,0,0,0,0,1,0,1,0,0,1,1,0,0,0,0,1,0,0,0,1,1,1,0,0,0,1,1,1
0,1,1,0,1,0,0,1,0,1,0,1,1,0,1,0,1,0,0,0,0,1,1,0,0,1,0,1,1,1,1,0,1,0,0,0,0,1,1,0,0,1,1,1,1,1,1,0,0,0,0,0,0,0,1,0,1,1,1,1,1,0,1,1,1,1,1,1,1,0,1,1,0,1,1,0,0,0,0,0,0,1,0,0,1,0,0,1,1,1,0,1,0,1,1,0,1,1,0,0,1
0,1,0,1,0,1,0,0,0,0,0,0,0,0,0,0,0,0,0,1,1,1,1,0,1,1,0,0,1,1,0,1,1,1,1,1,0,0,0,1,1,0,0,0,0,1,1,1,1,0,0,0,1,1,1,0,0,0,0,0,0,0,1,1,0,0,0,1,1,0,1,0,0,1,0,0,1,1,0,1,1,1,0,1,0,0,0,1,1,1,0,1,0,1,0,0,1,1,0,1,1
0,0,0,0,1,0,1,0,1,0,0,1,0,1,1,0,1,1,1,0,0,1,1,0,1,0,1,1,0,1,0,1,0,0,0,1,0,0,0,0,0,0,0,1,1,1,0,1,0,0,1,0,1,0,0,0,0,1,0,1,0,0,1,0,0,0,0,0,0,1,1,1,0,0,1,1,0,1,0,0,0,0,1,1,1,1,0,0,1,1,0,1,1,0,0,1,0,1,0,1,0
0,0,0,1,0,1,1,0,0,0,1,1,1,1,0,1,1,0,0,0,1,1,1,0,1,0,0,1,1,1,1,0,1,0,1,1,1,0,0,1,1,1,0,1,1,0,0,1,0,1,0,0,0,1,1,1,1,1,1,0,1,1,0,1,0,0,1,0,0,1,1,0,1,1,0,1,0,1,1,1,0,0,0,1,1,0,1,1,0,1,1,1,0,1,1,1,1,1,1,0,0
0,1,0,1,1,1,1,1,0,0,0,1,1,1,1,0,0,1,0,1,0,0,0,1,0,0,0,0,0,0,1,1,1,0,1,1,0,1,1,0,1,0,1,0,1,0,0,1,1,0,0,1,1,0,0,0,0,1,1,0,1,1,0,0,1,1,1,1,0,1,1,0,0,0,0,1,1,0,0,0,1,0,0,0,1,0,0,1,0,1,1,0,1,0,1,1,1,0,0,1,1
1,1,1,1,1,1,0,0,0,1,0,0,0,1,0,0,1,0,0,0,1,0,1,1,0,0,0,0,0,1,0,1,1,1,1,0,0,1,1,1,0,0,1,0,1,1,1,0,1,0,0,1,0,1,1,1,0,0,1,0,1,1,0,1,1,0,1,1,0,0,0,1,1,1,1,0,0,0,0,0,0,0,0,1,1,0,0,0,0,0,1,1,0,0,0,0,1,0,1,0,1
0,0,0,1,1,1,1,1,1,0,1,0,1,1,1,1,0,0,0,1,1,0,0,0,0,1,0,0,0,0,1,0,1,0,1,0,0,0,1,0,0,0,1,0,0,1,1,0,0,1,0,0,1,1,1,1,1,0,0,0,0,0,0,0,0,0,0,1,0,1,0,0,0,1,0,1,1,1,0,1,1,0,0,1,1,0,0,0,0,0,1,0,1,0,0,1,1,1,0,1,1
0,1,1,0,1,1,0,0,0,1,0,0,0,1,1,1,0,1,0,0,1,0,1,0,0,1,1,0,0,1,0,1,0,1,0,0,0,0,1,0,0,1,1,0,1,0,0,1,1,1,1,0,0,1,1,0,1,0,1,1,1,1,0,0,0,1,1,1,1,0,1,1,1,0,1,1,0,0,1,0,0,0,1,0,1,0,1,1,0,0,1,0,1,1,0,1,0,0,1,0,1
0,1,0,0,0,1,0,0,1,1,0,0,1,1,1,0,1,1,1,0,1,1,1,0,0,0,1,0,1,1,1,0,1,1,1,1,1,0,0,0,0,1,0,1,0,0,1,1,1,0,0,0,1,0,0,0,0,0,0,1,0,1,1,0,1,1,1,0,1,1,1,0,1,0,1,0,0,0,1,1,1,1,0,0,0,0,0,1,0,1,1,0,1,1,1,0,0,1,0,0,0
1,0,1,1,1,0,1,1,1,1,0,1,1,1,0,0,1,1,1,1,1,0,1,1,1,0,1,1,0,0,0,0,0,1,1,0,0,1,1,1,0,1,1,0,0,0,1,1,0,0,0,1,0,0,1,0,0,1,0,0,0,0,1,1,1,0,0,1,0,1,1,0,1,0,0,0,0,0,0,0,0,1,1,1,0,1,1,1,0,1,1,0,0,0,1,0,1,1,1,0,1
1,0,1,0,0,0,0,0,0,0,0,0,1,0,0,0,1,0,1,1,0,0,0,0,1,0,1,1,1,1,1,1,1,1,1,0,0,1,0,1,0,1,1,0,0,0,1,1,0,0,0,1,0,0,0,0,0,1,1,0,0,0,1,1,1,0,0,1,0,0,1,1,1,1,0,1,1,1,1,0,0,0,1,0,0,0,1,1,1,0,0,0,0,0,0,0,0,0,1,0,1
0,0,1,0,1,0,0,0,0,1,1,0,1,1,1,0,0,1,1,1,0,0,0,0,0,1,0,0,0,1,1,0,0,1,0,0,1,1,1,0,1,0,1,1,1,1,0,1,0,0,1,0,0,0,0,1,1,1,0,0,0,0,1,1,0,0,0,0,0,1,0,0,0,1,1,0,1,1,1,1,0,0,1,0,0,0,1,1,0,1,1,1,0,1,1,1,1,0,1,1,1
0,1,0,0,1,0,0,0,0,0,1,1,0,0,0,0,1,1,0,0,1,0,1,0,0,1,0,0,0,1,0,1,1,1,1,1,0,1,1,1,1,1,1,1,0,1,1,0,1,1,1,0,1,1,0,1,1,0,1,0,1,0,0,1,0,1,1,1,1,0,1,0,1,1,0,0,1,1,0,1,0,1,0,1,0,1,1,0,1,1,0,0,0,0,0,1,0,0,0,0,1
0,0,1,0,0,1,0,0,0,0,0,0,0,1,0,1,1,1,0,0,1,1,1,0,1,1,1,0,0,0,0,1,0,0,1,0,1,0,1,0,1,1,0,1,0,1,1,0,1,0,0,1,0,0,0,0,1,0,0,0,0,1,0,0,1,1,1,0,0,1,0,1,0,1,1,1,1,1,1,0,1,0,0,1,0,1,0,1,1,1,1,0,1,1,1,1,0,0,1,0,1
0,1,1,1,1,1,1,1,1,1,1,0,0,1,0,0,1,0,1,1,0,0,0,0,1,1,1,0,0,0,0,0,0,0,1,1,1,0,1,1,1,0,0,0,0,0,0,1,1,0,0,1,0,1,1,1,0,1,1,1,0,1,0,0,0,0,0,0,1,0,1,0,0,1,0,1,0,0,1,0,1,0,1,1,1,1,1,1,0,0,0,1,0,1,0,0,1,0,0,0,1
1,1,0,0,1,0,0,1,1,0,0,0,0,0,1,0,0,0,0,1,0,1,1,0,1,0,0,1,0,1,1,0,0,0,1,0,1,1,1,0,1,1,1,0,0,1,0,0,1,1,1,1,1,1,1,0,0,1,1,1,1,0,0,0,0,1,1,0,1,0,1,0,1,1,1,1,0,1,0,0,1,1,0,1,1,0,1,1,0,0,0,1,1,0,1,0,1,1,0,0,1
1,0,1,1,1,1,0,0,1,1,1,1,0,0,0,1,0,0,1,0,1,0,1,1,1,1,0,1,0,0,1,0,0,1,0,1,0,1,1,0,1,0,1,1,0,0,1,1,1,1,1,0,1,1,1,1,0,1,1,0,1,1,0,1,1,0,1,1,1,1,0,0,0,1,0,0,1,1,0,0,1,0,0,1,1,0,1,1,1,0,0,0,0,1,0,0,1,0,1,1,1
0,1,0,1,0,1,1,1,1,0,1,0,1,1,0,1,0,1,0,1,1,0,1,1,1,0,1,0,1,0,1,1,0,0,1,1,0,0,1,1,1,0,0,0,1,1,1,1,1,0,1,1,0,0,0,0,0,0,1,1,0,1,0,1,0,0,1,1,1,1,1,0,1,1,0,1,0,1,0,0,1,0,0,1,0,0,1,1,1,0,1,0,0,1,0,0,0,0,1,1,1
0,0,0,0,0,0,1,1,1,0,1,0,1,1,1,1,0,1,1,1,1,0,0,0,1,0,1,1,1,0,1,0,1,1,1,0,1,1,1,1,0,1,1,0,1,1,0,1,1,0,0,1,0,0,1,0,0,1,0,0,0,1,1,0,0,0,0,1,1,0,1,0,1,0,1,0,0,1,0,0,1,0,0,0,0,0,0,0,0,1,1,1,0,0,1,1,0,1,0,1,0
0,1,1,1,0,1,0,0,0,1,0,1,0,1,0,1,1,0,0,1,0,0,1,0,0,0,1,0,0,0,1,1,1,1,0,1,1,0,0,1,0,1,0,1,1,0,0,1,1,0,0,1,0,0,0,0,0,0,1,1,1,0,1,0,1,1,0,1,0,0,0,0,1,0,0,1,0,1,1,1,0,1,1,0,0,1,1,1,0,0,1,1,1,1,1,0,0,1,0,1,1
0,1,1,0,0,0,1,1,0,0,1,0,1,0,0,1,0,0,0,1,1,0,0,0,1,0,1,0,0,0,1,0,0,0,1,1,0,1,0,0,0,1,0,0,0,1,1,0,1,0,1,0,1,1,0,0,1,0,1,0,0,1,0,0,1,0,0,0,0,0,1,1,1,1,0,0,0,1,0,1,1,1,1,0,1,1,0,1,1,0,0,0,1,0,0,0,1,0,0,1,1
1,0,1,0,1,0,0,0,1,1,0,1,1,0,1,0,1,0,1,0,0,1,1,0,1,0,1,1,0,1,1,0,1,1,0,1,1,1,1,1,0,0,0,0,1,0,1,1,0,0,0,0,0,1,1,1,0,1,1,0,0,0,0,1,0,1,0,1,0,1,0,0,1,1,1,1,0,1,0,0,0,1,0,1,0,1,1,1,0,1,0,1,0,1,0,0,1,1,1,0,1
1,1,0,1,1,1,1,0,1,0,1,1,1,1,1,0,0,0,0,0,1,0,0,0,1,0,1,1,1,0,0,1,1,0,0,0,1,1,0,0,1,0,1,1,0,1,0,0,0,0,0,0,0,1,1,1,1,1,1,1,1,1,0,1,0,0,1,0,0,1,0,0,1,1,0,1,0,0,1,1,1,1,1,1,1,0,0,1,1,1,1,1,1,1,0,0,0,1,0,1,0
1,1,1,0,0,1,0,0,0,0,1,0,0,0,1,0,1,0,0,1,1,1,0,0,1,0,0,1,0,1,1,0,1,0,0,1,0,0,1,0,1,0,0,0,1,0,0,1,0,0,0,1,0,0,1,1,0,1,0,0,0,0,0,1,0,0,0,0,1,0,1,1,0,0,1,0,1,1,1,0,1,1,0,1,0,0,0,0,0,0,1,0,0,1,0,0,0,1,0,1,1
0,1,0,1,0,1,0,1,0,0,0,0,1,0,0,1,0,0,0,0,1,0,1,1,1,1,1,0,1,0,0,0,1,0,0,0,0,0,1,1,1,1,0,0,1,0,1,1,1,1,0,1,0,0,1,0,0,1,1,0,0,1,1,1,0,0,1,1,0,0,1,1,0,0,0,1,0,1,0,0,0,1,0,0,1,0,1,1,0,0,1,0,1,1,0,0,0,0,1,0,1
1,0,1,0,1,1,0,1,0,0,0,1,1,1,0,0,1,0,0,0,1,1,1,1,0,0,0,0,0,1,0,0,1,1,1,1,0,0,1,1,0,0,0,0,0,0,0,0,0,1,1,1,1,1,0,1,0,0,0,0,1,0,0,1,0,0,1,0,0,0,1,1,1,1,1,0,1,1,0,1,0,0,1,0,0,0,0,0,0,0,0,0,1,0,1,1,0,1,0,1,1
0,0,0,1,1,1,0,1,1,0,0,1,1,1,0,1,0,0,0,1,1,0,0,1,0,0,1,1,0,1,0,0,0,1,0,1,0,0,1,0,1,1,0,1,0,1,0,1,1,0,1,1,0,1,1,0,0,0,1,1,1,1,0,0,1,1,1,0,1,1,0,1,1,0,0,0,0,1,0,1,0,0,0,0,1,0,0,0,0,0,1,1,1,1,1,0,1,1,1,0,0
1,1,1,0,0,1,1,1,1,0,1,0,1,1,1,0,0,0,0,0,1,0,1,0,0,0,1,1,0,1,0,1,1,0,0,0,1,1,1,1,1,0,0,0,1,0,1,0,1,1,1,0,1,0,1,0,0,0,0,0,0,1,1,1,1,0,0,1,1,0,1,0,1,0,1,0,1,0,1,0,0,0,1,1,1,0,0,0,0,0,1,1,1,1,0,1,1,0,1,0,0
1,0,1,0,1,1,0,0,1,0,1,1,1,1,1,1,1,1,1,1,0,0,0,0,0,1,0,1,1,1,0,1,1,1,0,1,0,1,0,1,1,1,0,1,0,0,0,1,0,0,0,0,1,0,0,1,0,1,1,0,1,1,1,0,1,1,0,0,0,1,1,1,0,0,1,1,0,0,0,0,0,0,0,0,0,1,0,1,1,0,1,0,1,1,0,1,1,0,0,1,1
0,0,0,1,0,1,1,0,1,0,1,0,0,0,0,0,1,0,1,1,0,0,1,1,0,0,1,0,0,1,1,0,1,1,0,1,0,1,1,1,1,0,1,1,0,1,0,1,0,0,0,0,1,0,1,1,0,0,1,0,1,0,0,0,0,1,0,1,1,0,1,1,1,0,0,0,0,1,0,0,1,0,0,1,0,1,0,1,0,0,0,1,1,1,0,0,1,0,1,0,0
0,1,1,1,0,0,1,1,0,0,1,0,1,0,1,1,0,0,0,1,0,0,1,1,1,1,0,0,0,1,0,1,1,1,1,1,0,1,0,0,1,0,1,0,0,1,0,1,0,1,0,0,1,1,0,1,1,0,0,1,1,0,0,0,0,1,0,0,1,0,1,1,0,0,1,0,1,0,0,0,1,0,0,0,1,1,1,1,0,1,1,0,0,0,1,0,1,1,1,0,1
0,1,1,0,1,1,1,0,1,0,0,1,0,0,1,0,0,0,1,0,1,1,0,0,1,1,1,1,1,1,0,1,0,0,0,1,1,0,1,1,0,1,1,0,1,1,0,1,0,0,0,1,0,0,1,1,0,1,1,1,0,0,0,0,1,0,1,0,0,1,1,1,1,0,1,1,1,1,1,1,0,0,1,1,0,0,0,1,0,1,0,1,0,1,1,1,1,1,0,0,0
0,0,1,1,1,0,0,1,0,0,1,0,0,0,1,1,1,1,0,0,0,1,0,1,1,0,0,1,0,1,1,1,1,1,0,0,1,1,0,0,1,1,0,0,1,1,0,0,1,1,1,1,1,1,0,0,0,0,1,1,0,0,1,1,1,0,1,0,0,0,0,1,1,0,1,0,0,0,0,0,1,1,0,1,0,0,1,0,1,1,1,0,1,0,1,0,0,0,0,1,0
0,1,1,0,0,1,0,1,0,0,0,0,1,0,0,1,1,0,0,0,0,0,0,0,0,0,0,1,0,1,0,0,1,1,1,1,1,1,1,1,1,1,1,1,1,0,1,0,0,1,1,1,1,1,0,1,1,1,1,1,0,0,1,0,1,0,0,0,0,0,0,0,0,0,0,1,0,1,0,1,1,0,1,0,0,0,0,1,1,0,1,1,1,0,0,1,0,1,1,1,1
0,1,1,1,1,0,0,1,1,1,0,0,1,0,1,1,1,0,0,0,0,0,0,1,1,1,1,0,0,0,1,0,0,1,0,0,0,1,0,1,0,0,1,1,1,0,0,1,1,1,1,0,0,1,0,0,1,0,0,1,1,1,0,1,1,0,0,1,0,1,0,1,0,1,1,1,1,0,1,1,1,1,1,0,0,0,1,1,1,0,1,1,1,0,0,1,0,1,0,1,1
1,1,0,1,0,0,0,1,1,0,1,0,1,1,1,1,0,0,0,1,1,0,1,1,0,0,1,1,1,0,1,1,1,0,0,1,1,0,0,0,1,0,1,0,1,1,1,1,1,0,0,0,1,1,1,0,0,0,0,1,1,1,1,1,1,1,0,0,1,1,1,0,0,0,0,0,1,0,1,1,1,0,0,1,0,0,1,0,1,0,0,0,1,0,0,1,1,1,0,1,0
0,0,1,0,0,1,1,1,0,1,0,0,1,0,1,1,1,0,1,1,0,0,1,0,0,1,0,0,0,0,1,0,1,1,0,1,0,1,1,1,1,0,0,1,1,0,0,0,0,0,0,1,1,1,0,0,1,1,0,1,0,0,0,1,1,0,0,1,0,0,1,1,0,0,0,0,1,1,1,0,0,1,1,1,0,1,1,1,0,0,1,1,0,1,0,1,1,1,0,0,1
1,1,1,1,1,1,1,0,1,0,1,1,1,0,0,0,1,1,1,1,1,0,1,0,1,1,1,0,1,1,0,0,1,0,1,0,1,0,1,0,1,1,1,0,1,1,1,0,0,0,0,0,1,1,0,0,1,1,0,0,0,1,0,1,0,1,0,0,0,1,1,0,0,0,1,1,1,1,0,0,0,1,1,1,0,1,0,1,0,0,1,0,1,1,0,0,0,1,1,1,1
0,0,1,0,0,0,1,0,1,1,1,0,0,0,0,0,1,0,0,0,1,1,1,0,1,0,1,1,0,1,0,1,1,0,0,0,1,1,1,0,1,1,0,1,1,1,1,0,0,1,0,1,1,0,1,0,0,0,1,1,1,1,0,0,0,0,1,1,0,0,1,1,0,1,0,1,1,0,0,0,1,1,1,0,0,0,1,0,1,1,0,0,0,1,1,0,1,0,0,0,0
0,1,0,0,1,0,0,1,0,0,0,1,0,1,0,1,1,1,1,1,1,0,1,0,1,1,1,1,1,0,0,0,0,1,0,1,1,0,0,1,0,1,0,1,1,0,0,0,0,1,0,1,1,1,0,1,0,0,1,0,1,0,0,0,0,0,0,1,1,0,1,1,0,1,1,1,1,1,1,0,1,1,1,0,0,1,0,1,1,0,1,1,1,1,0,0,1,0,1,0,1
0,1,1,0,1,0,0,1,0,1,0,1,0,1,0,0,1,0,0,0,1,0,1,1,0,1,0,0,0,1,1,0,0,1,0,0,1,1,1,1,1,1,0,0,1,1,1,0,1,0,1,1,1,1,0,1,0,0,0,1,1,0,0,1,0,0,0,0,0,0,1,1,0,1,0,0,0,1,0,1,0,1,0,1,0,1,1,0,1,1,1,0,0,0,1,1,0,1,1,0,1
0,1,0,0,1,0,1,1,1,0,0,0,1,0,1,1,0,0,0,0,1,1,1,0,1,0,0,1,1,0,0,1,1,0,0,1,0,1,0,0,1,1,1,0,0,1,0,0,1,0,1,0,1,0,0,1,1,1,1,1,0,1,1,0,0,0,0,0,1,1,1,1,0,0,1,1,0,0,0,0,1,0,0,0,0,1,1,1,1,1,0,1,0,0,1,1,0,0,0,1,1
0,0,0,1,0,0,0,1,0,1,0,1,1,1,1,0,0,1,1,1,0,0,1,0,1,0,1,1,0,1,0,0,1,1,0,1,1,1,1,1,1,1,0,1,0,0,0,1,1,0,0,1,1,0,0,0,1,1,1,0,0,1,1,0,0,0,0,0,0,0,0,1,0,1,0,0,1,0,1,0,0,0,0,1,1,0,1,0,1,1,0,1,1,0,1,1,0,0,0,1,1
0,0,1,1,0,0,1,1,0,1,1,1,0,0,1,1,1,1,0,1,1,0,0,0,0,1,0,0,1,1,1,0,0,0,0,1,0,1,1,1,0,1,0,0,0,0,1,1,0,0,1,0,0,0,0,1,1,0,1,1,1,1,1,1,1,0,0,0,0,1,1,0,1,0,0,1,1,1,0,0,1,1,1,1,0,0,0,0,1,0,0,0,0,1,1,1,0,0,1,0,1
0,0,0,0,1,1,1,1,1,0,1,1,0,0,1,1,0,1,0,1,1,1,0,1,0,0,0,1,0,1,0,1,0,1,1,1,1,1,0,1,1,0,0,0,1,1,1,0,0,0,0,0,1,0,0,1,1,0,1,0,1,1,1,0,1,0,0,1,0,1,0,1,1,0,1,0,0,0,1,0,0,0,0,1,1,1,1,1,1,0,1,1,1,0,1,1,1,0,0,1,0
0,0,1,0,1,1,1,0,1,1,1,1,0,0,1,1,1,0,1,1,0,1,0,0,0,1,1,0,1,1,1,1,1,1,1,0,1,0,0,1,1,0,0,0,0,0,1,1,1,0,1,1,0,1,0,0,1,1,0,0,1,0,1,1,0,1,1,1,1,1,1,0,1,0,0,0,0,0,0,1,0,0,0,0,1,0,1,1,0,1,0,0,1,1,1,0,1,0,1,0,1
0,0,1,0,0,0,0,1,1,1,0,0,1,0,1,1,0,1,0,0,0,1,0,1,0,1,0,1,0,0,0,0,1,0,1,1,1,0,1,0,1,0,1,1,1,1,1,0,1,0,1,1,1,1,0,1,1,1,1,0,1,0,0,0,1,0,1,1,0,0,0,1,0,1,1,0,1,0,0,0,0,1,1,1,0,0,1,0,1,0,1,0,0,1,0,0,0,1,0,1,1
0,0,1,0,1,0,0,1,0,1,1,1,0,1,1,1,0,0,1,0,0,1,1,0,0,1,1,0,1,1,0,1,0,0,1,0,0,0,1,0,0,1,0,0,0,1,1,1,1,0,1,0,1,1,0,0,0,0,0,0,1,0,1,0,1,1,0,1,1,1,1,0,1,0,1,1,0,0,1,0,1,0,0,0,0,0,1,0,1,1,1,1,0,0,1,1,1,1,0,0,1
1,0,0,1,0,1,0,1,0,1,1,1,0,1,1,0,0,0,1,1,0,1,1,1,0,0,0,1,1,1,0,0,1,1,1,0,0,0,0,1,1,1,0,1,1,0,0,0,1,0,1,1,0,1,0,1,0,0,1,1,1,0,1,0,1,0,0,0,0,0,0,0,0,0,1,0,0,1,1,1,0,0,0,0,1,1,0,1,0,0,1,1,0,1,1,1,0,0,0,0,0
1,1,1,1,1,0,0,0,1,0,0,1,1,0,1,1,0,0,0,1,0,0,1,0,1,0,1,1,0,0,1,0,1,0,1,0,1,1,1,0,0,0,0,1,0,1,1,0,0,1,1,1,0,0,1,0,1,0,1,1,1,0,1,0,1,0,1,1,0,1,0,1,1,1,1,1,1,1,0,1,0,1,1,0,0,1,1,0,1,1,0,1,1,0,1,0,0,0,1,0,1
1,1,1,1,1,0,0,1,1,1,0,0,1,0,1,1,0,1,1,0,1,0,1,0,0,1,1,1,1,0,0,0,1,0,1,0,0,1,1,0,1,1,0,0,0,0,0,0,0,0,1,1,1,1,0,1,1,1,0,0,1,1,0,0,1,1,1,0,0,1,0,1,1,0,1,0,0,1,0,0,1,0,1,1,1,0,0,1,0,0,0,0,1,0,0,1,1,0,0,1,1
0,1,0,0,0,1,1,1,1,0,1,1,1,0,1,1,0,0,0,0,1,1,1,1,1,0,0,0,0,0,1,1,0,1,1,1,1,1,1,1,0,1,0,0,1,0,0,1,1,1,0,0,1,1,0,1,0,0,0,1,0,1,1,0,1,1,0,0,0,1,0,1,0,1,0,0,1,0,0,0,1,1,0,0,1,1,0,1,1,1,0,1,0,0,1,0,0,1,0,1,0
0,0,0,0,1,0,0,1,1,0,0,1,1,1,1,0,0,0,1,1,1,1,0,0,1,0,1,0,1,0,0,1,0,0,0,0,0,1,0,0,0,0,1,0,0,0,1,1,1,1,1,1,1,0,0,0,0,0,1,0,1,1,1,1,1,1,1,0,1,0,0,1,1,0,0,1,0,1,0,0,0,0,1,0,0,0,0,1,0,0,1,0,0,0,1,0,1,0,0,1,1
1,0,1,0,1,0,0,0,1,1,0,1,0,1,1,1,0,0,0,1,1,0,1,1,1,0,1,1,0,0,0,1,0,0,1,1,1,1,1,0,0,0,0,1,0,1,1,1,1,0,0,0,1,0,1,1,0,1,1,0,1,0,0,1,0,0,1,0,0,1,1,0,1,0,1,1,1,0,0,0,0,0,1,1,1,1,0,0,1,1,0,0,1,0,0,1,1,1,0,1,1
1,0,1,0,1,1,0,0,0,0,1,0,0,0,0,0,0,1,0,1,0,1,1,0,1,0,1,0,0,0,0,1,1,0,1,0,0,0,0,0,0,0,1,0,0,1,0,1,0,0,1,1,0,1,0,0,0,1,1,1,1,1,1,0,0,1,1,1,0,0,1,1,1,1,1,1,0,1,1,0,1,0,0,1,1,0,1,0,0,0,0,1,1,0,0,0,0,1,1,1,1
0,0,1,1,0,0,0,1,0,0,0,0,0,0,1,0,1,1,0,1,0,0,0,0,0,1,1,1,0,0,1,1,1,0,0,0,1,0,0,1,1,0,1,0,0,0,0,0,0,1,1,0,0,1,1,0,0,1,0,0,1,1,0,0,0,1,0,1,1,1,1,1,1,0,1,1,0,1,0,1,0,0,0,0,0,1,0,0,1,1,0,0,1,1,0,1,1,1,0,1,1
0,1,0,0,1,1,0,0,1,0,1,1,1,1,1,1,1,0,0,1,0,0,1,1,1,1,0,1,1,1,0,0,0,0,1,0,1,0,0,0,1,0,0,1,0,0,1,0,1,0,0,1,0,1,1,0,1,0,0,1,0,1,0,0,1,0,0,1,0,0,0,0,1,0,0,1,0,0,1,1,1,1,0,0,1,1,0,1,1,1,1,0,1,1,0,0,0,0,0,0,0
1,0,0,1,1,1,1,1,1,0,0,1,0,1,0,1,0,1,0,1,1,1,0,0,1,0,0,1,0,1,0,0,1,0,1,0,1,0,0,0,0,1,1,0,0,1,1,0,1,0,1,0,1,0,1,1,1,1,0,0,1,0,0,0,1,1,0,1,0,1,0,0,1,1,1,1,1,1,1,1,0,1,0,0,1,0,1,1,1,0,1,0,1,1,0,1,1,0,0,0,1
1,1,0,1,1,1,1,0,1,1,1,1,0,0,1,1,1,1,0,0,0,0,1,0,0,1,0,0,1,0,1,0,0,0,0,0,0,0,0,1,1,1,1,1,0,0,0,1,1,0,1,0,0,0,0,1,0,0,1,0,1,1,1,1,1,1,1,1,0,0,1,1,0,1,1,0,0,0,1,1,0,0,0,0,1,0,0,0,0,1,1,1,0,1,0,0,1,0,0,0,1
1,0,1,0,1,0,0,0,0,0,1,1,1,0,0,1,1,0,1,1,1,1,0,0,0,1,0,1,1,0,0,1,1,1,0,0,0,1,1,0,1,0,0,1,1,0,0,1,1,0,1,1,1,0,0,1,1,1,1,0,1,1,1,0,1,0,1,1,0,1,1,1,1,0,0,0,1,1,1,1,1,1,0,0,1,1,0,0,0,1,0,0,0,1,0,1,0,0,0,0,1
0,1,0,1,0,1,0,0,0,1,0,1,1,1,0,0,1,0,0,1,0,0,0,1,1,1,0,0,0,0,0,1,0,1,1,0,1,0,0,1,0,1,1,0,1,1,1,1,1,0,0,1,1,1,0,0,1,1,1,0,1,0,1,0,1,0,0,0,0,1,1,0,0,0,0,0,0,1,1,1,0,0,1,0,0,0,0,0,0,1,0,0,0,0,1,1,0,1,0,0,1
1,0,0,1,0,1,1,0,0,1,0,1,0,1,1,0,1,0,0,1,0,1,1,1,0,0,0,1,0,0,0,1,1,0,0,0,1,0,0,1,1,0,0,0,0,1,1,0,1,1,1,1,0,1,1,1,0,0,0,1,1,1,1,0,0,0,1,0,1,1,1,0,0,1,1,1,0,1,0,0,0,1,0,1,0,1,0,0,0,1,0,0,0,1,0,1,1,0,0,0,0
1,1,0,1,1,1,0,0,0,1,1,1,0,1,0,0,1,1,1,0,0,1,1,1,0,0,1,1,1,1,1,1,1,1,0,1,0,0,1,0,0,1,1,1,1,1,1,0,1,1,0,0,1,1,0,0,0,0,0,0,1,1,1,1,1,0,1,1,1,1,0,0,1,1,0,0,0,1,1,0,1,1,0,1,0,0,1,1,0,0,1,0,1,1,0,0,0,1,1,0,1
0,1,0,0,0,0,0,0,1,1,1,1,0,1,0,0,0,0,0,0,0,1,1,0,1,1,0,0,0,1,1,1,1,1,0,0,1,0,0,0,1,0,1,0,0,0,1,0,0,0,1,1,1,1,1,0,0,0,0,0,1,1,1,1,0,1,1,1,0,0,1,0,1,0,1,0,1,0,0,1,0,1,1,1,1,0,0,0,0,0,0,1,0,0,0,1,0,0,1,0,1
1,1,0,1,0,1,1,0,1,1,1,1,0,1,0,0,0,1,1,0,1,0,0,0,0,0,1,1,0,1,0,1,1,0,1,0,1,1,0,1,1,0,0,1,1,1,0,0,0,1,1,0,0,1,1,1,1,1,0,1,1,0,0,0,0,1,0,0,0,1,0,1,1,1,1,0,1,1,0,1,0,0,1,0,1,1,1,1,0,0,0,0,0,1,0,1,1,1,0,0,0
0,0,1,0,0,1,0,1,0,1,0,0,0,1,0,0,0,0,1,1,1,1,1,1,1,0,0,0,0,0,0,0,0,0,0,1,1,0,0,1,0,0,1,0,1,1,0,1,0,0,1,0,0,1,0,1,0,1,1,0,1,1,1,1,1,0,1,1,0,0,0,0,1,1,1,1,0,0,1,1,1,1,1,0,0,1,0,0,1,1,1,0,0,1,1,0,0,0,1,0,0
0,0,1,0,0,0,0,1,0,0,1,0,0,1,0,0,1,0,1,0,1,1,1,1,0,1,1,1,1,1,1,1,0,1,0,1,1,0,0,0,1,1,0,0,0,1,1,0,0,0,1,1,1,0,1,1,0,0,1,1,0,0,1,1,0,0,0,0,0,1,0,0,1,1,0,1,1,1,1,0,1,0,1,1,1,0,0,1,0,1,1,1,0,1,1,1,1,1,0,0,0
1,1,1,0,0,0,0,0,1,1,0,1,0,1,1,1,1,0,0,1,0,0,0,1,1,0,0,0,1,1,0,0,1,1,0,0,0,1,0,0,0,0,0,1,1,0,0,1,1,1,0,1,1,1,0,1,1,0,1,0,1,1,1,0,0,1,0,1,1,1,0,1,1,1,0,0,0,0,1,0,1,1,0,1,0,0,0,1,1,1,0,1,1,0,1,1,1,1,1,1,1
0,0,0,0,0,0,1,0,0,0,1,0,0,0,1,0,1,0,1,0,1,0,1,1,1,0,0,0,1,0,0,1,0,1,0,0,0,0,0,1,1,1,0,1,0,0,0,0,0,0,1,0,1,0,1,1,0,0,1,1,0,1,0,0,1,0,0,1,1,0,0,0,0,1,0,0,1,0,0,0,0,1,0,1,0,0,1,1,1,1,0,0,0,1,0,1,0,0,0,1,0
1,1,0,0,0,0,1,0,1,1,0,1,0,0,0,0,1,1,1,1,1,0,0,1,1,0,1,1,1,1,1,0,0,1,0,1,0,0,1,1,1,1,0,0,1,1,1,0,1,1,0,1,0,1,1,1,1,1,1,0,1,1,0,0,1,0,1,0,0,1,1,1,0,0,0,0,0,0,0,1,1,1,1,1,0,1,0,0,0,0,1,1,0,0,1,1,0,1,1,1,1
1,0,1,0,0,0,1,1,1,1,0,0,1,0,1,1,1,1,1,0,1,0,0,0,1,0,0,1,1,0,1,1,0,0,1,0,1,0,0,0,1,1,0,1,0,0,1,1,0,0,0,1,1,1,1,0,0,0,1,1,0,0,0,0,1,1,1,0,0,0,0,0,0,1,1,0,1,0,0,1,0,1,1,0,1,1,0,0,1,1,0,1,1,1,0,0,1,1,0,0,1
0,0,0,1,1,0,0,1,0,0,0,0,0,1,1,0,1,0,1,1,1,1,0,1,1,0,0,1,1,0,1,0,0,0,1,0,1,0,1,1,0,0,0,0,0,1,1,0,1,0,0,1,0,1,0,1,1,0,1,1,0,1,0,0,1,1,0,0,1,1,0,1,0,1,0,1,1,0,1,1,0,0,0,0,0,0,1,1,1,1,1,0,1,1,0,1,0,1,0,1,0
1,1,1,1,0,1,0,0,1,1,0,0,0,1,1,0,0,0,0,0,1,1,1,0,0,0,0,1,1,1,1,0,0,0,0,0,0,1,0,0,1,0,1,1,0,1,0,1,1,0,0,1,1,0,0,1,0,1,1,0,1,0,1,0,1,0,1,1,0,0,1,0,1,1,0,1,0,1,1,1,0,1,0,1,0,0,0,0,0,1,0,0,1,1,0,0,0,1,1,1,0
1,0,0,1,1,1,0,0,1,1,1,1,0,0,0,1,1,0,1,1,1,0,1,0,1,0,1,0,1,0,0,0,1,1,1,1,0,1,1,0,1,0,0,0,1,0,0,0,0,1,0,1,0,1,1,0,0,0,0,1,0,1,0,1,1,1,1,1,1,0,1,1,1,1,0,1,0,0,1,1,1,1,0,0,1,1,0,1,0,1,0,0,1,0,0,1,1,0,0,1,1
1,1,1,0,0,1,0,1,1,0,1,0,0,1,0,0,1,0,0,0,1,0,1,0,0,1,0,0,0,0,0,0,1,1,0,0,1,0,1,1,0,1,0,0,1,0,1,0,0,0,0,0,1,0,0,0,1,1,0,1,0,1,1,1,0,0,1,0,0,1,1,0,0,0,1,1,1,1,0,0,0,0,1,1,0,1,0,0,1,0,0,1,1,1,1,0,1,0,1,1,1
0,1,0,1,0,0,1,0,1,0,0,0,0,1,1,1,1,1,0,0,1,0,0,0,0,1,1,1,0,1,0,0,1,1,0,1,1,1,0,0,0,0,0,0,1,0,0,1,0,0,0,1,1,1,0,1,1,1,0,1,1,1,0,1,0,0,0,1,1,0,1,1,1,1,0,0,1,0,0,1,0,1,1,0,0,0,1,1,0,0,1,1,0,0,0,0,1,0,1,0,0
1,1,1,0,1,0,1,0,0,1,1,1,0,1,1,0,1,0,1,0,1,1,1,1,1,0,1,0,1,0,0,1,0,0,0,0,0,1,0,0,1,0,1,0,0,0,0,0,0,1,1,0,0,1,1,0,1,0,0,1,0,0,0,1,1,1,1,1,0,0,0,0,0,1,1,1,1,0,1,0,0,0,0,1,1,1,0,1,1,1,1,0,1,0,1,1,1,0,0,1,0
1,1,0,0,1,1,1,0,0,0,0,1,1,1,0,0,0,1,0,0,1,0,1,1,0,0,0,0,1,1,0,1,1,1,1,1,0,1,0,1,0,1,1,0,0,0,0,1,0,1,1,0,0,0,0,1,0,1,1,0,1,1,1,0,1,0,1,0,1,0,0,1,0,0,0,0,1,1,1,0,0,0,1,1,0,1,1,0,0,1,0,0,0,1,0,1,1,1,1,1,1
0,1,0,1,0,1,0,1,1,1,0,0,0,0,1,1,1,1,1,1,0,0,0,0,1,1,0,0,1,0,0,1,1,0,1,0,1,0,0,1,0,0,0,1,0,1,1,0,0,1,1,0,0,0,0,1,0,0,0,1,0,1,1,1,0,0,1,1,0,1,1,0,0,1,1,1,1,1,0,0,0,0,1,0,0,1,0,1,1,0,0,1,0,0,1,1,0,1,0,1,0
0,0,1,0,0,1,1,1,0,0,0,1,0,0,1,0,0,0,0,1,0,0,1,1,1,0,1,0,0,0,1,0,1,0,0,0,0,1,1,0,0,1,0,1,1,0,1,0,0,1,1,0,1,1,0,0,1,0,1,0,1,1,0,0,0,0,1,0,0,1,0,1,1,0,1,1,1,0,1,0,0,0,1,0,1,1,0,1,1,1,0,0,1,1,0,0,0,1,0,0,1
0,0,0,0,0,0,0,1,1,0,1,0,0,1,1,1,0,1,0,1,1,0,1,1,1,0,0,0,0,0,1,1,1,0,1,0,0,1,1,0,0,1,1,0,0,0,0,0,0,1,1,1,1,0,0,0,0,1,1,1,0,1,0,1,0,0,1,1,0,1,1,1,0,1,0,1,0,1,0,0,0,0,0,1,1,0,1,0,0,1,1,1,1,1,1,1,1,0,0,0,1
0,1,0,1,0,0,0,0,0,1,0,1,0,0,1,1,1,1,1,0,0,0,0,0,0,1,1,0,0,1,1,0,0,1,0,0,1,0,0,1,1,0,1,0,1,0,0,1,1,1,1,0,0,1,1,0,1,0,0,0,0,0,0,1,0,1,1,1,0,0,0,0,1,1,1,0,0,1,1,0,1,0,0,0,1,1,0,1,1,1,1,1,1,1,1,0,0,0,1,1,0
0,0,1,0,1,1,0,1,0,0,1,1,0,1,0,1,1,0,0,1,1,0,1,1,1,0,1,0,1,0,1,0,1,0,1,0,0,1,0,0,0,1,0,1,0,1,1,1,1,1,1,0,1,1,1,0,0,0,0,1,0,0,0,1,0,0,1,1,1,0,1,0,0,0,0,1,0,1,0,0,0,0,0,1,0,0,0,0,1,1,1,0,0,1,1,1,1,0,0,1,1
1,1,1,1,1,1,1,1,0,1,0,1,0,1,0,0,0,0,1,0,0,0,0,1,1,1,0,1,1,0,1,0,1,0,1,1,1,0,1,1,1,0,0,1,1,0,0,0,0,0,1,1,1,1,1,0,0,0,0,0,0,1,0,1,0,0,1,1,1,1,0,1,0,1,1,0,0,1,1,0,1,1,1,1,0,1,1,0,0,1,0,1,1,0,1,0,1,0,0,1,1
0,0,1,0,1,0,0,0,1,1,0,0,0,0,0,0,0,0,0,1,1,0,1,0,1,0,1,1,1,1,1,1,0,1,0,1,1,0,1,1,1,1,0,1,0,0,0,1,0,1,1,1,0,0,1,0,1,1,1,1,1,0,0,0,0,1,1,0,0,1,0,0,1,0,1,1,0,0,0,1,0,0,1,1,1,0,0,0,0,0,0,1,1,1,0,0,0,1,0,1,1
0,0,0,0,1,0,1,1,0,0,0,0,0,0,0,1,0,0,1,1,0,1,0,0,1,1,0,0,0,0,0,0,1,1,1,0,0,0,0,1,1,1,1,0,0,0,0,1,0,0,0,1,0,1,1,1,0,0,1,0,1,0,0,1,1,1,0,1,1,0,0,1,0,1,0,1,0,1,1,1,0,0,0,1,1,0,0,0,0,1,0,1,0,1,0,0,0,0,1,0,1
0,0,1,1,1,1,1,0,1,0,1,0,1,1,0,1,1,0,0,0,1,0,1,1,0,1,1,0,1,1,1,0,0,0,0,0,0,0,0,1,1,0,1,0,1,1,1,0,1,1,1,0,1,0,0,0,1,0,0,1,1,0,0,0,0,0,1,0,0,1,0,0,0,1,0,0,1,1,0,0,0,0,1,0,1,0,0,1,0,1,0,1,1,0,1,0,1,0,1,1,0
0,1,0,0,0,0,1,0,0,0,0,0,1,0,0,1,0,1,1,1,1,0,1,1,1,1,1,0,1,1,0,0,1,1,0,1,0,0,0,1,0,0,1,0,1,0,0,0,0,0,0,0,1,0,0,0,0,1,0,0,1,0,1,1,0,0,0,0,0,0,0,0,1,0,1,0,0,0,1,1,1,0,1,1,1,1,1,1,0,1,0,0,1,1,1,1,0,0,0,0,1
0,1,0,0,0,0,0,1,1,0,1,0,0,0,0,0,1,0,1,0,0,0,1,1,1,0,0,0,0,0,0,1,0,1,0,0,1,0,0,1,0,0,0,0,1,0,1,0,1,1,0,1,1,0,1,0,0,1,1,1,1,1,0,0,1,0,0,1,1,0,0,0,1,1,1,1,1,1,1,1,0,1,0,1,1,1,1,0,0,1,1,0,0,0,1,1,1,0,0,1,0
0,1,0,0,0,0,0,0,1,1,0,0,0,1,0,0,0,0,0,0,0,1,0,1,1,0,1,0,1,1,0,1,1,0,1,1,1,1,1,1,0,0,0,1,0,1,1,1,1,0,0,1,0,0,0,0,0,0,0,1,0,1,1,0,1,0,1,0,1,0,1,1,0,1,1,1,1,0,0,1,0,1,1,1,0,0,1,0,1,1,0,1,1,0,0,1,1,0,1,1,1
1,1,1,0,1,0,1,0,1,0,0,1,0,0,1,1,0,1,1,1,1,1,1,0,1,0,0,1,0,1,1,0,0,0,1,0,0,0,1,1,1,1,1,1,0,1,1,1,0,0,1,0,1,1,1,0,1,0,1,1,1,1,0,1,0,0,0,1,0,0,1,0,0,0,1,0,0,1,1,0,1,1,1,0,1,0,0,1,1,0,0,1,0,0,0,1,0,1,1,0,1
1,0,1,0,1,0,1,1,1,0,1,1,1,1,1,1,1,1,1,1,1,1,1,1,1,1,1,1,0,0,0,1,0,0,1,1,1,1,0,0,1,0,0,1,1,1,1,0,0,1,0,0,0,1,1,0,1,0,0,1,0,0,0,0,0,0,0,0,0,0,1,1,0,1,1,0,0,0,0,0,1,1,0,0,0,0,1,0,1,0,0,1,1,1,0,1,1,0,1,1,1
1,0,1,0,0,0,0,0,1,1,0,0,0,0,0,0,0,0,0,1,1,1,1,0,1,0,1,0,1,1,1,0,0,1,0,1,0,1,1,1,1,0,0,0,0,0,0,1,1,1,0,1,0,1,1,1,0,1,1,0,1,1,0,0,0,0,1,1,0,0,1,0,0,1,0,0,1,0,0,1,1,1,0,1,1,1,0,0,1,1,1,1,1,1,1,0,1,0,0,0,1
0,1,1,1,0,0,1,0,0,1,0,0,1,0,1,1,0,1,0,0,1,0,1,0,1,0,0,0,1,0,1,0,0,1,1,1,0,0,1,1,0,1,0,0,1,0,0,1,1,1,0,0,0,1,1,1,1,1,1,1,1,0,1,0,0,0,0,1,0,0,1,1,1,1,1,1,1,1,0,0,0,1,0,1,1,0,1,1,0,0,1,1,0,0,0,1,0,0,0,1,1
1,0,0,0,1,0,1,1,1,0,0,0,0,0,0,1,1,1,0,0,0,0,0,1,1,0,0,1,1,1,1,0,0,0,1,1,0,1,1,1,1,1,1,1,1,0,0,1,0,0,1,0,0,1,1,1,1,0,0,0,1,0,1,1,0,1,0,0,1,1,0,1,1,0,1,1,0,0,0,1,0,1,0,0,1,0,0,0,1,1,0,1,1,1,1,0,1,1,0,1,1
0,0,0,0,0,1,1,1,1,0,0,1,1,0,0,1,1,1,1,1,0,0,1,1,0,1,0,0,0,1,0,0,0,0,1,0,1,0,1,1,0,1,1,0,1,0,0,1,0,1,1,1,1,1,0,0,0,1,1,1,1,1,1,1,1,0,0,1,0,0,0,0,1,0,0,0,1,0,0,1,1,0,0,1,1,0,1,0,0,0,1,0,0,1,1,0,1,1,0,1,0
0,0,0,1,0,0,1,1,1,1,0,1,0,0,0,1,0,1,1,1,0,1,1,0,1,0,1,1,1,0,0,0,1,1,1,0,0,1,0,1,0,0,0,0,0,1,1,1,0,1,0,1,1,1,0,0,0,1,0,1,1,1,0,0,0,0,0,1,1,1,1,1,1,0,1,1,0,0,0,0,1,1,0,1,1,0,1,0,1,0,0,0,0,1,0,0,0,0,1,1,1
1,0,0,1,0,1,0,0,0,1,1,1,0,1,0,1,0,1,1,0,1,0,0,1,0,1,0,1,0,1,1,0,1,1,0,1,1,1,0,1,1,0,1,1,0,0,1,0,0,1,1,0,0,0,1,1,1,0,0,1,1,1,0,1,1,1,0,0,0,1,0,0,0,0,0,0,1,0,1,1,1,1,1,0,0,0,1,0,1,1,1,1,0,0,1,0,1,1,1,0,1
0,0,1,1,0,0,1,1,1,1,0,1,0,0,0,0,0,0,0,1,0,1,1,0,1,1,1,1,1,0,1,0,1,1,1,1,0,0,1,0,1,1,0,0,1,1,0,0,0,0,0,0,0,0,1,0,0,1,0,0,1,1,0,1,1,0,1,1,0,0,0,1,0,0,1,1,1,1,1,1,1,0,0,0,1,1,1,0,0,0,0,1,0,1,0,1,0,0,1,0,1
0,1,0,1,0,1,0,1,1,1,1,0,1,1,1,1,1,1,0,0,1,1,0,1,1,0,0,1,0,0,0,1,1,0,0,0,0,1,1,0,1,0,0,1,0,0,0,1,0,1,1,1,1,0,1,1,0,1,1,0,1,0,1,0,0,0,1,1,1,0,1,1,0,0,0,1,1,0,0,1,0,1,1,1,1,0,1,0,1,0,0,1,0,0,1,0,0,0,0,1,0
1,0,0,1,1,0,0,0,1,1,1,0,1,1,1,0,0,0,1,1,0,1,1,1,1,1,0,1,1,1,0,1,0,1,0,1,1,0,0,1,1,0,1,1,0,1,0,1,0,1,1,0,0,0,0,1,0,1,0,0,1,1,0,1,1,1,1,1,1,0,0,0,1,0,0,0,1,0,0,1,1,0,0,1,0,1,1,1,0,0,1,0,1,1,0,1,0,1,1,0,1
1,0,1,1,1,1,0,0,0,0,1,0,0,0,1,0,0,1,0,0,1,1,1,0,1,0,1,0,1,0,0,1,1,1,1,1,0,0,1,0,0,0,0,0,1,0,1,0,1,1,1,1,1,0,0,1,0,0,0,0,0,1,0,1,1,0,1,1,0,0,0,1,1,0,1,0,0,1,0,1,1,1,1,1,0,1,1,0,1,0,1,1,1,0,0,1,1,0,1,1,1
1,0,0,1,0,0,0,0,0,1,0,0,1,0,0,0,1,0,0,1,0,1,1,1,0,0,0,1,1,0,1,0,1,1,1,1,1,1,1,0,0,1,0,0,0,0,0,0,1,1,0,0,1,1,0,1,1,0,1,1,0,1,1,1,0,0,0,1,1,1,0,1,1,0,0,0,0,0,1,1,1,1,1,1,0,1,0,1,1,1,0,1,0,0,0,1,0,0,1,1,1
1,1,1,1,0,1,0,1,0,0,0,1,1,1,0,0,1,0,1,0,0,1,0,1,0,1,1,0,1,1,1,0,0,0,0,0,1,0,0,1,0,0,1,1,1,0,0,0,1,0,1,0,1,1,0,1,0,1,1,0,1,0,1,0,1,1,1,0,0,0,0,1,1,1,0,1,1,0,1,0,1,1,0,1,1,1,0,1,1,0,1,0,0,1,0,0,0,1,0,1,0
1,1,1,1,1,1,1,0,0,1,0,0,1,0,1,0,0,1,1,1,0,0,0,1,1,0,1,1,0,0,1,1,0,0,0,0,1,0,0,0,0,1,0,0,0,0,1,0,1,1,0,0,0,1,0,0,1,1,1,1,0,0,0,1,1,0,1,0,1,0,1,1,0,1,0,0,1,1,0,0,0,1,1,1,1,0,0,1,1,0,0,0,1,1,1,1,0,1,1,0,1
0,0,0,1,1,1,0,0,0,0,1,0,0,0,1,1,1,1,0,1,0,1,1,1,0,1,1,1,1,1,0,1,1,0,1,1,1,0,1,1,0,0,1,0,0,0,1,0,0,1,0,0,0,1,0,1,0,1,0,1,1,1,0,0,1,1,1,1,0,0,0,0,1,1,0,0,0,0,0,1,1,1,0,1,0,0,0,1,0,0,0,0,0,0,1,0,0,1,1,0,1
1,0,0,0,0,1,1,0,1,1,0,0,1,0,0,0,0,1,1,0,0,0,1,0,1,0,0,0,0,1,0,1,1,0,0,0,0,0,0,0,1,1,1,1,0,1,0,0,0,1,0,1,0,1,1,1,0,0,0,1,0,1,1,1,1,0,0,1,0,0,0,0,0,0,0,1,0,0,1,0,1,0,1,1,1,1,0,0,0,0,1,0,1,1,1,0,1,1,0,0,0
0,1,0,1,0,0,1,1,1,1,1,0,1,1,1,1,1,0,1,0,0,0,1,0,0,1,0,1,1,0,0,1,0,1,0,1,1,0,1,0,1,1,0,1,0,1,1,1,1,0,0,1,0,0,0,0,1,1,1,0,1,1,1,1,0,1,1,0,1,1,1,0,0,1,0,0,0,0,1,0,1,0,0,1,1,0,1,1,1,1,0,1,0,1,1,1,0,1,1,1,0
1,0,1,0,1,0,1,0,1,1,1,1,1,1,0,0,1,0,1,1,0,0,0,0,1,0,0,0,0,0,1,1,0,1,0,0,1,1,1,0,0,0,0,0,1,1,1,1,1,0,0,0,1,1,1,0,0,0,0,1,0,1,0,1,0,1,1,0,1,1,1,0,0,0,0,1,1,1,1,0,1,1,0,0,0,1,0,1,0,0,1,0,0,0,0,0,0,1,0,1,1
1,1,0,1,0,1,1,0,0,1,0,0,0,1,0,1,0,1,1,1,1,0,0,1,0,0,1,0,0,0,0,1,0,0,0,1,0,1,0,1,1,1,1,0,1,0,1,0,0,0,1,1,1,1,0,1,1,0,1,1,0,0,0,1,1,1,0,0,1,1,0,1,1,0,0,0,1,1,1,0,1,1,0,0,1,1,0,1,0,1,0,1,0,0,1,0,0,0,1,0,0
1,1,1,0,0,1,1,0,0,1,1,1,0,1,1,0,1,0,0,1,1,0,1,0,1,1,0,0,1,0,0,1,1,1,1,1,1,1,0,0,0,0,0,1,0,0,0,1,0,0,0,1,1,0,1,1,0,0,1,1,1,1,0,1,0,0,0,1,0,1,0,0,1,1,0,1,1,0,0,1,1,1,0,1,1,1,0,0,1,1,1,0,1,0,1,0,0,1,0,0,1
1,0,0,1,1,1,1,0,1,1,1,1,0,1,1,1,1,1,0,0,1,1,1,0,0,0,1,0,1,0,0,0,1,1,1,1,1,1,0,1,1,1,0,1,0,1,1,0,1,1,0,1,0,1,1,1,0,1,1,1,1,1,1,0,0,1,0,0,0,0,0,1,1,1,1,1,0,0,0,0,0,1,1,1,1,1,0,1,1,0,1,0,0,1,0,0,0,1,1,1,0
0,0,1,1,1,1,1,1,1,0,1,1,1,0,0,1,1,0,0,0,0,0,0,0,1,1,0,1,1,1,1,1,1,1,1,0,0,0,0,1,0,1,0,1,0,1,1,0,0,0,0,1,1,1,0,1,1,0,1,1,0,0,0,0,0,0,1,1,0,0,1,1,0,0,1,1,1,1,0,0,0,0,1,1,1,1,0,1,1,1,1,1,1,0,0,1,1,1,1,1,1
1,0,0,1,0,0,0,1,1,1,0,1,1,0,0,1,0,1,1,0,0,0,0,1,1,1,0,0,0,1,1,0,1,1,1,0,0,1,1,0,0,1,0,1,0,0,0,0,1,1,1,0,1,0,1,1,0,0,1,0,0,0,1,0,1,0,0,1,0,0,0,0,1,0,0,1,0,0,0,0,0,1,0,1,1,0,0,0,1,0,0,1,0,0,1,0,0,0,1,0,1
1,0,0,1,0,0,0,0,1,0,0,0,1,0,1,1,0,1,1,0,0,0,0,0,1,0,1,0,1,1,1,0,1,0,0,1,1,1,0,0,0,0,0,0,0,1,1,0,0,0,1,1,1,0,0,1,0,1,1,1,1,1,0,1,1,0,1,0,1,0,0,0,1,0,1,0,1,0,1,1,1,1,0,0,1,0,1,0,0,1,1,0,1,0,0,0,0,0,1,0,0
0,1,0,0,1,0,0,1,0,0,1,0,1,0,0,0,1,0,0,1,0,1,0,1,1,1,0,1,1,1,1,0,1,0,1,1,0,1,0,0,0,1,0,0,1,1,1,1,1,0,0,1,0,0,1,1,1,1,0,1,0,0,1,0,1,1,0,1,1,0,0,0,0,0,1,0,0,0,1,0,0,0,1,1,1,1,0,1,1,1,1,0,0,0,1,0,1,1,1,1,1
1,1,1,0,0,0,1,0,1,1,1,1,1,0,1,0,0,0,0,0,1,0,1,1,0,0,0,0,0,0,1,0,0,1,0,1,0,1,0,1,0,0,0,0,0,1,0,1,0,0,0,1,1,1,1,0,1,0,0,1,1,1,0,0,0,1,1,0,1,1,0,1,1,1,0,1,1,0,1,1,1,1,1,1,0,0,1,0,1,1,1,1,1,1,0,1,1,1,1,0,1
0,0,0,0,0,1,0,0,0,1,1,1,1,1,0,0,0,0,1,0,0,1,1,1,1,1,1,1,1,0,0,0,1,0,0,0,1,0,0,1,0,1,1,1,1,1,0,0,1,1,0,0,1,1,0,0,0,1,0,0,0,1,1,0,0,0,1,0,0,0,1,1,0,1,0,1,1,1,1,1,1,0,1,0,0,0,1,1,0,0,0,1,0,1,0,0,0,1,0,1,0
1,1,0,0,1,0,0,0,0,1,1,1,1,0,0,1,1,1,0,0,1,1,1,0,1,1,1,1,1,0,1,0,1,0,0,0,0,1,0,0,0,1,0,0,1,0,0,1,1,0,0,0,0,1,1,1,0,0,1,1,1,1,0,1,0,0,0,0,1,0,1,0,1,1,1,0,1,1,0,0,1,0,1,0,0,1,0,0,1,0,1,1,1,1,0,0,1,1,0,1,1
1,1,0,0,1,0,0,1,1,0,1,0,0,1,1,0,0,1,1,0,1,0,0,0,1,1,1,0,0,0,0,1,1,0,0,0,1,1,1,1,0,0,1,1,1,0,0,0,1,1,1,1,1,1,0,1,0,0,0,1,1,0,0,0,0,1,0,1,1,1,1,1,1,0,0,0,1,1,1,0,1,0,1,0,0,1,0,0,0,0,1,1,1,0,0,0,0,0,1,1,1
1,0,1,0,1,0,0,0,1,0,0,0,1,1,1,0,1,0,1,1,0,1,1,0,1,1,0,1,0,0,0,0,0,0,0,1,1,0,0,0,0,0,1,0,1,0,0,0,1,0,0,0,0,1,1,0,0,0,1,0,1,0,0,0,0,0,0,1,1,1,0,0,1,1,1,1,0,1,0,0,0,0,0,1,0,1,1,0,1,1,0,0,0,1,1,0,0,1,1,0,1
0,1,1,0,1,1,0,1,0,0,0,0,1,1,1,1,0,0,0,0,0,0,0,0,0,0,0,1,1,0,0,0,0,1,0,1,0,1,0,0,1,0,0,1,0,0,1,0,0,0,1,0,1,0,1,1,1,1,1,1,1,1,0,0,1,0,0,0,0,0,1,1,0,0,0,0,0,1,1,1,1,0,0,0,1,1,1,1,0,1,1,0,1,0,1,0,0,1,0,0,1
0,0,0,1,1,0,1,0,1,0,1,1,1,0,0,1,1,0,0,1,0,1,0,0,1,1,0,1,0,0,0,1,1,0,1,0,0,1,0,1,0,0,1,1,1,0,0,1,1,1,1,1,0,0,1,0,1,1,1,1,1,1,0,0,0,0,1,0,0,0,1,0,1,1,1,1,0,1,1,0,0,0,1,1,0,0,0,0,1,1,1,0,1,1,1,0,0,1,0,0,1
1,1,1,1,1,1,0,0,0,1,0,0,0,1,1,1,0,0,0,1,0,0,0,1,1,0,0,0,0,1,1,1,1,1,1,0,0,0,1,1,1,0,1,1,0,1,0,0,0,0,1,1,0,0,1,1,0,1,0,0,1,1,1,0,1,0,1,1,0,0,1,0,0,1,1,1,0,0,0,0,0,0,1,1,1,0,0,0,1,1,1,1,1,1,1,0,0,0,0,0,1
1,0,1,1,0,0,1,0,1,1,0,1,0,1,0,1,1,0,1,1,1,0,1,0,0,0,1,1,0,1,1,0,1,1,0,1,1,0,1,1,1,0,1,0,1,0,0,0,1,0,0,0,0,0,1,0,1,0,0,0,0,1,0,0,0,1,0,1,1,0,0,0,0,0,0,0,0,1,0,1,1,1,1,0,1,1,0,0,0,1,1,1,0,1,1,0,1,0,0,1,1
1,0,0,0,0,0,1,0,1,1,0,0,0,1,1,1,0,0,0,0,1,0,1,1,1,1,0,1,1,1,0,1,1,0,0,1,1,1,0,1,0,0,0,1,1,1,0,1,1,0,1,0,0,0,0,0,1,0,1,1,0,1,0,0,1,1,0,0,1,0,0,1,1,1,0,0,1,0,0,1,0,0,1,0,0,0,0,1,0,0,0,1,0,1,0,0,1,0,0,0,0
0,0,0,1,1,0,0,1,0,1,0,0,0,1,1,1,0,0,0,1,0,0,1,0,1,0,0,0,1,1,0,1,0,0,1,1,1,1,1,0,0,0,0,0,0,1,1,0,0,1,1,0,1,0,1,0,1,1,1,1,0,0,1,0,0,0,0,0,1,1,0,0,0,1,0,1,0,1,1,0,1,1,0,1,0,1,0,0,1,0,0,1,1,1,0,0,1,0,1,1,1
1,1,1,1,1,0,0,1,1,1,1,1,0,0,1,1,0,0,1,0,1,1,0,0,0,1,0,1,1,1,1,1,1,1,0,0,0,0,0,0,1,0,1,1,0,1,0,0,0,1,1,1,1,0,0,0,1,0,1,1,0,0,0,0,1,1,0,1,0,0,0,0,0,0,1,0,0,1,1,0,1,0,0,0,0,0,0,1,0,1,0,1,0,0,1,0,1,0,0,0,1
0,1,0,1,0,0,1,0,0,0,0,0,1,0,0,0,1,0,1,1,1,0,1,0,0,1,0,0,0,0,0,0,0,1,0,0,1,1,1,0,0,0,1,0,0,0,0,0,1,0,0,1,1,1,0,0,1,0,0,0,1,1,1,0,0,0,1,1,1,1,0,0,1,0,0,0,1,1,1,1,0,1,0,0,1,0,1,1,1,0,1,1,1,0,0,0,0,1,1,1,0
1,0,1,1,0,1,1,0,0,0,1,1,0,0,1,1,1,1,0,0,1,1,1,0,0,1,1,1,1,0,0,1,0,0,1,0,1,1,1,1,1,1,0,1,1,1,0,1,0,0,0,1,0,1,1,1,1,0,1,1,1,1,0,0,1,1,1,1,0,1,1,1,0,1,0,1,1,1,0,1,0,0,1,0,1,1,1,1,1,0,0,1,0,0,0,1,1,0,0,1,0
0,0,0,0,0,0,0,0,0,0,1,1,1,1,1,1,0,1,0,0,1,1,1,1,1,0,1,0,1,1,1,1,1,1,1,0,0,0,1,1,1,0,0,0,0,1,0,1,0,0,1,1,1,0,1,0,1,1,0,1,1,1,1,1,1,0,1,0,1,0,0,0,1,0,0,0,1,1,0,0,0,0,1,1,1,1,0,1,0,0,0,0,1,0,1,1,1,1,0,0,1
1,1,0,1,0,1,0,1,1,0,1,1,0,1,1,0,1,0,1,1,1,1,0,1,1,1,1,1,0,0,1,1,0,1,0,1,1,0,1,1,0,1,0,1,0,0,0,1,0,0,0,1,0,0,1,0,1,0,1,0,1,1,0,0,0,0,1,0,1,0,0,0,1,0,0,0,0,1,0,0,1,0,0,0,0,1,1,1,1,0,1,0,0,1,0,1,0,1,0,0,0
1,1,1,0,1,1,0,0,0,1,0,0,1,0,0,0,1,1,0,0,0,1,1,1,1,1,1,0,0,1,0,1,0,1,1,1,1,1,1,0,1,0,0,1,1,0,1,1,1,1,1,0,1,1,1,1,0,1,0,0,0,0,0,0,1,0,1,1,1,1,1,0,0,1,0,0,0,1,0,0,0,0,0,1,1,0,1,0,1,1,0,0,1,0,0,0,0,1,1,0,1
0,0,0,1,0,1,0,0,1,1,0,1,1,0,0,1,0,1,0,1,1,0,0,1,0,1,1,0,0,0,1,0,0,0,1,0,1,1,0,0,0,0,0,0,0,0,0,0,1,0,1,1,0,1,1,0,0,0,1,0,0,0,0,1,1,1,0,1,1,0,0,0,1,0,1,0,0,1,0,1,0,1,1,0,0,1,0,1,1,0,1,0,0,0,0,1,0,0,0,0,0
0,1,1,1,1,1,0,0,0,0,0,0,0,0,0,0,0,0,0,0,1,0,0,1,0,1,1,1,1,0,0,1,0,0,0,0,1,1,0,1,1,0,0,0,1,1,0,1,0,1,0,1,0,0,0,1,1,1,1,0,1,0,0,1,1,1,1,1,1,1,1,1,1,0,0,0,0,1,1,1,0,1,0,1,0,0,0,0,1,0,1,0,0,0,1,0,1,1,1,1,0
1,0,0,0,1,0,0,1,0,1,1,0,0,0,0,1,1,0,0,0,0,1,1,1,0,0,0,0,1,1,1,0,0,1,1,1,1,0,1,1,1,0,0,1,1,1,0,0,1,1,0,1,1,1,0,0,1,1,1,0,0,0,1,0,0,0,0,1,0,0,0,0,1,1,1,1,0,0,0,0,1,0,1,1,0,0,1,0,0,0,0,0,1,0,1,1,1,1,1,0,1
0,1,0,0,0,0,0,1,0,0,0,0,1,0,1,0,0,0,1,0,1,1,0,0,1,1,1,1,0,1,1,1,0,0,0,1,0,0,0,1,0,0,0,1,0,1,1,1,0,1,1,0,1,0,0,1,1,0,1,1,0,1,0,0,0,0,0,0,1,1,0,0,1,1,0,0,1,1,1,1,0,1,0,1,0,1,0,0,1,0,1,0,0,0,0,0,1,0,0,0,1
1,0,1,1,0,0,0,1,0,0,1,0,1,0,0,0,0,0,1,0,0,1,0,1,1,0,1,1,1,1,0,0,0,0,0,0,1,1,0,0,1,0,0,1,0,0,0,1,1,1,1,0,0,1,0,0,0,0,1,1,0,1,1,1,0,1,1,0,0,1,0,1,1,1,0,1,0,0,1,1,1,1,1,1,0,1,1,0,1,0,1,1,0,1,0,0,0,0,0,1,0
1,0,1,0,1,1,0,0,1,1,0,0,1,1,0,1,0,0,1,1,1,0,1,0,0,0,1,0,1,1,1,1,0,0,1,1,1,1,0,0,1,1,0,1,0,0,0,0,0,1,1,1,0,0,0,0,1,1,0,0,1,0,0,1,1,1,0,0,1,1,1,0,1,0,0,0,1,0,1,0,0,1,1,0,1,0,1,1,0,0,1,0,1,0,1,1,1,0,0,0,1
0,1,1,0,1,1,0,0,1,1,0,0,0,0,0,0,1,1,0,0,1,1,1,0,1,0,1,0,0,1,0,0,0,1,1,0,0,1,0,1,1,0,1,0,1,0,1,0,1,1,0,0,0,0,0,0,1,0,0,0,1,1,1,0,0,0,1,1,1,0,0,1,1,1,1,0,0,0,0,0,1,1,1,0,0,1,1,0,1,0,0,0,0,0,0,0,0,0,0,1,1
0,0,1,0,0,1,1,0,0,0,1,0,0,0,0,1,1,1,0,1,0,1,1,1,0,0,1,1,0,0,0,1,1,1,1,1,0,1,1,0,1,1,1,0,0,0,1,1,0,1,0,1,1,0,1,1,0,0,0,1,1,0,1,0,0,1,0,0,1,1,1,0,0,1,1,0,0,0,1,0,1,1,1,0,0,1,1,1,0,0,0,1,0,0,1,1,1,0,1,0,1
0,0,0,0,1,1,1,0,0,1,0,0,0,0,1,1,0,0,0,0,0,0,1,1,0,0,0,0,1,1,0,0,1,0,0,1,1,1,0,0,0,1,0,0,1,0,1,0,1,0,0,1,1,1,1,1,0,0,0,0,0,1,1,1,0,0,1,0,0,0,1,0,0,0,1,1,1,0,0,1,1,1,1,0,0,1,0,1,0,1,0,0,0,1,1,0,0,0,0,1,0
1,0,1,0,1,1,1,1,1,0,0,1,0,0,1,1,0,0,1,0,1,0,1,0,0,1,0,0,1,1,0,1,0,0,1,0,0,1,0,0,1,0,1,1,0,1,1,1,1,1,0,0,0,1,0,0,0,0,0,1,0,0,1,0,0,1,0,1,1,1,1,0,0,1,1,0,1,0,1,1,1,0,1,1,0,0,1,1,0,0,0,0,0,1,1,0,1,1,0,0,1
0,0,0,0,1,0,1,0,1,0,0,0,1,1,0,0,1,0,1,0,1,1,0,1,0,1,0,1,1,1,1,0,1,0,0,0,0,1,1,0,1,1,0,1,1,0,0,0,1,1,1,1,0,1,1,0,1,0,0,0,1,1,1,1,1,1,0,0,1,1,1,0,1,0,1,1,0,1,0,1,1,0,1,0,0,1,0,1,1,1,0,0,1,0,0,0,0,0,0,1,0
1,1,0,0,1,0,1,1,1,0,0,0,1,1,1,1,0,1,1,0,1,1,1,0,1,0,1,0,0,0,1,0,0,0,1,0,1,0,1,1,0,0,0,0,0,1,1,1,1,1,1,1,0,1,0,1,1,1,1,0,1,1,1,0,0,0,0,1,0,0,1,1,1,0,1,1,0,1,1,0,0,1,0,1,0,1,1,0,1,0,0,0,1,1,1,1,1,0,0,1,1
1,1,1,0,0,1,1,1,1,1,1,0,0,0,0,1,1,1,1,1,0,0,1,1,1,0,0,0,1,1,0,0,0,0,1,0,1,1,0,1,1,0,1,0,0,0,0,1,0,0,1,1,1,1,1,1,0,1,0,1,0,0,0,0,0,0,1,1,1,1,1,0,0,0,1,1,0,1,1,0,1,1,1,1,0,1,1,1,1,1,1,0,0,0,0,1,1,1,0,0,1
1,1,1,0,0,0,1,1,1,0,0,1,1,0,1,0,0,1,0,0,1,0,1,0,1,0,1,1,0,0,0,1,1,1,1,1,0,1,0,0,0,0,1,1,0,0,1,0,0,0,1,1,0,0,0,0,1,0,0,1,0,1,1,0,0,0,0,0,1,0,1,0,1,0,1,1,1,1,0,1,1,1,0,1,0,0,0,1,0,1,1,1,0,0,1,0,0,0,0,0,1
0,0,0,1,0,1,0,0,0,1,1,0,1,1,1,0,1,1,0,1,0,1,0,1,1,1,1,0,1,0,0,1,1,0,0,1,0,0,0,1,1,1,0,1,0,1,1,0,0,0,1,1,0,0,1,1,1,0,0,1,1,1,1,1,1,1,1,1,0,0,1,0,0,1,0,1,1,1,1,1,0,1,1,1,0,1,1,0,0,0,0,1,0,1,1,0,0,0,0,1,0
1,0,1,0,0,0,0,1,1,0,0,1,0,0,0,1,1,1,0,0,0,0,0,1,1,0,1,1,0,1,1,0,1,1,1,0,1,1,1,0,1,1,0,1,1,0,1,1,1,1,0,1,0,1,0,1,1,1,0,1,0,1,1,0,0,1,1,1,0,1,0,1,1,0,0,0,1,0,0,0,1,0,0,1,1,0,1,0,1,1,0,1,0,1,1,1,0,0,0,1,1
0,1,1,0,0,0,0,1,1,0,1,1,0,0,0,0,0,0,0,0,1,1,1,0,0,0,0,0,1,1,0,0,1,0,0,1,0,0,0,0,0,1,1,1,1,0,1,1,1,0,0,0,0,1,0,0,0,0,1,0,1,0,1,0,0,1,0,0,0,1,0,0,0,0,1,0,0,1,0,0,0,0,1,0,1,0,0,0,0,0,0,1,1,0,0,0,1,0,0,0,1
0,1,1,0,0,0,1,0,1,0,0,1,0,0,1,1,0,1,1,0,0,1,1,0,0,1,0,0,0,0,0,1,1,0,0,1,1,0,0,1,1,1,0,0,0,1,1,1,1,1,0,1,1,1,0,1,1,1,1,1,0,0,0,0,1,1,1,1,0,0,0,0,0,0,0,0,0,1,0,1,1,1,0,1,0,1,1,0,0,1,1,1,0,1,1,1,0,1,1,1,1
1,1,1,0,1,0,0,0,0,0,0,1,1,1,1,1,0,1,1,1,0,0,1,1,1,1,0,1,0,1,0,0,1,0,0,0,1,0,1,1,1,0,1,1,0,1,0,1,1,0,0,1,1,0,1,1,1,1,0,1,1,1,1,1,0,0,1,1,1,1,1,0,1,1,1,0,0,0,1,0,1,0,0,0,0,1,0,0,1,1,0,0,0,1,1,0,0,1,1,0,1
0,1,0,1,1,0,1,0,1,0,1,1,1,0,1,0,1,0,1,1,1,0,0,1,1,0,1,1,1,0,0,1,0,0,0,0,1,1,1,0,0,0,0,1,1,0,1,0,0,0,1,1,1,1,0,0,1,1,0,1,0,0,1,1,0,0,0,0,0,0,1,1,1,0,0,0,1,1,0,1,1,0,1,1,1,0,1,0,0,1,1,1,0,1,1,0,0,1,1,1,0
0,0,1,0,1,1,0,0,0,1,0,0,0,0,0,0,0,1,1,0,0,0,1,1,1,0,1,1,0,0,0,1,0,0,1,1,1,0,1,1,0,0,1,0,0,1,0,1,0,0,1,1,1,0,0,0,1,0,1,0,0,1,0,1,1,0,1,0,1,1,1,0,1,0,1,1,0,1,1,0,0,1,0,0,1,1,0,0,1,0,1,0,0,1,0,0,0,1,0,0,1
1,0,1,1,1,1,0,0,0,1,1,1,0,1,0,1,1,1,0,0,1,0,0,0,1,0,1,1,0,0,1,0,0,1,1,1,0,1,1,0,0,1,0,1,1,1,1,1,1,0,1,1,1,0,1,0,0,1,0,0,1,1,0,1,1,0,1,1,1,1,0,0,0,0,0,1,0,1,0,1,0,1,0,0,1,0,1,0,1,1,1,1,1,0,1,0,1,1,1,1,1
1,0,1,1,0,1,0,1,1,0,0,1,0,0,0,0,0,0,0,1,0,1,0,0,1,1,1,1,1,0,0,1,0,0,0,0,0,0,1,0,1,1,0,0,1,0,1,0,0,1,1,1,0,1,0,0,0,0,1,1,1,0,1,1,1,0,1,0,0,1,0,0,0,0,1,1,1,1,1,1,0,1,1,0,1,1,1,1,0,0,1,1,1,0,0,1,0,0,0,1,1
0,1,0,0,0,1,0,0,1,1,0,1,1,1,0,1,0,0,0,1,0,1,0,0,0,0,0,0,0,0,1,0,0,1,0,1,1,1,0,0,0,0,1,0,1,1,1,0,1,1,0,0,1,1,1,0,0,1,0,0,1,0,1,1,1,0,1,0,1,0,0,0,0,1,0,1,0,1,1,1,0,0,0,0,0,0,1,1,1,0,0,1,0,0,0,1,0,0,1,0,1
1,0,0,1,1,0,1,1,1,0,0,0,0,1,0,0,1,0,0,1,1,0,0,0,1,1,0,1,1,1,1,0,0,1,0,0,1,1,0,0,0,1,0,0,0,1,1,0,1,1,0,0,0,1,0,0,1,1,1,0,0,1,0,1,1,0,1,1,1,0,0,1,1,1,1,0,0,0,1,0,1,0,0,0,1,1,1,0,1,1,0,0,0,0,0,1,0,1,0,1,1
1,0,1,1,1,0,1,1,1,0,0,0,0,1,1,0,0,1,1,0,1,0,0,1,0,1,0,0,0,1,1,1,0,1,1,1,0,0,0,1,0,0,1,1,1,1,0,0,0,1,1,0,1,0,0,0,0,1,0,1,1,0,1,1,0,0,0,0,1,1,1,1,1,1,1,1,1,1,0,1,1,1,1,1,1,0,1,0,0,1,1,0,1,0,1,0,0,1,0,1,1
1,1,0,0,1,0,1,1,1,1,1,1,1,1,0,1,0,0,1,1,1,0,0,0,1,0,1,1,1,1,0,1,1,1,0,1,0,0,0,0,1,0,1,0,1,1,0,1,1,1,1,1,0,0,1,0,1,0,1,0,1,1,0,0,0,1,1,0,0,1,1,1,0,0,1,1,0,0,0,0,0,1,0,1,1,1,0,1,1,0,0,1,1,1,0,1,1,0,0,1,1
0,0,1,1,0,0,0,0,1,0,0,0,0,0,1,1,1,0,1,1,1,1,1,1,0,1,1,1,0,1,0,0,0,1,0,1,1,1,1,0,1,1,0,1,1,0,0,0,1,1,0,1,1,0,1,0,0,1,1,0,1,1,1,1,0,1,1,1,1,1,0,1,0,0,0,1,1,0,0,0,1,1,0,0,0,0,0,1,1,0,0,0,1,0,1,1,1,0,1,0,0
1,1,1,1,1,0,1,0,0,0,1,1,1,0,0,1,1,1,1,1,1,1,1,0,1,1,1,1,0,0,1,1,0,0,1,0,1,0,1,1,1,0,0,0,1,0,1,0,1,1,0,0,1,1,1,1,1,1,1,1,0,1,0,1,0,1,1,1,1,0,1,0,1,0,0,0,0,1,0,0,0,1,1,0,0,0,1,1,1,1,0,1,0,1,0,0,0,1,1,0,1
0,0,0,0,0,1,0,0,1,1,0,0,0,1,0,1,0,0,1,0,0,1,1,1,0,0,1,0,0,0,0,0,1,1,1,1,1,0,0,1,0,0,0,1,0,1,1,0,0,1,1,0,1,1,0,1,0,0,1,1,0,0,0,0,1,0,1,0,0,1,1,1,0,1,0,1,0,1,1,0,1,0,0,0,1,0,0,1,1,1,0,1,0,0,1,1,1,1,0,1,0
1,1,1,1,0,0,0,0,0,1,0,0,0,0,0,1,1,0,1,1,0,1,1,1,0,0,0,1,1,0,0,1,1,1,0,0,0,1,0,0,1,0,1,0,1,0,1,0,1,0,1,1,1,1,0,1,0,1,0,1,1,0,1,1,1,0,1,0,0,1,1,1,0,0,1,0,0,1,1,0,1,1,1,1,1,0,1,0,0,0,0,1,1,1,1,1,0,1,1,1,1
1,1,1,0,0,1,1,1,0,0,0,0,0,0,0,1,0,1,0,1,1,1,0,0,0,0,0,1,1,1,0,1,1,1,0,1,1,0,0,0,1,0,1,0,0,1,0,1,1,0,0,0,0,0,0,0,1,0,0,0,1,0,1,0,0,0,0,1,0,1,0,0,0,1,1,1,0,0,1,0,0,1,0,0,0,1,1,1,0,1,1,1,1,1,0,0,0,0,0,1,1
0,0,0,1,0,0,1,0,0,0,1,1,1,1,1,1,1,1,1,1,0,1,0,1,0,1,0,0,0,0,0,0,1,1,1,1,1,0,0,1,0,0,0,0,1,0,0,1,1,1,1,0,0,0,0,0,0,0,0,1,1,0,0,1,0,0,0,1,1,1,0,1,0,1,0,1,0,0,0,1,1,1,0,0,1,1,0,0,1,1,0,1,1,0,1,1,0,0,0,1,0
0,1,1,1,1,1,1,1,0,1,0,1,0,0,1,0,0,0,1,0,0,1,1,0,1,1,1,0,1,0,0,0,1,1,0,1,0,1,1,1,1,0,1,1,1,1,0,0,1,1,0,1,1,0,0,1,0,1,1,0,0,1,1,1,1,0,0,0,1,1,0,0,0,1,1,0,0,0,1,0,1,1,0,1,0,1,0,1,1,1,0,1,1,0,0,1,1,1,1,0,1
1,1,0,0,1,0,1,0,1,1,0,0,1,0,1,1,0,0,0,1,0,0,1,1,0,1,1,1,0,1,1,1,1,0,0,0,0,1,1,0,1,0,1,1,1,0,0,1,1,1,0,1,1,0,0,0,0,1,0,1,1,0,1,0,1,0,0,1,1,1,0,1,1,1,1,1,0,1,0,0,1,0,0,0,1,1,0,1,1,0,0,1,0,1,1,1,1,0,0,1,1
0,1,1,0,0,1,0,0,1,0,0,1,1,1,0,0,0,1,0,1,0,1,0,1,1,0,0,1,1,0,0,1,1,0,1,0,1,1,1,0,1,1,1,0,1,1,1,1,0,1,0,1,1,0,1,0,0,1,0,0,0,1,1,1,1,1,1,0,0,0,1,0,1,0,0,0,0,1,0,1,1,0,0,1,1,0,1,0,1,0,1,1,0,1,1,0,0,1,1,1,1
0,0,0,1,0,1,1,1,0,0,1,1,1,0,0,0,1,0,0,0,0,0,0,1,0,1,0,0,1,0,1,1,1,0,1,1,0,0,1,1,1,1,1,1,1,1,1,0,0,0,0,0,1,0,1,1,0,0,1,1,1,0,1,1,0,1,0,1,0,1,0,1,1,1,0,0,1,1,0,0,0,1,0,0,0,1,1,0,0,1,1,0,1,0,1,1,1,0,1,0,1
1,1,0,0,1,0,1,0,0,1,1,0,0,0,0,1,0,1,1,0,0,1,1,1,1,1,1,0,0,0,0,0,1,1,0,1,0,0,0,0,1,1,1,1,0,1,0,1,1,1,0,1,0,1,0,0,1,0,1,1,0,1,1,1,1,0,1,1,1,0,0,1,1,0,0,1,1,1,0,1,0,0,0,1,1,0,0,0,1,0,1,0,1,0,0,1,1,0,0,0,1
1,0,0,0,0,0,1,1,0,0,1,0,1,1,1,0,1,1,0,0,0,0,0,0,1,1,1,0,1,1,1,0,1,0,1,1,0,0,1,0,1,1,1,0,1,1,1,0,0,0,1,0,0,1,1,1,0,0,1,0,0,0,0,1,0,1,0,0,1,0,1,1,0,0,1,1,0,1,1,1,1,1,0,0,1,1,0,1,1,1,1,1,0,1,1,1,1,0,1,1,1
1,0,0,0,0,0,0,0,0,0,0,1,0,1,1,0,1,0,0,0,1,0,0,1,1,1,1,0,0,0,1,0,1,0,0,1,1,1,1,0,0,0,0,1,0,1,1,1,0,0,1,0,0,0,1,0,1,1,1,0,0,1,1,1,0,0,0,1,0,1,1,0,1,0,0,0,0,1,1,1,1,0,0,1,0,0,1,1,1,0,1,0,1,0,0,1,1,0,0,1,1
0,1,0,1,0,0,1,1,0,0,0,0,0,1,0,1,0,0,1,0,1,1,1,0,1,0,1,0,1,0,1,0,1,0,0,1,0,1,1,1,0,0,1,1,0,1,0,0,1,0,0,0,1,0,1,0,1,1,1,1,0,0,1,0,0,0,1,0,0,1,1,0,0,1,1,0,1,0,1,1,1,1,1,1,0,0,0,0,1,0,1,1,0,1,0,0,1,1,0,1,0
0,0,1,0,1,0,1,1,0,0,0,0,0,0,1,1,0,0,1,1,0,0,0,0,0,1,1,0,1,0,1,0,0,0,1,0,0,1,0,1,1,1,0,1,0,1,1,0,1,1,0,1,0,0,1,1,0,0,1,0,0,1,1,1,0,1,0,0,1,1,0,1,1,1,0,1,1,0,0,0,0,0,1,1,0,1,1,0,1,1,0,1,0,1,1,0,0,0,0,0,1
0,0,1,0,0,1,0,0,0,0,1,1,1,0,0,0,0,0,1,1,0,1,0,1,0,1,0,0,1,0,1,0,1,0,0,1,1,1,0,1,0,0,0,0,0,0,1,1,0,1,1,1,1,1,0,1,1,1,1,1,0,0,0,1,0,1,0,0,0,1,1,0,0,0,0,0,0,1,1,1,0,0,0,0,1,0,0,1,1,0,1,0,0,1,1,1,0,0,0,1,1
0,0,0,0,0,0,0,1,0,1,1,1,1,0,1,0,0,0,0,1,1,1,0,0,1,0,0,1,1,0,0,1,0,1,1,1,1,0,0,0,1,1,1,1,1,1,1,1,0,0,0,0,0,1,1,0,0,1,1,1,1,0,1,0,0,0,1,0,1,0,1,1,0,0,1,0,1,0,1,0,0,1,0,1,0,1,0,1,1,1,1,0,1,0,0,1,1,0,0,0,1
1,0,0,0,1,0,1,1,0,1,1,0,0,0,0,1,1,0,1,0,0,0,1,1,1,0,0,1,0,0,0,0,0,1,0,0,1,1,1,0,1,1,0,0,0,1,1,1,1,0,0,0,1,0,1,1,1,0,0,0,1,0,0,0,1,1,0,0,0,0,0,0,1,0,0,1,1,0,0,1,0,1,0,0,0,1,1,0,0,0,0,1,0,0,1,1,1,0,0,0,1
0,0,0,1,1,1,0,1,1,0,1,0,0,1,0,0,1,0,1,1,0,1,1,0,0,0,0,1,0,1,1,0,1,0,0,0,0,0,0,1,0,0,1,1,0,1,1,0,0,0,1,0,1,0,0,1,0,1,1,1,1,0,1,1,1,0,0,0,1,1,0,1,1,0,0,1,0,0,0,1,1,1,1,0,0,1,0,1,0,0,0,0,1,1,1,0,0,0,0,1,0
1,0,1,1,0,1,0,0,1,1,0,1,0,0,1,0,0,1,0,0,1,0,0,0,0,0,0,1,1,1,1,0,0,0,1,1,0,0,1,0,0,0,1,1,1,1,1,1,1,0,0,1,1,0,0,0,1,1,0,1,1,0,1,0,1,0,0,0,1,1,0,0,0,1,1,0,1,1,0,1,0,1,0,0,0,0,0,1,0,0,0,1,1,1,1,1,0,0,1,0,1
0,1,0,1,1,0,1,1,1,0,0,1,1,0,1,0,1,0,1,0,0,0,1,0,1,0,0,0,0,1,1,1,0,1,1,0,1,1,1,0,0,1,0,0,1,0,0,0,0,0,1,0,0,1,1,0,0,1,0,0,1,1,1,1,1,0,1,1,1,0,0,0,1,1,0,0,0,0,1,1,0,1,0,1,1,0,1,1,0,1,1,1,0,1,0,0,1,1,0,0,0
1,1,1,0,0,1,1,0,1,0,0,1,1,0,1,0,0,0,0,1,0,1,1,1,0,1,1,1,1,1,0,1,0,0,1,1,0,0,0,0,0,1,1,0,1,0,1,0,1,0,0,0,1,0,1,1,1,0,1,1,1,0,0,1,1,1,0,1,1,1,0,1,1,0,0,1,0,1,0,1,0,1,1,1,1,1,0,0,1,0,0,0,0,0,1,1,1,0,0,0,0
0,1,0,0,0,0,0,0,1,0,1,1,0,0,0,0,0,1,1,0,0,1,1,0,0,1,1,1,1,1,0,0,0,0,0,1,0,1,0,0,1,1,0,1,0,1,0,0,1,1,1,0,0,0,0,1,0,0,0,1,1,0,0,1,0,0,1,0,0,1,0,0,1,0,0,0,0,0,1,0,0,0,0,1,1,0,1,0,0,1,0,0,0,0,0,0,1,0,1,0,0
1,1,1,1,1,1,1,0,0,0,0,1,1,0,1,0,1,0,0,1,1,0,0,0,0,0,0,0,1,1,1,0,1,0,1,0,0,1,0,1,0,1,1,0,1,1,1,0,1,0,0,1,1,1,1,0,1,1,1,0,0,0,1,0,1,0,0,1,0,1,0,0,1,0,0,0,0,0,1,0,0,1,0,1,0,1,1,0,0,1,1,0,0,0,1,1,1,1,1,1,0
1,0,1,1,0,0,0,0,1,0,1,1,0,0,0,1,1,1,1,1,0,0,1,0,0,1,1,0,1,0,1,0,1,1,1,1,0,0,0,1,0,0,0,0,1,0,0,0,1,0,1,0,0,0,1,1,0,1,0,1,1,1,0,0,0,1,0,0,1,1,1,0,1,1,1,1,0,0,1,0,1,0,0,0,0,0,1,0,0,0,0,0,0,1,0,0,1,0,1,1,1
1,1,0,0,1,1,1,0,1,0,1,1,1,1,1,1,1,1,0,1,0,0,1,1,0,1,0,1,0,1,1,1,1,0,0,0,0,0,1,0,1,1,0,0,0,0,1,1,1,0,1,1,1,1,0,0,0,0,0,0,0,0,1,0,1,0,0,1,1,1,1,0,0,1,1,1,1,1,0,0,0,1,0,0,1,1,0,0,0,1,1,1,0,1,0,1,1,1,1,0,1
0,1,1,1,0,1,1,1,1,1,0,1,1,1,0,1,1,0,0,0,1,0,1,0,1,1,0,0,1,0,0,0,0,1,1,1,1,0,0,0,1,0,0,1,1,0,1,1,0,0,0,0,0,1,1,0,1,0,1,1,1,1,1,1,0,0,1,0,0,0,0,1,1,0,0,1,0,0,1,0,1,0,1,1,0,1,1,1,0,0,1,0,1,1,0,1,0,0,1,0,1
0,1,1,1,0,1,0,0,0,1,0,1,0,1,0,0,0,0,1,1,1,1,1,0,0,0,1,1,1,0,0,0,0,0,0,1,1,1,0,0,1,1,1,0,1,0,0,0,1,1,1,0,1,1,1,0,1,1,0,1,0,1,0,0,0,1,0,1,1,0,0,0,1,1,1,1,0,0,0,0,1,1,1,1,1,1,1,1,1,0,0,0,0,1,1,1,1,1,1,0,0
0,0,0,0,1,0,0,0,1,0,1,0,0,1,0,0,0,1,1,0,1,0,0,0,0,1,1,0,1,1,0,0,0,1,0,1,0,0,1,0,0,1,1,1,0,1,0,0,1,1,0,1,0,1,0,1,0,0,0,1,1,1,0,1,1,0,1,1,1,0,1,1,1,0,1,1,1,1,1,1,0,0,0,0,1,0,1,1,1,1,0,1,0,0,1,1,1,0,0,0,1
1,1,0,1,0,1,1,0,0,0,0,1,0,0,1,0,0,0,0,1,0,0,1,0,0,0,1,0,1,1,0,1,0,0,1,1,0,0,1,0,1,1,1,1,0,0,0,0,0,1,1,1,1,0,1,0,1,1,1,1,1,0,1,1,1,0,0,1,0,0,1,1,1,0,1,0,0,0,1,1,0,0,0,0,0,0,1,1,0,1,1,0,1,1,1,1,0,0,1,0,1
0,0,0,1,0,1,1,1,1,1,1,1,1,1,0,0,1,0,0,1,1,1,0,1,1,1,0,1,0,1,1,0,0,1,0,0,1,1,1,0,0,0,0,0,0,1,0,0,1,1,0,0,0,0,1,1,0,1,1,0,1,0,1,1,0,1,0,1,1,1,1,1,1,0,1,1,1,1,0,0,0,1,1,0,0,0,0,0,0,1,0,1,0,1,1,0,0,0,1,0,0
1,1,1,1,1,0,0,1,1,0,0,1,0,1,1,0,1,1,0,0,1,0,1,0,1,1,1,1,1,1,1,1,0,1,0,0,1,1,0,0,1,1,0,1,1,0,1,0,1,0,0,1,0,0,0,1,1,1,1,0,0,1,1,1,1,1,1,1,1,0,1,0,0,1,0,0,0,1,0,1,1,1,1,1,1,0,1,0,0,1,0,1,1,1,0,1,0,1,1,1,1
1,0,0,0,0,0,0,1,0,1,0,0,1,1,0,0,1,0,0,0,1,1,0,1,1,1,0,0,1,0,1,0,0,0,1,1,1,0,0,0,1,0,1,1,0,1,1,0,0,0,0,1,0,0,1,1,0,1,1,1,0,1,1,1,0,0,0,1,0,1,1,1,1,0,1,1,1,0,1,0,0,0,1,1,0,0,0,0,1,0,0,1,0,1,0,0,0,0,0,0,1
1,0,1,0,0,0,1,0,1,0,1,0,0,1,1,1,0,1,0,0,0,1,0,0,0,0,1,1,1,0,1,1,1,1,1,1,0,1,1,1,1,1,0,1,1,0,1,0,1,0,1,0,0,1,1,0,1,0,0,0,0,1,1,1,1,0,1,0,1,0,0,1,1,0,0,0,0,1,0,0,0,1,0,1,1,0,0,0,1,1,0,1,1,0,0,1,0,1,1,1,1
1,1,0,1,0,0,1,0,1,0,0,0,0,0,1,1,1,0,1,0,0,1,0,1,1,1,0,0,0,0,0,0,0,0,1,1,0,0,1,0,1,0,1,1,1,0,1,0,0,0,1,1,0,1,0,1,1,1,1,0,1,1,1,1,1,0,0,1,1,1,0,0,1,0,1,0,1,0,0,0,0,1,0,0,1,0,0,0,1,0,1,0,1,1,0,0,1,1,0,0,0
0,0,0,0,1,0,1,0,1,0,0,1,1,1,1,1,1,0,0,1,1,0,0,1,1,0,1,0,1,0,1,1,1,0,1,0,0,1,1,0,1,0,0,0,1,0,1,0,1,1,0,0,0,1,0,1,0,1,1,1,0,0,1,1,1,1,1,1,0,0,1,0,0,1,0,0,0,0,0,0,0,0,0,0,1,1,0,1,0,1,0,1,1,0,0,1,0,0,1,0,1
0,0,1,1,0,0,1,0,1,1,1,0,0,1,0,0,1,1,0,0,1,1,1,0,0,0,1,1,0,1,1,1,1,0,0,0,1,1,0,0,0,1,1,1,0,0,1,0,0,0,1,1,1,1,0,1,0,0,1,1,0,0,0,1,1,0,1,1,0,1,1,0,0,0,0,0,1,1,0,1,1,0,0,0,0,0,1,0,0,1,1,0,1,0,1,1,0,0,1,0,0
1,1,1,1,1,1,0,0,0,1,1,0,1,1,1,0,0,1,1,0,0,0,0,1,0,1,0,1,1,1,0,0,1,1,1,0,0,1,0,1,1,0,1,0,0,1,1,0,0,0,1,1,0,1,1,1,1,1,1,1,1,1,1,1,0,0,1,1,0,0,0,1,0,0,0,1,1,1,1,0,0,0,1,0,0,1,1,1,0,0,0,1,0,1,0,0,0,0,0,1,1
0,0,0,1,0,1,1,0,1,1,1,1,1,1,1,1,1,0,0,1,0,1,0,0,1,1,1,1,1,1,0,0,0,1,1,0,0,0,1,0,0,0,0,0,1,1,1,1,1,0,0,0,1,1,0,1,0,0,0,1,0,1,0,0,1,1,0,1,0,1,0,0,0,0,0,0,1,1,1,1,1,0,0,1,1,1,1,1,0,1,1,0,0,1,0,1,1,1,0,0,0
1,0,1,1,1,0,0,0,0,0,0,1,0,0,1,1,0,0,1,0,1,1,0,1,1,0,1,0,1,1,0,1,0,1,0,0,1,0,0,1,0,0,1,0,0,0,1,0,0,0,1,1,1,1,1,1,1,1,1,0,0,1,0,0,1,1,0,1,1,0,1,0,0,1,1,0,1,1,1,0,1,0,0,1,0,1,1,1,0,1,0,0,0,0,0,0,0,1,1,1,0
1,1,1,0,0,0,0,1,1,0,1,0,0,1,1,0,0,0,1,0,0,0,1,1,0,0,1,1,1,0,1,1,1,1,1,0,0,1,1,0,0,1,1,1,0,1,1,1,0,1,0,1,1,0,1,1,1,0,0,0,1,1,0,1,1,0,0,0,1,1,0,1,0,1,1,0,1,1,0,1,0,0,0,1,0,1,1,0,1,0,0,0,0,0,0,0,1,0,0,0,1
0,0,1,1,0,0,1,1,1,1,0,1,0,0,0,1,0,1,0,1,0,1,0,1,0,0,1,0,1,1,0,0,0,0,1,1,0,1,0,0,0,1,1,0,0,1,0,0,1,1,0,1,0,1,0,1,1,0,0,1,0,1,1,0,0,1,1,1,1,1,1,1,1,0,1,0,0,0,1,0,1,1,1,1,0,0,1,1,0,0,0,1,0,1,0,0,1,0,1,1,0
1,0,1,0,1,0,1,0,1,1,1,1,1,0,1,0,1,0,1,1,0,1,0,0,1,1,0,0,0,0,1,1,0,1,0,0,0,1,1,0,1,0,1,1,0,0,0,0,0,0,1,1,1,1,0,1,0,0,0,0,1,1,0,0,1,1,1,0,1,1,0,0,0,0,0,0,1,1,0,0,0,0,1,0,0,1,1,1,1,1,0,0,1,1,0,1,0,0,1,0,1
0,1,0,1,0,0,0,0,1,1,1,0,1,0,0,1,0,0,0,1,1,0,1,1,1,1,0,0,0,0,0,1,1,0,1,0,1,1,1,0,1,0,0,1,1,0,1,1,1,0,0,0,0,1,1,0,0,0,1,0,1,1,0,0,0,0,0,0,0,0,0,1,1,1,0,0,0,0,1,0,1,1,1,0,0,0,1,1,0,0,0,1,1,1,1,1,0,1,0,0,1
1,0,1,0,0,0,0,1,0,1,0,1,1,0,0,0,0,0,1,0,1,0,0,0,1,1,1,1,0,0,0,0,1,0,0,0,1,1,0,0,0,0,1,1,0,1,1,0,0,0,1,1,1,0,1,0,0,1,1,0,0,0,0,0,0,0,0,0,1,1,1,1,1,1,1,1,0,0,0,1,0,0,1,1,1,0,1,0,0,1,0,1,1,0,0,0,1,1,1,1,1
0,0,0,0,1,0,0,1,1,1,0,1,0,1,0,0,0,1,1,1,0,1,0,0,0,1,0,0,1,0,0,1,1,1,0,0,0,0,1,0,1,0,0,1,1,1,0,0,1,0,1,0,1,0,1,1,0,0,1,1,0,1,0,1,0,1,1,1,1,0,0,0,0,1,1,0,1,0,0,0,0,0,1,1,1,0,1,0,1,0,0,0,1,0,0,0,1,0,1,1,1
0,1,1,0,1,1,0,0,0,1,1,0,1,1,1,1,1,1,0,1,0,0,1,0,1,0,0,0,0,1,0,1,0,0,0,0,1,0,1,1,1,0,1,1,1,1,0,0,1,1,1,0,0,0,1,1,1,1,1,1,0,1,1,0,1,0,1,0,1,1,1,1,0,0,1,0,0,0,0,1,1,1,1,0,0,1,1,1,1,0,0,1,0,1,1,0,1,1,1,1,1
0,1,1,1,1,0,1,0,1,0,1,1,1,0,0,1,0,1,1,0,1,0,1,1,1,0,1,0,0,0,0,0,0,0,0,1,1,0,1,1,1,0,1,0,1,0,1,0,1,0,0,0,0,1,0,1,0,0,1,0,1,0,1,1,0,1,0,0,0,1,0,0,1,0,1,1,1,1,0,1,1,1,0,1,0,0,0,0,1,0,1,0,1,1,1,1,1,0,0,0,0
0,1,1,0,0,0,1,1,0,0,0,1,1,0,0,0,0,1,1,1,0,1,1,1,0,1,1,1,0,1,0,0,1,1,0,1,1,1,1,1,0,1,0,1,0,1,1,0,0,1,0,1,1,1,1,0,1,1,0,0,0,0,1,0,1,0,1,1,0,1,0,1,0,0,0,1,1,0,1,1,0,0,1,1,1,0,1,1,0,0,0,0,0,1,0,0,0,1,0,1,1
0,0,1,0,0,0,1,1,1,0,0,0,0,0,0,0,1,0,1,1,1,0,1,0,1,1,0,0,0,1,1,0,1,1,0,0,0,1,0,0,1,1,1,1,0,0,1,1,0,0,0,0,0,1,0,1,0,1,0,1,0,0,0,1,0,1,1,0,1,0,0,0,1,0,0,0,1,1,0,1,1,1,1,1,0,1,0,1,0,0,0,0,0,1,0,0,0,1,0,0,1
1,1,1,0,0,0,0,0,0,1,1,0,1,0,1,1,0,0,0,0,0,0,0,0,1,1,0,0,1,0,0,0,1,0,1,1,1,1,1,0,1,0,0,1,1,0,0,0,0,1,1,1,0,1,1,1,1,1,1,0,0,1,1,0,0,1,0,0,1,0,0,1,0,0,1,1,0,1,0,0,0,1,1,1,0,0,1,0,1,1,0,0,1,1,0,0,0,0,0,0,1
0,1,0,0,1,0,0,0,0,0,1,0,1,1,1,0,1,1,0,0,0,0,1,0,1,0,0,0,1,1,1,0,1,1,1,0,0,1,0,1,0,1,0,1,1,1,1,0,0,0,0,1,0,0,0,0,1,0,0,0,1,0,0,0,0,0,0,0,0,1,1,0,1,0,0,0,1,0,0,0,1,1,0,1,1,1,1,0,1,1,0,1,0,1,0,1,1,1,0,1,1
1,1,1,1,0,1,0,0,1,0,0,1,0,0,0,0,1,0,0,0,1,1,1,1,1,0,1,0,1,1,0,1,0,1,0,0,1,0,1,1,0,0,0,0,0,1,0,0,0,1,0,0,0,1,0,0,1,1,0,0,0,0,0,0,0,1,1,1,1,1,0,0,1,0,0,0,1,1,0,1,1,1,0,0,1,1,1,0,0,1,1,1,0,0,0,1,1,1,1,0,0
1,0,0,1,0,0,0,1,0,0,0,0,1,0,0,0,0,0,0,0,1,1,0,1,0,1,1,0,0,1,0,1,1,1,1,1,0,0,0,1,0,1,0,1,0,1,0,1,0,0,0,0,1,0,0,1,0,0,1,1,1,1,1,1,0,1,1,0,0,1,0,0,0,1,0,1,0,1,0,0,0,1,0,0,0,0,1,0,1,0,0,1,1,0,0,0,0,0,0,1,1
0,0,1,1,0,1,1,0,0,0,1,0,1,0,0,0,1,0,1,0,1,1,1,1,1,1,1,0,0,0,0,0,0,1,1,1,1,1,0,0,1,0,0,1,0,0,0,0,0,0,1,0,0,0,0,1,0,1,0,1,0,0,0,1,1,1,1,0,1,1,1,0,0,0,0,1,1,1,0,0,1,0,1,1,0,1,1,0,1,0,0,0,0,0,1,1,1,1,0,1,0
0,1,0,0,1,1,1,0,0,1,1,0,1,0,0,1,0,1,0,1,1,1,0,1,1,1,0,0,0,1,1,0,1,0,0,1,1,1,1,0,1,0,0,0,0,1,0,1,1,0,0,1,0,1,0,0,0,1,1,0,0,0,1,0,1,1,0,1,1,0,0,0,1,1,1,1,1,0,0,0,0,0,1,1,0,0,1,1,1,0,0,0,1,1,0,0,0,1,1,1,1
1,1,0,1,0,1,0,0,0,0,1,1,1,0,1,1,1,1,0,1,0,0,1,1,1,0,0,1,0,1,0,1,1,0,0,1,1,0,0,1,1,1,1,0,0,0,1,1,1,1,0,1,1,0,1,1,0,0,0,0,1,0,1,1,1,0,0,0,0,0,0,1,1,0,0,1,1,0,1,1,1,0,0,0,0,1,0,1,0,1,0,0,1,0,0,0,0,0,0,1,1
0,0,0,0,0,0,0,0,0,0,0,0,1,0,0,0,0,1,0,0,1,0,0,1,1,1,1,1,0,1,1,0,1,0,0,0,0,1,0,0,0,1,0,0,0,1,1,0,0,0,1,1,1,0,1,0,0,0,0,1,1,0,0,1,0,0,1,1,1,0,1,0,1,0,1,0,0,0,0,0,1,1,1,1,1,0,1,0,1,1,0,1,1,1,1,1,1,0,1,0,1
0,1,1,1,0,0,1,0,0,1,1,0,0,1,1,1,0,0,1,0,1,0,1,0,1,1,0,0,0,1,0,1,1,1,1,1,1,0,1,0,0,1,1,0,0,0,0,1,1,0,1,0,0,1,0,1,0,1,0,0,1,0,0,0,0,1,0,0,1,0,0,0,1,0,0,0,1,0,0,0,0,0,1,1,1,1,0,0,0,0,1,0,1,1,1,0,1,1,1,1,1
0,1,1,1,1,0,1,1,0,0,0,1,0,1,1,0,1,0,0,1,1,1,1,1,1,1,0,0,1,1,1,0,1,1,1,1,0,1,0,1,0,0,1,1,0,1,0,0,0,0,1,1,1,1,1,1,1,1,1,0,0,1,1,0,0,0,1,0,0,1,0,1,1,0,1,0,1,0,1,1,1,1,0,0,1,1,1,0,0,1,0,0,0,0,1,1,0,1,0,0,1
0,0,1,0,0,0,1,1,1,1,1,1,0,0,0,0,1,0,0,1,0,0,1,1,0,0,0,0,0,1,1,0,0,1,0,1,0,1,0,1,1,0,1,0,0,0,0,1,1,1,0,1,0,1,1,0,1,0,0,0,0,1,1,1,0,1,0,0,1,1,1,1,1,1,1,1,1,0,0,1,0,1,1,1,0,0,0,1,0,0,0,1,1,1,1,1,1,0,1,0,1
1,1,0,0,0,0,1,1,1,0,1,1,1,0,1,0,1,1,0,0,1,1,0,1,0,1,1,1,1,0,0,0,0,1,1,1,1,1,1,0,0,1,0,0,1,1,0,0,1,0,1,0,1,1,0,1,1,1,1,0,0,1,0,0,0,0,1,1,0,0,0,0,1,0,0,0,1,1,0,0,0,1,0,0,0,0,1,1,1,1,1,1,0,0,0,0,1,0,0,1,0
0,0,0,1,0,1,1,0,1,1,0,1,0,1,0,0,1,1,0,1,1,0,1,0,0,0,1,1,1,1,0,0,0,0,1,0,0,1,0,0,1,0,0,0,0,1,0,0,1,0,1,0,0,0,1,1,1,0,1,1,1,0,1,0,0,0,0,0,1,0,1,0,1,0,0,1,1,0,0,0,1,1,0,0,0,1,1,1,0,1,0,0,0,0,1,1,1,0,1,0,0
1,1,0,0,1,0,0,0,1,0,1,0,0,0,0,0,1,0,1,0,1,0,0,0,1,0,0,1,0,0,0,1,1,1,1,0,0,1,0,1,0,1,1,1,0,1,0,1,0,0,0,1,1,1,0,0,0,0,0,0,1,1,1,0,1,0,1,0,0,1,1,1,1,0,1,1,0,1,1,1,0,1,0,0,0,1,1,1,1,1,0,0,1,0,0,1,1,1,1,1,1
0,0,1,0,1,1,0,1,0,1,1,1,1,1,1,0,0,0,1,1,1,0,1,1,0,1,0,1,1,1,0,1,1,1,0,1,1,1,1,1,1,0,0,1,0,1,1,1,0,1,0,1,0,0,1,0,0,1,1,0,0,0,0,1,0,1,1,1,0,1,0,0,1,1,1,1,0,0,1,0,1,1,0,0,0,1,0,1,0,0,0,1,1,1,0,0,0,0,1,1,1
1,0,1,1,0,0,1,0,1,0,1,1,1,1,0,0,0,1,1,1,0,1,0,1,0,0,0,1,1,0,1,1,1,1,0,1,0,1,1,0,1,1,1,1,0,0,1,0,0,0,0,0,0,0,0,1,0,1,0,1,0,0,1,0,1,1,1,1,1,0,0,1,0,1,1,1,1,1,1,0,0,0,1,1,0,0,1,1,1,1,0,1,1,1,0,0,0,1,1,0,1
1,0,0,1,1,1,1,0,1,0,1,1,1,1,0,1,1,1,1,0,1,0,0,0,0,1,1,1,1,1,0,0,1,1,0,1,0,1,0,1,1,0,1,1,1,1,1,1,0,1,0,1,1,0,1,1,1,1,0,0,1,1,1,0,0,1,0,1,1,0,0,1,1,1,1,0,1,1,1,1,1,0,0,1,1,0,1,1,0,0,1,1,0,0,1,0,1,0,1,1,0
0,1,0,0,1,1,1,1,0,1,1,1,0,0,1,1,0,1,1,1,1,1,0,0,1,1,0,0,0,0,0,1,0,0,1,0,0,0,1,1,1,1,1,0,1,1,1,0,0,0,1,0,1,0,0,1,0,1,1,0,0,0,0,0,1,0,0,0,1,0,1,0,0,0,1,1,0,1,1,1,1,0,1,0,0,1,1,0,1,0,0,0,1,1,0,0,1,0,0,0,1
1,1,0,0,1,1,0,1,0,1,1,1,0,1,1,0,1,0,1,1,1,1,0,1,0,1,1,1,1,1,0,0,1,0,0,0,0,1,0,1,0,0,0,1,0,0,0,0,0,1,0,0,0,0,0,1,1,0,1,1,1,0,1,1,0,1,1,1,1,0,0,0,0,0,0,1,0,0,1,0,1,0,1,0,1,0,0,0,1,0,0,1,0,1,0,0,0,1,1,1,0
1,1,1,1,1,0,1,1,0,1,1,0,0,1,1,1,0,1,1,0,0,1,0,0,1,1,1,0,0,0,0,0,1,0,0,1,0,1,0,0,0,0,0,1,1,0,1,0,0,0,0,0,0,1,1,1,1,0,1,0,0,0,0,0,1,0,1,1,1,0,0,1,0,0,0,0,1,0,1,0,0,1,1,1,1,0,0,1,0,1,0,0,1,1,0,1,1,0,1,0,1
0,1,1,1,0,0,0,0,0,0,1,1,0,1,0,1,0,0,1,0,0,1,1,0,1,1,0,0,1,0,1,0,1,1,0,0,1,1,0,1,0,0,0,1,0,0,0,1,0,1,1,0,1,1,0,1,1,0,1,1,1,0,0,1,0,0,0,1,0,0,0,0,1,0,0,0,1,0,1,0,0,1,1,0,1,0,0,1,1,1,0,1,0,1,0,1,1,0,0,1,1
1,0,0,1,0,1,1,1,0,0,0,1,0,1,0,1,1,0,1,0,0,1,0,1,0,1,0,0,0,0,0,0,0,0,0,0,1,1,1,1,1,1,0,1,0,1,0,1,0,1,1,1,0,0,0,0,0,1,1,1,0,0,1,0,1,1,0,1,1,1,0,1,1,0,0,1,0,0,1,1,0,1,0,0,1,1,1,0,1,1,0,0,1,0,0,0,1,1,0,1,0
1,0,0,1,1,0,0,0,0,0,1,0,0,0,1,1,0,1,1,1,1,1,1,0,1,0,0,1,1,1,1,1,0,1,1,0,1,0,1,1,0,0,1,1,0,1,0,0,0,1,1,1,1,0,0,1,0,1,0,1,1,0,0,0,1,0,0,1,1,1,1,0,1,0,0,1,1,1,0,1,0,1,0,1,1,0,1,0,1,1,0,1,0,0,0,1,0,0,0,0,1
0,0,0,1,0,0,0,0,0,1,0,0,1,1,1,0,0,0,0,0,0,1,0,1,0,0,0,0,0,0,1,1,0,1,0,1,1,0,1,1,0,0,0,1,1,0,1,1,0,1,0,0,1,0,1,0,1,1,0,0,0,1,0,1,0,1,0,0,0,1,0,0,0,1,1,0,0,0,1,1,1,1,1,1,0,1,0,0,1,1,1,0,1,0,0,1,1,1,0,0,1
0,1,0,0,0,0,0,1,1,1,0,1,1,0,0,1,0,0,1,1,1,0,1,1,1,1,0,0,1,1,1,1,1,0,1,0,0,1,0,0,1,1,0,0,0,0,1,1,1,1,1,1,0,1,1,1,1,0,1,0,0,0,1,0,1,1,1,1,1,0,1,0,0,1,1,0,0,1,0,1,0,1,0,0,0,0,1,1,0,0,1,1,0,1,1,1,1,1,1,0,1
1,0,1,1,1,0,0,0,0,0,0,1,0,1,0,0,1,0,0,0,1,1,0,1,0,1,0,1,0,0,1,0,1,1,0,1,0,1,1,1,1,0,1,1,0,0,0,0,0,0,0,0,1,0,1,0,0,0,1,1,0,0,1,1,1,0,1,0,0,1,0,1,0,1,1,0,1,0,1,1,1,0,0,0,0,0,0,1,0,0,1,1,1,0,0,1,1,1,1,0,1
1,1,0,1,1,1,1,1,1,0,0,0,0,1,1,0,0,1,1,0,0,1,0,1,1,0,1,1,1,1,1,0,0,1,1,1,1,1,1,1,1,0,1,1,1,1,1,0,0,0,1,0,1,1,0,0,0,1,0,1,1,1,1,0,0,0,0,0,1,1,0,0,1,0,0,1,0,1,0,0,1,1,1,1,1,0,1,1,1,0,0,1,0,1,1,1,1,1,1,0,1
0,0,1,0,0,1,0,1,1,1,0,1,0,0,0,1,0,1,0,0,1,1,1,1,1,0,1,1,0,0,1,1,1,0,1,0,1,1,0,1,0,0,0,1,0,0,0,1,1,1,0,0,1,1,1,1,1,0,1,1,0,1,1,1,1,0,0,1,0,1,0,0,1,1,1,0,1,1,1,1,0,0,1,1,1,0,1,1,0,0,1,1,0,1,0,1,0,1,1,1,1
0,1,0,1,0,1,1,0,1,1,0,0,0,0,1,0,0,1,0,1,0,0,1,0,1,0,1,0,0,0,0,0,1,1,1,1,0,0,0,0,1,0,0,1,1,0,0,1,0,0,0,0,0,0,0,1,1,1,0,1,1,0,0,0,0,0,1,1,0,1,0,0,1,0,0,1,0,1,0,0,1,1,0,0,1,1,1,1,1,0,0,0,0,1,1,0,0,0,1,1,1
1,0,1,0,0,0,0,1,0,0,0,1,1,0,1,1,1,1,0,0,1,1,1,0,1,1,0,0,1,1,0,1,0,0,0,0,0,0,1,1,1,1,1,1,1,1,1,0,1,0,1,0,0,1,0,0,0,0,1,0,1,1,0,1,0,0,0,1,1,1,1,0,0,0,0,1,0,0,0,0,1,1,1,1,0,0,1,1,1,0,0,0,0,1,0,1,1,1,0,0,1
1,1,0,1,0,1,0,1,1,1,1,0,1,1,0,0,1,0,0,0,1,0,0,1,0,0,1,0,0,0,0,1,1,0,0,0,1,0,1,0,1,1,1,0,0,0,0,0,0,0,1,1,1,1,1,1,1,0,1,0,0,1,0,0,0,0,1,1,0,1,1,1,1,1,1,1,1,1,0,1,0,0,0,0,0,1,1,1,1,1,1,1,0,0,1,1,0,0,1,1,0
0,1,1,0,1,0,1,0,0,1,1,0,1,0,1,1,0,0,0,1,0,1,0,0,1,1,1,1,1,0,0,0,0,1,1,0,1,0,0,1,0,1,0,1,0,1,1,0,0,0,0,0,1,1,0,1,1,1,1,1,1,1,0,1,1,1,0,0,1,0,0,1,0,0,0,1,0,0,1,0,1,0,1,0,0,0,0,1,1,1,1,1,1,0,1,0,0,0,1,0,0
0,0,0,0,0,1,0,1,1,1,0,0,1,1,1,0,1,1,1,0,1,0,1,1,1,1,0,0,1,1,0,1,1,0,1,1,1,1,0,0,1,1,1,1,1,0,0,0,0,0,0,0,0,1,1,1,1,0,0,0,0,1,1,0,0,0,0,0,0,1,1,1,1,1,0,0,1,1,0,1,0,0,1,0,0,0,1,0,0,1,1,1,0,1,0,0,1,1,1,1,0
1,1,1,1,0,1,0,0,1,1,0,0,1,0,1,0,1,1,1,0,1,0,0,1,1,1,0,0,0,0,1,1,1,1,0,1,1,0,0,1,1,0,1,0,0,1,0,0,1,0,1,0,1,0,1,1,1,1,0,1,1,1,0,0,1,1,0,1,0,1,0,1,0,1,1,0,1,1,1,1,0,1,1,1,0,1,1,1,0,0,1,1,1,0,1,1,1,0,0,0,1
1,0,0,0,1,1,1,1,1,0,1,0,1,0,0,1,0,1,0,0,0,1,1,0,0,1,0,0,1,0,1,1,1,1,1,0,1,0,1,1,1,0,0,0,1,1,1,1,0,0,1,0,1,0,0,1,1,1,0,1,0,1,1,1,0,1,1,1,1,0,1,1,0,0,0,1,1,1,1,0,0,1,0,1,1,0,0,1,1,1,0,1,1,0,0,1,1,0,0,1,1
1,0,0,1,0,1,0,1,0,1,1,1,0,1,0,1,0,0,0,0,0,1,1,0,1,0,1,0,1,0,1,0,0,0,1,1,0,0,1,1,1,1,0,0,1,1,1,1,1,0,0,1,0,1,0,0,1,1,0,1,0,0,1,1,1,0,0,1,0,0,1,1,1,0,0,1,1,0,1,1,1,0,0,0,0,1,1,0,0,0,1,1,1,0,1,0,1,1,0,1,1
0,1,1,1,1,1,1,0,1,0,1,1,0,1,0,1,1,1,0,1,1,0,0,0,0,1,1,1,1,1,0,0,0,1,0,1,0,1,0,0,0,0,0,1,0,1,0,1,1,1,1,0,0,1,1,1,1,1,0,0,0,1,1,0,1,1,1,0,1,1,1,1,1,0,1,0,0,1,1,0,0,0,1,1,0,0,0,0,0,1,0,1,0,0,1,0,0,0,0,1,0
0,1,0,0,1,0,1,1,1,1,1,0,1,1,1,1,1,0,1,0,0,0,0,1,1,1,1,1,0,1,1,0,0,1,0,1,0,0,0,0,0,1,1,0,0,1,0,0,0,1,0,1,1,0,0,0,1,0,1,1,1,0,0,0,1,1,1,0,0,1,0,1,1,1,1,1,1,0,1,1,1,1,1,0,1,0,1,1,1,1,0,1,0,0,1,0,1,1,0,1,0
0,0,0,0,0,0,0,1,1,1,1,0,1,1,1,1,1,0,0,1,1,0,1,0,0,0,0,0,1,1,0,0,1,1,0,0,1,1,0,0,0,0,0,0,0,1,0,1,0,1,1,0,0,0,0,0,1,1,1,0,1,0,0,1,1,0,0,0,1,1,1,0,0,0,0,0,1,0,1,0,0,1,1,0,1,0,1,0,0,1,1,1,1,1,0,1,0,0,0,1,0
1,1,1,0,1,1,1,1,1,0,1,0,0,0,0,0,1,1,0,0,0,0,1,1,1,1,1,1,1,1,1,0,0,0,0,0,0,1,0,0,1,1,1,1,0,1,1,1,0,1,1,1,0,0,0,0,1,1,1,0,0,0,1,1,0,1,0,1,1,1,0,0,1,0,0,0,1,1,0,1,1,1,1,1,0,0,1,1,0,1,1,0,1,0,0,1,0,1,0,0,1
1,1,1,0,1,1,0,0,0,1,0,1,1,1,0,1,1,0,1,0,1,0,1,0,1,1,0,0,1,0,1,0,0,1,0,1,0,1,0,0,0,1,0,1,1,1,0,1,1,1,1,1,1,1,0,1,0,1,1,0,1,0,1,1,0,0,0,0,1,1,1,0,0,1,0,0,0,0,0,0,0,0,0,0,0,0,1,1,1,0,1,0,1,0,1,0,0,0,0,0,1
0,0,0,1,0,1,0,1,1,1,0,0,0,0,0,0,1,0,0,0,1,0,1,0,0,1,0,1,1,1,0,1,1,0,0,1,0,1,0,1,1,1,0,0,0,0,0,1,0,0,1,0,0,0,0,1,1,0,0,1,1,1,1,0,0,0,0,1,1,0,0,0,1,0,1,0,0,0,1,0,1,1,1,0,1,1,0,1,1,1,0,1,0,0,0,0,0,1,0,0,1
1,1,1,1,1,0,0,1,0,0,0,1,0,1,1,1,1,1,1,0,0,1,1,1,0,1,1,1,0,1,1,1,0,1,1,0,1,1,1,0,1,0,0,1,0,0,1,1,0,1,1,1,1,1,1,1,0,1,0,0,1,0,0,0,1,0,1,1,1,0,1,1,1,1,1,1,0,1,1,0,1,1,0,0,0,0,1,1,1,1,1,0,0,1,0,1,1,0,0,1,1
0,0,0,1,1,1,0,0,0,1,1,1,1,0,0,0,0,1,1,1,1,1,1,0,1,1,0,0,0,0,1,1,1,0,1,1,0,0,1,0,1,0,0,0,0,1,1,1,0,1,1,0,0,0,0,1,1,0,1,0,0,1,1,0,1,1,1,0,1,1,0,0,1,1,1,1,0,0,0,0,1,1,0,0,1,0,0,1,1,0,1,1,1,0,0,1,0,0,0,1,1
1,0,1,0,0,1,1,0,0,1,1,1,0,1,0,1,1,1,0,0,0,0,0,0,1,0,1,0,0,0,0,1,1,0,1,0,1,1,0,1,1,0,0,1,1,1,1,1,0,1,1,0,0,1,0,0,0,0,1,1,0,0,1,0,0,0,0,0,0,1,0,0,1,0,0,1,1,0,1,1,1,1,0,1,0,0,1,1,1,0,0,0,0,1,0,0,0,1,1,0,1
1,0,0,1,0,0,0,0,0,0,0,0,1,1,1,0,1,0,0,0,0,1,1,1,0,1,0,1,0,1,0,1,0,0,0,1,0,0,1,1,1,0,0,0,0,1,1,1,1,0,0,0,1,0,0,0,0,1,0,1,0,0,1,1,1,1,1,0,1,0,1,0,0,0,0,1,1,1,1,0,1,0,1,1,1,1,1,1,1,0,0,0,1,1,1,1,0,1,0,0,1
1,1,0,0,1,0,1,1,0,0,1,0,0,1,1,0,1,0,0,0,0,0,1,0,0,0,1,0,1,0,0,0,0,1,0,0,0,0,1,0,1,0,1,0,1,1,1,0,0,0,1,0,0,1,1,1,0,0,1,0,0,0,1,1,1,0,0,0,0,1,1,0,1,1,0,1,1,0,0,1,0,0,1,0,0,0,1,1,0,1,0,0,0,0,1,0,0,1,1,0,1
1,1,1,0,1,1,0,1,1,0,0,1,0,0,0,0,1,0,1,0,0,1,0,0,1,0,1,1,1,0,0,1,1,0,0,0,0,0,1,0,1,1,1,1,0,0,0,1,0,1,0,1,0,0,1,0,1,0,1,1,1,0,0,1,0,0,1,1,0,1,0,1,1,1,0,0,1,0,1,0,1,0,1,0,0,0,1,0,0,0,0,1,0,0,0,1,1,1,1,1,1
0,0,1,1,0,0,0,1,0,0,1,1,1,1,1,0,0,0,0,0,0,0,1,1,1,0,0,1,0,1,0,1,0,0,1,0,0,0,0,0,0,0,1,0,1,1,1,0,0,0,1,0,0,1,1,0,0,0,1,0,1,0,1,0,0,1,1,0,1,1,1,1,0,0,0,1,1,1,0,1,0,0,0,0,0,0,1,1,0,0,1,0,0,1,0,1,1,0,1,1,0
0,1,1,1,1,0,0,1,1,0,1,1,1,1,1,0,1,1,0,0,0,1,0,1,0,0,0,0,0,1,1,0,0,1,1,1,0,0,0,0,1,0,0,0,1,0,1,0,1,1,0,1,1,1,0,0,0,0,0,1,0,1,1,0,0,1,1,0,1,1,0,1,1,0,0,0,1,1,1,0,0,0,1,1,0,0,0,1,0,1,1,1,1,0,0,0,0,0,1,0,1
0,1,0,0,1,0,1,1,1,1,1,0,1,0,1,1,0,1,1,0,1,0,1,1,1,0,1,0,1,1,0,0,1,1,0,0,1,1,1,1,0,0,0,1,1,0,0,1,1,1,1,1,1,1,1,0,1,0,0,0,1,0,0,0,0,1,1,0,0,1,1,1,1,0,0,1,1,1,1,0,1,0,0,1,1,0,1,0,0,0,0,0,1,0,1,1,0,1,1,0,0
0,0,1,1,1,0,1,1,1,1,0,0,1,1,0,1,0,1,0,0,1,1,1,0,0,1,1,1,0,0,1,0,0,1,0,0,1,1,1,1,0,1,0,1,0,1,0,0,1,1,0,1,1,1,1,0,0,0,0,1,1,1,0,0,0,1,1,0,0,0,0,1,1,0,1,1,1,0,1,0,0,1,0,1,1,1,1,1,0,1,0,1,1,0,1,1,0,1,0,1,1
0,0,1,1,1,0,1,0,0,0,0,0,1,0,0,1,1,0,1,1,0,0,1,0,0,1,0,0,1,1,0,1,1,0,0,0,1,1,1,1,1,1,1,1,1,0,0,0,1,1,0,0,0,1,1,1,1,0,1,1,0,0,0,1,0,1,0,0,0,1,1,1,1,0,0,0,1,1,0,0,1,0,0,0,0,1,0,1,1,1,0,1,1,0,1,0,0,1,1,0,0
1,1,0,0,0,1,1,0,0,0,0,0,0,0,1,0,0,1,0,0,0,0,0,0,1,1,0,0,0,0,0,1,1,1,1,0,0,1,1,0,1,0,1,1,0,1,1,1,0,0,0,1,1,1,1,0,1,0,0,0,0,0,0,0,0,1,1,0,1,0,1,0,1,0,0,0,1,0,0,0,1,0,0,1,1,1,0,0,0,1,0,1,1,0,1,0,1,0,1,1,1
1,0,1,1,0,1,1,1,1,1,1,0,0,0,0,0,1,1,1,1,1,0,0,0,0,0,1,1,0,1,1,0,1,0,0,1,0,0,0,0,0,1,1,0,0,0,0,1,1,0,1,0,0,1,1,1,0,0,1,0,1,0,1,1,0,0,1,1,1,0,0,1,1,0,1,1,0,0,0,1,0,1,1,0,0,0,0,1,0,0,0,0,0,1,0,0,1,0,1,1,1
0,1,1,1,0,0,0,0,1,0,1,1,1,1,0,1,1,0,1,0,1,0,0,1,0,0,1,0,1,0,1,0,1,0,0,1,0,0,0,1,1,0,0,0,1,1,1,1,1,0,0,0,0,0,0,1,1,1,1,1,1,0,1,1,0,1,0,1,0,0,0,0,1,0,1,1,0,0,1,0,0,1,0,0,1,0,0,0,1,1,0,0,1,0,0,1,0,1,1,0,0
0,1,1,0,1,1,0,1,1,1,0,0,0,0,1,0,1,1,1,1,1,0,0,0,0,1,1,0,1,0,1,1,0,0,0,1,1,1,0,1,1,0,1,0,0,0,1,0,1,0,0,0,1,0,1,0,1,0,1,0,1,0,0,0,0,0,1,0,1,0,1,1,0,0,0,0,1,1,1,1,0,1,1,1,1,0,0,1,1,1,0,0,0,0,0,0,0,0,1,1,1
0,0,1,1,0,1,0,1,1,1,1,0,1,1,1,1,1,0,1,0,1,0,0,1,1,1,0,0,0,0,0,0,1,0,1,0,1,1,0,1,0,0,1,1,1,1,1,0,1,0,0,0,1,0,1,0,1,0,0,1,0,0,1,0,1,0,0,1,1,1,1,1,1,1,0,0,0,0,0,1,1,0,1,0,0,1,1,0,0,0,1,1,0,0,1,0,0,1,0,0,0
1,1,1,0,0,0,0,0,0,0,0,1,0,1,1,1,1,1,0,0,1,0,1,1,1,0,1,1,1,0,1,1,0,0,0,0,0,1,0,0,0,0,0,0,0,1,0,0,1,0,1,1,1,0,0,1,1,0,1,0,1,0,0,0,0,1,1,0,1,1,1,1,0,0,1,1,0,0,0,0,1,1,0,0,0,1,0,0,0,1,1,0,1,1,0,1,1,1,0,1,1
1,1,1,0,1,1,0,1,1,1,0,1,0,0,1,0,0,1,0,0,1,1,1,0,1,0,0,0,0,1,1,1,0,1,1,1,1,1,1,1,0,0,0,1,0,0,1,0,1,1,1,1,0,0,1,1,0,0,1,1,1,0,1,1,1,0,0,1,1,1,1,0,0,1,1,1,1,1,0,1,0,0,1,0,0,0,0,1,0,1,1,1,0,1,1,1,0,1,0,0,1
1,0,1,1,1,0,0,0,0,0,1,0,1,0,1,0,0,1,0,1,0,1,1,0,0,0,1,1,1,1,0,1,1,0,1,0,0,0,1,0,0,0,0,0,0,0,1,1,1,0,0,0,0,0,0,1,1,1,1,0,1,1,1,0,1,1,1,0,0,1,1,0,1,1,0,0,0,0,1,1,0,1,1,1,0,0,1,1,0,0,1,1,0,0,1,0,0,0,0,1,1
0,1,1,1,1,0,1,0,1,0,1,0,1,1,0,1,1,1,0,1,0,0,1,0,1,1,1,1,1,0,1,1,0,0,0,1,1,0,0,0,0,1,1,0,1,0,1,1,0,0,0,1,0,1,0,1,1,0,0,0,0,0,1,1,0,0,0,1,0,0,1,0,0,0,0,1,1,0,0,1,0,0,0,1,1,0,1,0,0,1,1,1,1,1,0,1,0,0,0,0,1
0,0,0,1,1,1,1,1,0,0,1,0,1,1,1,0,1,1,0,1,1,0,0,1,1,1,0,1,0,1,1,0,0,1,0,1,0,0,1,1,1,1,1,0,1,0,1,0,1,1,1,1,1,1,1,0,0,0,1,0,1,1,1,0,0,0,0,0,1,1,1,1,1,0,1,0,1,1,0,1,0,1,0,1,0,1,1,0,0,1,0,0,0,0,1,0,1,1,0,1,1
1,1,1,1,1,1,0,1,0,1,1,1,1,0,1,1,1,1,1,1,0,0,0,1,0,0,0,0,0,0,1,0,1,0,1,1,1,0,1,1,0,1,1,1,0,0,0,1,0,1,1,1,0,1,0,1,1,0,1,1,1,0,1,0,0,1,0,0,0,0,0,0,0,1,0,1,1,1,0,0,1,0,1,0,0,1,0,0,1,0,0,1,1,0,1,1,1,0,0,1,1
0,1,0,0,0,1,0,0,1,1,0,0,1,1,0,0,0,0,1,1,1,1,1,0,1,0,1,0,0,0,0,0,0,1,0,0,1,1,1,1,1,1,0,1,1,1,1,1,1,1,1,0,0,1,0,1,0,1,1,1,0,0,1,1,1,0,0,0,1,0,0,1,1,0,0,1,0,0,0,1,0,1,1,1,1,0,1,1,0,0,1,1,1,1,0,1,1,0,0,0,0
0,0,1,1,0,0,0,1,1,1,1,1,0,1,0,0,0,0,0,1,0,0,1,0,0,1,0,1,0,1,1,1,0,0,0,0,1,0,0,1,0,0,1,1,1,1,0,1,0,1,1,0,0,1,1,0,1,1,1,1,1,0,0,1,1,0,1,0,1,0,1,0,1,1,1,0,0,0,1,1,1,1,1,1,0,1,0,0,1,0,1,0,1,1,0,0,1,1,0,1,0
0,1,0,0,0,1,0,0,1,0,1,1,0,1,1,0,1,0,1,0,0,1,0,0,0,1,1,1,0,0,1,1,0,1,0,0,0,0,1,1,0,0,0,0,0,1,1,1,1,0,0,0,1,0,1,0,0,1,0,1,1,0,1,0,0,1,0,0,1,0,0,1,0,0,0,0,0,1,0,1,0,0,0,0,0,0,0,1,1,0,0,1,1,1,0,0,0,1,1,0,0
1,0,1,1,0,0,0,0,0,0,1,1,1,0,1,0,0,1,0,1,1,0,1,1,1,0,0,0,1,0,0,1,0,0,0,1,1,1,1,0,1,1,0,1,1,1,0,1,1,1,0,1,1,1,0,0,1,0,1,1,1,0,0,1,0,1,1,1,0,0,0,1,1,0,0,0,1,0,1,1,0,0,1,0,0,0,1,1,0,1,1,1,1,1,1,1,0,0,1,1,1
0,0,1,0,0,0,1,0,0,1,0,0,1,0,1,0,1,0,1,0,1,0,1,0,1,0,0,1,1,0,0,0,0,1,0,1,1,0,1,0,0,1,0,1,1,0,1,0,0,1,1,0,1,1,1,0,1,0,1,1,1,0,0,1,1,1,0,0,1,1,0,0,0,0,0,0,0,1,0,0,1,0,0,1,1,1,0,0,1,1,0,1,1,0,0,1,0,0,0,1,0
1,0,0,1,1,0,1,0,0,0,1,0,0,1,0,0,0,0,1,1,0,1,0,1,1,0,0,0,0,1,0,0,1,0,1,1,0,0,0,1,0,0,0,0,0,0,0,0,0,0,1,0,1,1,0,0,0,1,1,1,1,1,1,0,0,1,0,0,1,0,0,1,0,0,0,0,1,0,0,1,0,1,0,0,1,1,1,1,0,0,0,0,0,0,1,1,1,0,1,0,1
1,0,0,0,0,0,0,0,0,1,1,0,0,0,0,0,0,1,0,0,0,0,1,1,1,0,0,0,0,0,0,0,0,0,0,0,1,0,1,0,1,0,0,0,0,0,1,1,1,0,0,0,1,0,1,1,0,1,1,0,0,0,0,0,0,1,0,1,0,1,0,0,0,1,1,1,1,0,0,0,0,1,1,1,1,1,1,1,1,0,1,1,0,1,1,1,0,0,1,1,1
0,1,0,1,1,1,1,0,0,0,1,0,0,0,0,1,1,1,1,1,1,0,0,1,0,0,1,0,0,1,0,0,0,1,1,1,1,0,0,1,0,1,0,0,0,0,0,1,1,0,0,0,1,0,0,0,0,0,0,0,0,1,0,1,0,1,0,1,0,1,0,0,0,1,0,0,1,0,1,1,1,0,1,1,0,0,0,0,1,1,1,1,0,0,1,0,1,0,0,0,0
1,1,1,0,1,0,1,0,1,0,0,1,0,0,1,0,1,0,0,0,1,0,1,1,0,1,0,0,0,1,0,1,1,0,0,1,0,1,1,1,1,0,1,0,0,0,1,1,0,0,0,1,0,0,0,1,1,0,1,1,0,1,0,0,1,0,0,1,1,0,0,1,1,0,0,0,0,1,0,0,1,1,1,1,1,0,1,1,0,0,1,0,0,0,0,1,0,0,0,0,1
1,0,1,0,0,1,1,1,1,0,0,1,1,0,0,1,0,0,1,0,0,0,0,0,0,0,0,1,0,1,0,0,1,1,1,0,0,1,0,1,1,0,0,0,1,0,0,0,1,0,1,1,0,0,0,0,0,1,0,0,1,1,1,1,1,0,0,1,1,1,0,0,1,1,1,1,0,0,1,0,0,0,0,0,0,0,0,1,1,0,1,0,1,1,1,1,0,1,0,0,1
1,0,0,0,0,1,0,1,0,1,0,0,1,0,0,0,1,1,1,1,0,1,0,1,1,1,0,1,0,1,1,1,0,1,0,0,1,0,0,1,0,1,1,0,1,0,1,1,1,0,0,1,0,1,0,0,1,0,1,0,1,0,0,0,1,1,0,1,1,1,1,1,0,0,0,1,0,1,1,1,1,1,0,1,0,1,1,1,0,1,1,1,0,1,1,1,1,0,0,0,1
0,0,1,1,1,1,0,1,1,0,1,1,0,0,0,0,0,1,1,1,1,0,1,0,0,0,0,0,1,0,0,0,0,1,1,0,1,1,1,0,0,1,0,1,1,0,0,1,1,1,1,0,1,1,1,0,0,0,0,1,0,0,1,0,0,1,1,0,1,0,0,0,1,0,1,0,1,0,1,1,0,0,1,0,1,1,1,1,0,1,1,0,0,0,1,1,1,1,0,1,1
1,1,1,0,1,1,1,0,0,0,1,0,1,0,0,0,0,0,0,0,1,0,0,0,1,1,1,0,0,1,1,0,1,1,1,1,0,1,1,0,1,1,1,1,1,0,1,1,1,1,1,1,0,0,0,1,0,0,1,1,0,1,0,1,0,0,0,0,1,0,1,1,1,0,1,0,0,0,0,1,1,0,0,1,0,1,1,1,1,1,0,1,1,1,0,1,1,0,1,1,1
1,1,1,0,0,0,0,1,0,1,1,0,0,1,1,0,0,1,0,0,1,1,0,0,0,1,0,0,1,1,1,1,0,1,1,0,0,1,0,0,0,0,1,0,1,0,1,0,0,0,0,1,1,1,1,0,0,0,0,0,0,1,1,0,1,0,0,0,0,1,1,1,0,1,1,1,0,1,0,1,0,0,1,0,1,0,1,0,1,1,0,0,1,0,1,1,0,1,1,0,1
0,0,1,0,0,0,0,1,1,0,1,1,0,1,1,0,1,1,0,1,0,1,0,1,0,0,0,1,0,1,0,0,1,1,0,0,0,0,1,1,1,1,1,0,1,1,1,0,0,1,1,1,0,1,0,1,0,1,0,0,0,0,1,1,0,0,1,0,1,0,1,1,1,0,1,0,0,1,1,0,0,0,0,0,1,0,1,0,0,1,0,1,1,0,1,1,0,1,1,0,1
1,1,1,1,0,1,1,1,0,0,1,1,1,0,0,1,0,0,1,0,1,1,0,0,1,1,1,0,0,1,1,1,1,0,1,1,1,0,0,1,1,0,0,1,0,0,0,0,1,1,1,1,0,0,0,0,0,0,0,0,0,0,1,1,1,1,0,1,0,0,0,0,1,1,1,0,1,0,0,1,0,1,0,1,0,1,0,1,1,1,0,0,1,0,0,0,1,1,1,0,1
0,0,1,0,1,0,1,0,0,0,1,0,0,1,1,1,0,1,1,1,0,1,1,1,0,1,0,0,1,0,0,0,1,0,1,1,1,0,1,1,0,0,0,1,0,0,1,1,0,0,0,0,0,1,0,1,1,0,1,1,0,0,0,0,0,1,1,1,0,0,0,0,0,0,1,1,1,1,0,1,0,1,1,1,0,0,1,0,1,1,1,1,0,1,0,0,1,1,1,0,1
1,0,1,1,0,1,1,0,1,0,0,1,0,0,1,1,1,0,0,0,1,1,1,1,1,0,0,0,1,0,0,1,1,1,0,0,1,0,0,0,0,1,0,1,0,0,0,0,1,1,1,1,1,1,0,1,0,1,0,0,0,0,0,1,0,0,1,0,0,1,1,0,1,0,1,1,0,1,0,1,1,1,0,1,0,0,0,0,0,1,0,1,0,0,1,1,1,1,1,1,0
1,0,0,1,0,1,0,1,0,1,1,1,1,1,1,1,0,0,0,0,0,1,1,0,1,1,0,1,1,1,0,0,1,1,0,1,0,1,0,0,1,0,0,1,0,1,1,0,0,1,1,1,1,0,1,1,1,1,0,0,0,0,1,0,0,0,0,1,1,1,1,0,1,1,0,0,1,1,0,1,0,0,0,0,0,1,1,0,0,1,0,0,1,1,0,1,1,1,0,0,1
1,0,1,0,1,1,1,1,1,0,0,0,1,1,0,1,1,1,0,1,0,0,1,0,1,1,1,1,0,1,1,0,0,0,0,1,0,0,0,1,1,0,1,0,0,1,1,1,1,0,0,0,0,1,1,0,0,1,1,1,0,1,1,0,0,0,0,0,0,1,1,0,1,1,0,0,0,1,1,1,1,1,0,1,0,0,1,0,1,0,0,0,0,0,1,1,1,0,0,0,1
1,0,0,0,1,1,0,1,0,1,1,0,0,1,0,0,1,0,1,0,1,1,1,1,0,1,0,1,1,0,1,0,1,0,0,1,1,1,1,1,1,1,0,1,0,1,1,0,0,1,0,1,1,0,1,0,0,0,0,1,1,1,1,1,0,1,1,1,0,0,0,1,1,0,1,0,0,0,1,1,1,0,1,0,0,1,0,0,0,0,0,0,1,0,0,1,1,1,1,0,1
1,1,0,1,1,0,0,0,1,1,0,0,0,1,1,1,1,0,1,1,1,0,1,0,1,1,0,1,1,0,1,1,0,1,0,0,1,0,1,1,1,0,0,0,1,0,0,1,0,0,1,1,1,1,0,1,0,1,0,0,1,1,1,0,0,1,1,0,1,0,1,1,0,1,1,0,1,0,1,0,1,1,0,0,1,0,1,1,0,0,1,1,1,0,1,1,1,0,1,1,1
0,1,1,1,1,0,0,0,0,0,1,1,0,0,0,0,1,1,0,0,1,0,1,1,0,0,1,1,0,1,0,0,0,1,1,0,1,1,1,1,0,1,0,1,1,0,1,1,1,1,1,1,0,0,0,0,0,0,1,1,1,1,0,0,0,1,1,0,0,1,1,1,0,0,1,0,0,1,1,1,0,1,0,0,0,1,1,0,0,1,0,0,1,0,1,0,1,1,1,0,0
0,1,0,1,1,0,1,1,0,1,0,1,0,1,1,1,1,0,1,1,1,1,0,0,1,0,1,1,1,0,1,0,1,0,0,1,0,0,0,1,0,1,1,1,0,0,1,1,0,1,1,0,0,0,0,1,0,0,1,1,0,0,1,0,0,1,0,1,0,1,1,0,0,0,0,1,0,0,1,1,1,1,0,1,0,1,1,1,0,1,1,1,1,0,1,1,1,0,1,1,0
0,0,0,0,1,0,1,0,1,0,0,1,1,1,0,1,1,0,0,1,1,1,0,0,1,1,0,1,1,1,1,1,1,0,1,0,1,1,1,0,1,0,0,1,1,1,1,1,0,1,0,1,0,1,1,1,1,1,1,1,0,1,1,0,0,0,0,0,1,0,1,1,0,1,1,0,1,0,0,0,1,1,1,1,0,1,1,0,0,0,0,1,1,1,1,0,1,0,1,0,1
1,0,0,1,0,1,0,1,1,1,0,0,1,1,1,1,0,1,1,0,1,0,0,1,1,1,1,1,1,0,0,1,1,1,1,1,1,0,0,1,1,0,0,0,1,1,1,1,1,1,1,1,1,0,0,1,0,0,0,1,0,0,0,1,0,1,1,1,1,0,1,1,0,0,0,0,1,0,1,1,1,1,1,0,1,1,1,0,0,0,0,0,0,0,0,1,0,1,1,0,1
0,1,0,1,0,1,0,1,0,0,1,1,0,1,0,1,1,1,1,1,0,1,1,1,0,0,1,1,0,1,0,0,1,1,1,1,0,1,1,1,1,1,0,1,0,0,0,0,1,1,0,0,0,1,0,1,0,0,1,0,1,0,1,0,0,1,1,1,1,1,1,0,1,0,0,0,1,1,1,0,1,0,1,1,0,1,1,0,1,1,1,0,1,1,0,1,0,1,1,1,1
1,0,0,1,1,0,1,0,0,0,1,0,1,0,0,1,1,0,0,1,1,1,0,1,0,1,0,1,0,1,0,0,1,0,1,1,0,0,1,1,1,0,1,1,1,1,1,0,0,1,0,1,0,1,1,0,0,1,1,0,1,1,0,0,1,1,1,0,1,1,1,0,0,1,1,1,0,1,0,1,0,0,0,1,1,0,1,0,1,0,1,0,1,1,0,0,1,0,1,0,1
1,0,1,1,1,1,1,1,1,1,1,1,1,1,0,1,0,1,0,0,0,0,1,1,0,0,1,0,0,0,1,1,0,1,1,0,1,0,0,0,0,0,0,0,1,1,0,0,1,1,0,0,0,0,1,0,0,0,0,1,1,1,1,1,1,1,1,0,1,0,1,1,1,0,1,0,1,1,0,1,1,1,1,0,1,1,0,0,1,0,1,0,1,0,0,1,1,0,0,0,1
0,1,0,1,0,1,1,1,1,0,1,1,0,0,0,0,0,0,0,1,1,0,0,1,0,1,0,0,0,1,1,1,0,0,0,0,1,0,1,0,1,1,0,0,1,1,0,1,0,0,0,1,1,1,1,1,1,1,1,1,1,1,0,1,0,0,1,0,0,0,1,0,1,0,1,1,1,1,0,0,1,0,0,1,1,0,1,1,1,1,0,1,0,1,1,0,0,1,0,1,0
1,1,0,1,0,1,1,1,1,1,1,0,1,0,0,1,1,0,0,0,1,1,1,0,0,0,0,1,1,1,0,0,0,1,0,0,1,1,0,1,1,1,0,0,0,1,1,0,0,0,0,0,1,1,0,1,0,0,1,1,1,0,0,0,0,1,1,1,0,1,0,1,1,1,0,0,1,0,0,1,0,1,1,1,0,0,0,0,0,0,0,1,1,0,0,1,0,0,1,1,0
0,0,0,0,1,1,1,1,1,0,1,1,1,1,0,0,0,1,1,0,1,1,0,0,0,0,1,1,0,0,1,1,0,0,0,0,0,0,1,1,1,0,0,1,1,0,0,0,0,0,1,0,0,0,0,0,0,1,0,0,1,0,0,0,1,0,0,0,0,0,1,0,0,1,0,0,0,1,1,0,0,0,0,0,0,1,1,0,1,1,1,1,1,0,0,1,1,0,0,1,0
1,1,0,1,0,1,0,0,1,0,0,1,1,1,1,1,0,1,1,1,1,0,0,0,1,1,0,0,1,1,0,0,1,0,1,1,1,1,1,1,0,0,1,1,1,1,0,1,1,0,1,0,1,1,1,0,0,0,1,0,1,0,1,1,0,1,1,0,0,0,1,1,1,0,1,0,0,0,0,0,1,1,0,0,1,0,1,0,0,0,1,1,1,0,0,0,1,0,0,0,1
0,0,1,0,0,1,1,0,0,0,1,0,0,0,0,0,0,1,0,1,0,0,1,1,0,0,0,1,0,0,0,0,0,1,0,0,1,1,1,1,0,1,0,1,0,0,0,1,1,0,0,0,1,1,0,0,1,0,1,0,1,1,1,0,0,1,0,0,1,1,0,1,0,0,0,0,1,1,1,0,0,1,1,1,0,1,0,1,1,1,1,1,1,1,0,0,0,0,0,1,0
1,1,0,1,0,0,0,0,1,1,0,1,0,1,0,1,1,0,0,0,0,1,0,1,1,0,0,0,0,0,0,0,1,0,1,1,1,1,0,1,0,1,1,0,0,1,0,1,0,1,1,0,1,1,1,0,1,0,0,1,1,1,1,1,1,0,0,1,1,1,0,1,0,0,0,1,0,1,1,1,1,1,1,0,1,0,0,0,1,0,0,1,1,1,0,0,1,0,1,1,0
1,1,0,0,1,0,0,1,0,0,1,1,1,1,1,0,0,0,0,0,1,0,0,1,0,0,1,0,0,0,0,1,1,1,0,1,1,1,0,1,1,1,1,0,0,0,0,0,0,0,0,0,0,1,0,0,1,1,1,1,1,1,0,0,0,0,0,0,1,1,1,1,0,1,0,0,0,1,1,1,1,1,0,0,0,0,0,1,1,0,0,0,1,1,1,0,0,0,0,0,1
1,1,1,0,0,1,0,1,1,0,1,0,1,0,0,1,1,0,0,1,0,1,1,0,1,1,1,0,1,1,1,1,1,0,0,0,1,0,0,0,1,1,1,1,1,1,1,0,1,1,1,0,1,1,0,1,0,0,0,1,0,1,0,0,1,1,0,0,1,0,1,0,0,0,1,0,0,0,0,0,0,1,1,0,0,1,1,0,0,0,0,1,0,1,1,1,1,0,1,1,1
0,1,1,0,0,1,1,0,1,1,1,0,0,1,1,1,0,1,1,1,1,1,0,1,1,0,1,1,1,1,0,0,0,0,0,0,1,1,0,1,0,0,0,1,0,1,0,1,1,0,1,0,0,1,0,1,0,0,1,1,1,0,0,0,0,0,1,0,1,0,1,1,0,1,1,0,0,0,0,1,0,0,0,0,0,1,1,0,0,1,1,1,1,0,1,1,0,0,1,1,0
1,0,1,0,0,1,0,1,1,1,0,1,0,0,1,0,0,1,1,1,1,1,0,0,1,1,0,0,0,1,1,1,1,0,0,0,0,1,1,0,0,0,1,1,1,1,1,0,0,1,0,0,0,0,1,0,1,0,0,1,1,1,1,0,0,1,1,0,1,0,0,1,1,0,0,0,1,0,0,1,0,0,1,0,0,1,0,0,0,1,0,1,1,0,0,1,0,0,1,0,1
0,1,0,1,1,1,0,1,0,0,1,1,1,0,1,0,0,0,1,1,1,0,0,1,0,1,1,0,0,0,0,1,0,1,1,0,0,0,0,1,1,1,1,1,1,0,0,0,0,0,0,0,0,0,0,0,0,1,1,1,1,0,1,0,0,0,0,1,1,1,0,0,0,0,0,0,1,1,0,1,1,0,0,0,1,0,1,1,1,0,1,0,1,0,1,1,1,1,1,1,0
0,1,0,0,1,1,0,1,1,1,0,1,0,0,1,0,0,0,1,0,1,1,1,0,0,1,1,1,0,1,1,0,1,1,1,1,1,1,0,0,1,1,0,1,0,0,0,1,1,0,0,1,1,0,1,1,1,0,0,0,1,0,0,0,0,1,1,1,1,1,1,0,0,0,1,0,0,1,0,1,0,1,1,1,1,0,0,1,0,0,1,1,0,1,0,1,1,1,0,0,1
1,1,0,1,0,0,0,1,1,1,0,0,1,0,0,1,1,1,0,1,1,1,1,0,1,1,0,0,0,1,1,0,0,1,0,0,0,0,0,0,1,1,0,1,0,0,1,0,0,0,1,0,0,1,1,0,1,0,1,1,1,1,1,0,0,0,0,0,0,1,0,1,0,1,0,0,1,0,0,1,1,0,0,0,0,1,1,0,1,1,0,1,1,1,0,0,0,1,1,0,1
1,0,0,0,0,1,1,0,1,0,0,0,1,1,0,1,0,1,0,1,1,1,0,0,1,0,0,0,1,0,1,0,0,0,0,1,0,0,0,0,0,0,0,1,0,1,1,0,0,1,0,0,1,0,0,0,0,0,0,1,1,0,1,1,1,1,1,0,1,1,0,1,0,1,0,0,0,0,1,0,0,1,1,1,1,1,0,1,1,1,1,0,0,1,1,0,0,0,1,0,1
0,0,1,0,1,1,0,1,0,1,0,0,0,0,1,0,1,0,1,1,1,0,1,1,0,1,1,1,0,0,0,0,0,0,0,0,0,0,0,0,1,1,0,1,1,0,0,1,0,0,1,1,0,1,0,1,1,0,0,0,0,0,1,1,0,0,0,0,0,0,1,0,0,0,0,0,1,1,1,1,1,0,0,1,0,0,0,0,0,1,1,1,1,0,0,0,0,0,0,1,0
1,0,0,0,1,1,0,0,1,1,0,1,0,0,1,0,1,1,1,1,0,1,1,1,0,1,1,0,1,1,0,1,0,1,0,1,1,0,0,0,0,0,0,1,0,1,1,0,1,1,0,0,1,0,1,1,0,0,1,0,1,1,1,0,1,0,1,1,0,1,0,0,1,0,1,1,1,1,1,0,1,0,1,1,1,0,1,1,0,0,1,0,0,0,0,1,1,1,0,1,1
0,0,0,0,1,1,1,0,0,0,0,1,1,0,1,0,0,1,0,0,0,0,0,1,0,0,1,1,0,0,1,0,0,0,1,0,1,1,0,0,1,0,0,1,1,1,1,1,0,1,1,1,1,1,1,1,1,0,1,0,1,1,1,1,0,1,0,1,1,1,1,1,0,1,0,0,0,0,1,1,1,0,1,0,0,0,0,0,0,1,0,0,0,1,1,0,1,1,1,0,0
1,1,1,0,1,1,0,1,0,0,0,0,1,0,1,1,1,0,1,0,0,0,0,1,1,1,0,1,1,1,0,0,0,1,0,0,1,1,1,0,0,1,0,0,0,0,0,0,0,1,1,1,1,0,1,0,0,0,1,0,0,1,1,0,1,1,1,1,0,0,0,1,0,1,1,0,0,1,0,0,1,1,0,0,1,0,0,0,1,0,0,0,1,1,0,1,0,1,1,1,1
0,0,0,1,1,1,1,1,0,0,1,0,0,1,0,1,0,1,1,0,0,0,0,1,0,0,0,1,1,0,1,1,1,1,0,1,0,1,1,1,0,1,0,1,1,1,0,1,0,1,0,0,1,1,0,1,0,1,0,0,0,0,1,1,0,0,0,0,0,0,1,1,1,1,0,0,0,0,1,1,1,0,0,0,0,0,0,1,1,0,0,1,0,0,0,0,0,1,0,1,0
1,0,0,0,1,1,0,1,1,0,0,0,0,0,0,1,1,1,1,0,0,1,1,1,0,0,0,0,1,0,0,0,1,0,1,1,0,1,1,1,1,1,0,1,1,1,0,0,1,0,0,1,1,1,0,0,0,1,0,0,1,1,1,1,1,1,0,0,1,1,0,1,0,1,1,0,1,0,1,1,1,1,1,1,1,0,1,0,1,0,1,1,0,0,0,1,1,1,0,0,1
1,1,1,0,1,0,0,1,0,0,0,0,0,0,0,1,0,1,0,1,1,1,0,1,1,0,0,1,0,0,1,0,1,1,0,1,1,0,0,0,0,0,0,0,0,1,0,0,0,0,1,0,0,0,0,0,1,0,0,0,1,0,1,0,1,1,0,0,1,1,0,0,1,0,0,1,1,1,0,1,1,1,0,0,0,1,1,0,1,1,1,0,0,0,0,0,1,0,0,0,1
0,0,1,0,0,1,0,0,0,1,1,1,0,0,1,0,1,0,0,0,1,1,0,0,1,1,0,0,0,0,0,0,0,0,0,0,0,0,0,0,1,0,1,1,0,0,0,1,0,0,1,1,1,1,0,0,1,0,1,0,1,1,1,1,1,0,0,0,1,1,1,1,1,1,1,1,0,1,1,0,0,1,1,0,0,1,1,0,0,0,1,0,1,1,0,0,0,1,0,1,0
0,0,1,1,1,1,0,0,1,1,1,0,0,0,0,1,1,0,0,1,0,0,1,1,0,1,0,0,0,0,0,0,1,0,1,0,1,1,0,1,0,1,0,1,0,0,0,1,1,1,1,1,1,0,0,1,0,1,1,0,0,0,0,1,1,0,1,0,0,1,0,0,1,0,1,0,1,1,0,1,1,0,0,0,1,1,0,0,1,1,0,1,1,1,1,1,1,0,0,0,0
1,1,0,0,1,0,1,1,1,0,1,0,1,1,1,0,0,0,0,0,1,0,1,0,0,1,0,1,0,0,0,1,0,1,0,0,0,1,1,0,0,0,0,1,0,1,0,1,1,1,0,0,0,0,0,1,0,0,0,1,0,0,0,1,1,0,1,1,1,1,0,0,1,0,1,1,1,0,0,0,0,1,0,1,1,0,0,0,1,1,1,0,1,1,1,1,0,1,1,0,1
1,0,1,1,0,0,1,0,1,0,1,0,0,0,0,0,1,0,1,1,1,1,0,0,1,0,1,1,1,1,0,0,0,1,1,0,0,1,0,0,1,1,1,0,1,1,1,1,0,0,0,0,0,0,1,0,0,0,0,1,0,1,0,0,1,0,0,0,0,0,0,1,1,0,0,0,1,1,0,0,0,0,0,1,1,1,1,0,0,1,0,0,1,1,1,0,0,1,1,0,0
0,1,0,0,0,0,1,1,1,0,1,0,1,0,1,1,1,0,0,0,0,0,0,1,1,0,0,0,1,0,0,0,0,0,0,1,1,1,1,0,1,1,1,0,1,0,1,1,0,0,0,1,0,1,1,0,1,0,0,1,0,0,1,1,1,0,0,1,0,1,1,0,0,0,1,0,1,0,0,1,0,0,0,0,1,0,1,0,0,1,1,1,1,0,0,1,0,0,1,0,0
1,1,0,0,0,0,1,0,1,0,0,0,1,0,0,1,1,1,0,1,1,1,0,0,0,1,1,0,0,1,0,1,0,1,0,1,0,0,0,1,0,0,1,1,1,1,1,0,0,1,1,1,1,0,0,1,1,1,0,0,0,1,0,0,0,0,0,0,1,1,0,0,1,1,0,0,0,0,0,0,0,0,0,0,1,1,0,0,0,1,0,1,0,1,0,1,1,1,1,0,1
0,1,0,1,0,0,1,1,0,0,1,1,0,0,0,1,1,1,1,0,1,0,0,0,1,1,0,0,1,0,0,1,0,1,1,0,1,1,1,1,1,0,1,1,0,1,1,1,1,0,0,1,0,1,1,0,1,1,1,0,0,0,0,1,1,0,0,0,1,1,0,0,0,0,1,1,0,1,0,1,0,0,0,0,1,0,0,1,0,1,1,1,1,1,1,1,0,0,0,0,1
0,1,0,0,1,0,0,0,1,1,0,1,0,1,1,0,0,1,1,0,0,1,1,1,0,0,0,1,0,1,0,1,1,1,1,1,1,0,1,0,0,0,1,0,0,0,1,1,0,0,1,0,0,1,1,1,0,0,0,0,1,1,0,1,0,0,1,1,0,1,0,1,0,0,1,1,0,1,1,0,1,0,1,0,1,1,0,0,0,0,0,1,0,0,0,0,1,1,0,0,1
1,1,1,0,1,1,0,0,1,1,1,0,0,1,1,1,0,0,0,1,1,1,1,0,0,0,1,1,0,0,1,1,1,1,0,1,1,0,1,1,1,0,0,1,0,1,1,0,1,1,1,1,1,0,0,1,1,0,1,1,0,1,1,0,1,1,0,0,0,1,1,1,0,1,0,1,1,1,0,0,1,0,0,1,1,1,0,0,0,0,0,0,0,1,0,0,0,0,0,0,1
1,0,1,1,0,1,1,1,1,1,0,1,0,0,1,0,1,1,1,0,1,0,0,0,0,1,0,0,0,1,0,1,1,0,1,0,1,0,0,1,1,0,1,1,0,1,1,0,0,1,0,0,1,0,0,1,1,1,1,1,1,1,1,0,1,0,0,1,0,1,0,1,0,1,1,0,1,1,1,0,1,1,1,0,1,1,1,1,0,1,0,1,1,0,1,0,1,0,1,1,0
1,0,0,0,1,0,0,1,1,1,0,1,0,0,0,1,1,1,0,1,0,0,0,0,1,0,1,1,1,1,0,1,1,1,1,0,1,1,1,0,0,1,0,1,1,1,0,0,1,0,1,1,0,0,0,0,0,0,0,0,1,1,0,1,0,1,0,0,0,0,1,1,1,1,1,0,0,0,1,1,0,0,0,1,1,0,0,1,1,1,1,1,0,0,0,0,1,0,0,0,1
0,0,1,0,1,0,0,1,1,1,1,1,1,1,1,0,1,0,0,0,0,0,1,0,1,1,0,1,0,1,1,0,1,0,0,0,1,1,1,0,1,0,1,1,1,0,1,0,1,0,0,0,0,1,1,0,1,0,0,1,0,0,0,0,1,1,0,1,1,0,0,1,1,1,1,0,1,1,0,1,0,0,0,0,1,0,1,1,1,0,0,1,0,0,0,0,0,1,0,1,1
1,0,0,0,0,1,1,1,1,1,0,1,0,0,0,0,0,1,0,0,0,0,0,0,0,1,0,1,1,0,1,0,1,0,1,0,0,1,0,0,1,1,1,1,0,1,1,1,0,1,1,1,1,0,0,0,1,1,0,0,0,0,1,0,0,1,1,1,1,1,0,0,0,0,0,1,1,1,0,1,1,0,0,1,0,0,1,0,0,0,1,0,1,1,0,1,1,0,1,0,1
1,0,0,1,0,1,1,1,0,0,1,1,1,1,0,1,1,1,0,0,0,1,0,0,1,1,0,1,1,1,0,0,1,0,1,1,1,1,1,0,1,1,0,0,0,0,0,1,0,1,1,1,1,1,0,1,1,1,1,1,1,0,1,1,1,1,0,0,1,1,0,0,0,0,0,1,0,1,0,0,0,0,1,0,1,1,1,1,1,0,0,0,1,0,1,0,0,1,1,1,1
1,0,0,1,1,0,1,1,0,1,0,0,1,0,0,0,0,1,0,0,0,0,1,1,1,1,0,1,1,0,0,1,0,1,1,0,0,0,1,1,0,0,1,0,0,0,1,0,1,0,1,1,0,1,0,0,1,0,0,1,1,1,0,0,0,0,1,1,1,0,1,1,0,0,1,1,1,1,1,1,1,0,1,0,0,0,0,0,1,1,1,1,0,0,1,1,1,0,0,1,1
0,0,1,0,1,0,0,0,1,0,0,0,0,0,0,1,0,1,0,1,1,0,1,1,1,1,1,0,0,1,0,0,1,1,1,1,1,0,0,0,1,1,1,1,1,1,0,1,0,1,0,0,1,1,0,0,0,1,1,1,0,1,0,0,0,0,1,0,1,0,1,0,0,0,0,1,0,0,1,0,1,1,0,0,1,0,0,1,1,1,1,1,1,0,0,0,0,0,0,1,1
0,1,0,0,1,1,1,0,0,1,1,0,0,0,1,0,0,0,1,1,1,1,1,0,1,1,1,0,0,1,0,1,0,0,1,1,1,1,0,0,1,0,0,1,1,0,0,0,0,0,1,1,1,1,0,0,0,1,0,1,1,1,0,1,1,0,0,0,0,1,1,0,0,1,0,1,1,0,1,1,1,1,0,1,1,0,1,1,0,0,1,0,0,0,1,0,0,0,0,1,0
0,1,0,0,1,0,1,0,0,1,1,0,1,1,1,0,1,0,1,0,1,1,1,0,0,0,1,1,1,1,1,1,0,1,1,0,0,0,0,1,1,1,1,1,0,0,1,1,0,1,0,0,1,0,0,1,1,0,1,1,0,1,1,0,1,1,1,0,0,0,0,0,0,0,0,0,1,0,1,1,0,0,1,0,0,1,1,0,1,1,1,1,0,0,0,0,0,0,1,0,0
1,1,1,1,1,1,0,1,1,1,0,0,1,0,1,0,0,1,0,1,1,0,0,0,0,1,0,1,1,0,1,0,0,1,0,0,1,0,1,0,1,1,0,0,1,0,0,0,0,1,0,1,1,0,0,0,0,0,1,0,0,0,0,1,1,1,0,1,1,0,1,1,0,1,0,1,0,1,1,1,1,0,0,0,1,0,1,1,0,0,0,0,1,0,0,0,1,0,1,1,1
1,1,0,1,0,1,1,1,1,0,1,0,0,0,1,1,0,0,1,0,1,1,0,0,0,1,1,1,1,0,0,0,1,1,0,1,1,1,0,1,0,1,0,0,0,1,0,1,0,0,0,1,1,1,0,0,1,0,1,1,1,1,0,0,1,1,1,1,1,1,1,0,1,0,0,0,0,1,1,0,0,0,0,1,1,0,0,0,0,0,1,0,1,1,0,0,0,1,1,1,0
0,1,1,1,0,0,0,0,1,1,0,0,1,0,0,1,0,1,1,1,0,0,1,1,0,0,1,1,0,0,1,1,1,1,1,1,0,1,1,1,1,0,0,0,1,0,1,1,1,1,0,0,0,1,1,1,0,1,0,0,0,0,0,1,1,1,1,0,0,1,1,1,1,1,1,1,1,1,1,0,0,1,0,0,1,0,0,0,1,1,1,1,1,0,0,1,1,0,1,1,1
0,0,0,1,1,1,1,0,0,0,0,0,0,0,0,0,1,0,0,0,0,1,0,0,0,1,1,0,0,1,1,1,1,0,0,1,0,1,1,0,0,1,1,0,0,0,0,0,1,0,0,0,0,0,0,1,1,1,0,0,0,0,1,0,0,1,1,1,1,0,0,1,0,1,0,1,0,1,0,0,0,1,0,1,0,1,0,1,0,0,0,1,0,0,1,0,0,0,1,0,1
1,0,1,0,1,1,0,1,0,0,0,0,1,0,0,1,0,1,0,1,1,1,1,0,1,0,0,1,0,1,1,1,1,1,0,1,0,0,1,1,1,1,0,1,0,0,1,1,0,1,0,1,0,1,1,0,1,0,0,0,0,0,1,0,1,1,0,0,0,0,1,1,1,1,1,0,0,1,0,1,0,1,1,0,0,0,0,1,1,0,1,0,0,1,1,0,1,1,1,0,1
0,1,0,1,0,1,1,0,1,0,1,0,1,0,1,0,0,1,1,0,1,1,1,0,0,0,0,0,0,0,1,1,1,0,0,1,1,0,0,1,0,1,0,1,1,0,1,1,1,1,0,0,0,1,1,0,0,0,1,0,0,0,0,0,0,0,0,1,1,1,1,0,0,0,1,0,0,1,0,1,0,1,0,0,1,0,1,1,0,0,1,0,0,0,1,1,0,1,1,1,0
1,0,0,0,1,0,0,0,0,1,1,0,0,1,1,1,0,1,0,1,1,1,0,1,0,1,1,1,0,0,1,1,1,1,1,0,1,1,0,0,0,0,0,0,0,1,1,0,0,1,0,1,0,1,0,0,1,0,0,0,1,0,1,0,0,0,1,0,1,0,1,1,1,1,1,1,1,0,0,0,0,0,0,0,0,0,0,0,1,0,1,1,1,0,0,0,0,0,0,0,1
1,1,1,0,0,0,0,0,1,0,0,0,0,1,0,0,1,1,0,0,0,1,0,1,0,0,1,0,1,0,0,0,1,1,0,1,1,1,0,0,1,0,0,1,1,0,0,1,1,0,1,0,1,0,0,0,1,1,0,1,0,0,0,0,0,1,0,0,1,1,0,1,0,0,0,1,1,1,0,1,0,0,1,1,1,1,1,1,0,1,1,0,0,0,0,1,0,0,0,1,1
0,1,1,1,1,1,1,1,1,1,0,0,0,0,1,0,1,0,0,1,1,0,1,0,0,1,1,0,1,1,1,1,0,0,1,1,1,0,0,1,1,0,0,0,1,1,1,1,1,1,0,1,0,0,1,0,0,1,0,1,0,1,1,1,1,0,0,1,1,1,1,0,1,0,1,1,1,0,1,1,0,1,1,1,0,0,1,0,1,0,0,0,0,0,1,0,1,1,1,1,1
0,1,0,1,1,1,0,0,0,1,0,0,1,0,0,0,0,0,0,1,1,1,1,0,0,0,1,1,0,1,1,1,0,1,1,1,1,1,0,1,0,1,1,1,1,1,0,1,0,0,0,0,0,0,0,1,1,1,0,1,0,0,1,1,0,1,0,0,1,0,1,1,0,1,1,0,0,0,0,0,1,0,0,1,1,0,0,0,0,0,0,1,1,1,0,1,1,1,0,1,0
1,0,0,1,1,0,1,0,0,0,1,0,0,0,1,1,1,0,0,1,1,0,0,1,1,0,0,0,1,1,0,0,1,0,1,1,0,0,1,1,0,0,1,1,0,1,0,0,1,1,0,1,0,1,0,0,1,0,0,0,1,0,1,1,1,0,1,0,0,1,0,1,1,0,0,0,1,1,0,0,1,0,1,0,1,0,1,0,1,1,0,0,1,0,0,1,0,0,0,0,0
1,0,1,0,1,0,1,0,0,1,0,0,0,0,0,1,1,1,0,0,1,0,0,0,0,1,0,0,0,0,0,0,1,1,0,0,0,0,1,1,0,1,0,1,0,0,1,0,0,1,0,1,1,0,0,1,1,0,0,0,0,0,1,1,1,1,1,1,0,0,1,1,1,0,1,0,1,1,0,0,1,0,1,1,0,0,0,0,0,1,1,0,0,0,0,1,1,1,0,1,1
1,1,1,1,0,1,1,0,0,0,0,0,1,0,1,1,0,1,1,1,0,0,0,1,1,1,1,1,0,0,0,0,0,1,0,1,1,1,0,0,1,1,1,0,1,1,1,1,1,1,1,1,0,0,1,0,1,1,0,1,0,1,1,0,1,0,0,1,0,1,0,0,0,0,1,1,1,0,1,1,0,0,1,1,0,1,1,1,0,1,0,1,1,1,1,1,0,1,0,0,1
1,0,1,0,0,0,0,0,1,1,0,0,0,0,1,0,1,1,0,1,0,0,1,1,0,0,0,1,1,0,0,1,1,0,0,0,0,1,0,0,0,1,0,1,1,0,0,1,0,0,0,0,1,0,1,1,1,1,0,1,1,1,0,1,0,1,1,0,1,0,1,0,1,0,0,0,1,1,0,0,0,0,0,1,1,1,0,1,1,1,1,1,1,1,1,0,1,1,0,0,0
1,1,0,0,1,0,1,0,0,1,0,0,1,0,1,1,0,1,0,1,1,0,1,0,0,1,1,0,1,0,1,1,1,0,0,1,0,1,0,1,1,1,1,0,0,1,0,1,0,0,1,1,0,1,1,0,1,1,1,0,1,0,1,0,1,1,1,1,1,0,1,1,1,0,0,0,1,1,0,0,1,0,0,1,0,0,1,1,0,1,0,0,1,0,1,0,0,0,0,0,1
0,0,0,1,0,0,1,1,0,0,0,0,0,0,1,0,0,0,0,0,1,1,1,1,1,0,1,1,1,1,1,1,0,0,0,1,0,0,0,1,0,0,1,1,0,1,1,0,0,0,1,0,0,1,0,0,1,1,0,0,1,1,0,1,0,0,0,0,1,0,1,0,1,1,1,0,0,0,1,0,1,1,0,0,1,1,1,1,0,1,1,1,0,0,0,1,1,0,1,0,0
0,0,1,1,0,1,1,0,1,0,0,0,0,0,0,0,1,0,1,0,1,0,1,1,0,1,0,1,0,1,0,0,1,1,1,1,1,1,1,1,0,1,0,1,1,0,1,0,0,1,1,0,1,1,1,1,0,0,1,0,1,1,1,0,0,0,0,0,0,0,0,1,1,1,1,0,1,1,0,0,1,0,1,0,0,1,0,1,1,0,0,0,0,1,1,1,0,1,0,0,0
0,0,0,0,0,0,0,0,1,0,1,0,0,0,0,0,1,1,0,0,0,0,1,1,0,1,1,1,0,1,0,1,0,1,1,0,0,1,0,0,1,0,1,1,1,0,0,1,0,0,0,1,1,0,0,0,0,1,1,0,1,0,1,0,1,1,1,1,0,1,1,0,1,0,0,0,0,0,0,1,0,1,0,1,0,0,0,1,1,1,0,0,0,0,0,1,1,0,1,1,1
1,0,0,0,1,0,1,1,1,0,1,0,1,1,1,1,1,0,1,1,0,0,0,1,0,0,1,1,0,0,0,0,1,1,0,1,1,1,1,1,1,1,1,1,0,1,0,0,1,1,0,0,0,1,1,1,0,0,1,1,0,0,0,1,1,0,1,1,0,1,0,1,1,0,0,1,0,1,1,1,0,0,0,0,0,0,0,1,1,0,1,0,1,0,1,1,0,0,0,0,0
0,1,1,0,0,0,0,1,0,1,1,0,1,0,1,0,1,0,0,1,0,1,1,1,0,1,0,1,1,0,0,1,1,1,1,0,0,0,1,1,0,1,1,0,1,0,0,1,1,0,0,0,1,0,1,1,1,1,0,1,1,0,0,0,1,0,0,1,0,1,0,1,0,1,1,0,0,0,0,0,0,0,0,1,0,1,1,1,0,1,1,0,1,0,1,1,1,1,0,1,1
0,1,1,0,0,0,0,0,0,0,1,0,0,0,1,1,0,0,1,0,1,1,0,1,1,0,1,0,1,1,1,0,0,1,1,1,1,1,0,1,1,0,1,0,1,1,0,0,0,1,0,1,1,0,1,0,0,0,0,0,1,1,0,0,1,0,0,0,1,0,0,1,0,1,1,0,0,0,1,1,1,0,0,0,0,1,0,0,1,0,1,1,0,1,0,0,1,1,0,1,0
0,1,0,1,1,0,1,0,1,1,0,0,1,1,1,1,1,1,1,0,1,1,0,0,0,0,1,0,0,0,0,0,0,1,0,1,1,0,0,1,0,1,0,1,1,1,0,1,1,0,1,0,1,0,1,1,1,1,0,1,0,0,0,0,1,1,0,0,0,0,0,1,1,1,1,1,1,1,1,1,1,0,1,1,1,0,0,0,1,0,1,1,1,1,1,0,0,1,1,0,0
1,1,0,1,0,1,1,1,0,0,1,1,0,0,0,1,0,0,0,1,0,0,1,0,0,1,0,0,0,0,0,1,0,1,1,0,1,0,1,0,0,1,1,1,1,1,1,1,0,0,0,0,1,1,1,1,1,1,1,1,1,0,1,1,1,1,0,0,0,1,1,1,0,0,1,1,0,0,1,0,0,0,1,0,0,0,0,1,0,1,0,0,0,0,0,0,0,0,0,1,1
0,0,1,1,1,0,1,1,0,0,0,0,0,0,1,0,0,0,0,1,1,1,0,1,1,1,1,1,0,0,1,1,0,0,1,1,1,1,0,1,1,1,1,0,0,0,1,0,0,1,1,1,1,1,0,0,0,1,1,1,0,1,0,1,0,1,1,0,1,1,1,0,1,0,1,1,0,0,1,1,1,0,1,1,0,1,0,0,0,1,0,0,0,0,0,0,0,1,1,1,1
1,0,0,1,0,0,1,0,1,0,1,1,0,1,1,1,0,0,1,1,1,0,0,0,0,1,0,1,1,0,0,0,1,0,0,0,1,0,0,1,1,1,0,0,1,0,0,1,1,0,0,1,1,1,0,0,0,0,1,1,0,0,0,0,0,1,0,1,1,1,0,0,1,0,0,0,1,1,1,1,1,1,0,1,0,0,1,1,1,0,1,1,1,0,0,0,0,0,0,1,0
0,0,1,1,0,0,1,0,0,1,1,0,1,1,0,1,0,0,1,1,1,0,0,1,0,0,0,1,0,0,0,1,0,0,0,1,0,1,0,1,1,0,1,0,0,1,1,0,0,0,1,0,1,0,0,0,1,1,0,1,0,0,0,1,1,1,1,0,0,1,1,1,1,1,0,0,1,0,0,1,0,1,0,0,1,1,1,1,0,1,0,0,0,1,0,1,0,1,1,1,0
0,0,1,0,0,0,1,1,0,0,0,0,1,1,1,0,0,0,0,0,0,1,1,0,0,1,0,0,1,1,1,1,0,1,0,0,1,1,0,0,1,1,1,1,0,1,0,0,1,1,1,0,1,1,0,1,1,1,1,0,1,1,1,0,0,1,1,0,1,0,1,0,0,0,0,1,1,0,0,0,1,1,0,1,1,1,0,1,1,1,0,0,1,0,0,1,0,1,0,1,1
0,0,0,0,0,1,0,0,0,1,1,1,0,0,1,1,1,1,0,0,0,1,0,1,1,0,0,0,1,1,0,1,1,1,0,1,1,1,0,0,0,1,0,0,1,1,1,0,1,0,0,0,1,1,1,1,1,0,0,1,0,0,0,0,0,0,0,0,1,1,0,1,1,1,0,0,1,1,0,0,0,0,0,1,1,0,0,1,0,0,0,0,0,0,1,1,0,0,1,0,0
0,1,0,0,1,0,0,1,0,0,0,1,1,1,0,0,1,1,1,1,1,0,1,1,1,1,0,1,1,0,1,1,1,1,0,1,1,1,1,0,1,1,0,0,0,0,0,0,0,0,1,1,1,1,1,0,1,1,1,0,1,1,1,1,0,1,0,1,1,0,1,1,1,1,0,1,0,1,0,0,1,0,1,1,0,0,1,0,1,1,0,0,0,0,0,1,0,0,0,0,1
0,1,1,1,1,1,0,0,0,1,0,1,1,0,0,0,1,0,0,1,1,0,0,1,1,1,1,1,1,0,1,0,0,1,0,1,0,1,0,1,1,0,0,0,1,0,0,1,1,0,1,1,1,0,0,1,1,1,0,1,1,1,1,0,1,1,0,0,0,1,1,0,0,0,0,1,1,1,1,1,1,1,1,1,1,0,1,1,1,0,0,0,0,1,1,1,0,0,0,1,1
1,1,1,1,0,1,1,1,0,0,0,1,1,1,0,0,0,1,0,0,0,1,0,0,1,1,1,1,1,0,0,0,1,1,0,0,0,0,1,0,0,1,0,0,1,1,1,1,0,1,1,1,1,1,1,1,1,0,0,1,1,0,0,1,0,1,0,1,0,1,1,0,0,0,0,0,0,1,0,1,0,0,1,0,0,0,0,1,1,1,1,1,1,0,0,1,0,0,1,0,1
0,1,0,1,0,1,1,0,0,1,1,1,0,1,0,0,1,0,0,1,1,1,0,0,0,1,0,0,0,0,1,0,1,0,1,0,0,1,1,1,0,1,0,0,0,1,0,1,0,1,0,0,0,1,1,0,0,1,0,0,0,0,0,0,0,1,1,0,1,0,0,1,0,0,0,0,0,1,0,1,1,0,0,1,1,0,0,0,0,0,1,1,0,0,0,1,0,1,0,1,1
1,0,1,0,0,1,1,1,0,0,0,1,1,0,1,1,0,0,0,0,0,0,1,0,0,0,1,1,1,1,1,1,1,0,0,1,1,1,0,1,0,1,0,0,0,0,0,1,0,1,1,0,0,0,1,1,0,0,1,0,0,1,0,0,1,0,1,0,1,0,0,1,1,1,0,1,1,1,0,0,0,1,1,1,1,0,1,1,0,0,1,1,1,0,1,0,0,0,1,1,1
0,0,0,1,0,0,0,0,1,1,0,0,0,0,1,1,1,0,1,1,0,1,0,1,1,1,0,1,0,1,1,0,0,1,0,1,0,1,0,1,0,1,1,1,0,1,0,0,1,0,0,0,1,1,1,0,0,1,1,0,0,1,1,1,1,1,0,0,0,0,0,0,0,1,1,0,0,0,0,1,1,1,0,0,1,0,0,1,0,1,0,1,0,0,0,0,1,1,1,1,0
1,0,0,0,0,1,0,1,0,1,1,0,0,0,0,0,0,1,1,0,0,0,1,0,1,0,1,0,1,0,1,1,0,1,1,1,0,1,1,1,1,0,0,1,0,1,0,0,1,1,0,0,0,0,0,0,1,0,0,0,0,1,1,1,1,0,1,0,1,1,1,1,0,0,0,1,0,0,0,1,0,0,1,0,1,0,0,1,1,0,0,1,0,1,0,1,1,1,0,1,1
1,0,0,1,0,1,0,0,0,1,0,0,0,0,0,0,0,0,0,0,1,1,0,1,1,1,1,0,0,1,1,1,0,0,0,1,1,0,1,1,1,0,0,1,1,0,1,1,1,1,1,0,0,0,0,0,1,0,0,0,0,1,0,0,0,1,1,1,0,0,1,1,0,1,0,0,0,1,1,1,1,0,1,0,1,1,0,1,1,1,0,0,0,1,0,0,0,1,0,0,1
0,0,1,1,0,0,0,1,1,0,1,1,0,1,1,0,0,1,1,0,0,1,0,0,0,1,1,0,0,1,1,0,1,0,0,1,1,0,0,1,0,1,1,1,0,1,0,1,1,0,0,0,1,0,1,0,1,1,0,0,0,1,1,1,0,0,0,1,1,1,0,1,0,1,0,1,0,0,0,1,0,1,0,0,1,1,0,0,0,0,0,1,1,1,1,1,0,1,1,0,0
0,0,1,0,1,0,1,1,1,0,0,0,0,1,1,0,0,1,1,0,0,0,1,1,1,0,0,1,1,1,1,1,1,0,0,0,1,0,1,0,1,1,0,0,1,0,0,1,1,0,1,0,1,0,1,1,1,1,1,0,0,0,0,0,1,0,0,1,0,1,0,1,1,1,0,0,1,0,0,0,0,1,0,0,1,0,0,1,0,1,0,0,1,1,1,1,1,1,0,0,1
1,1,0,1,0,1,0,0,1,1,0,0,0,0,0,0,1,1,0,1,1,0,1,1,1,1,0,0,1,1,0,0,1,0,1,0,1,1,0,0,0,0,1,1,1,1,1,1,1,0,1,1,0,1,1,1,0,1,1,1,0,0,1,0,0,1,0,0,0,0,1,0,0,1,1,0,0,1,1,1,1,0,1,0,0,1,0,0,0,1,1,0,0,0,1,0,1,1,1,0,1
0,0,1,0,0,1,0,1,1,1,1,0,0,0,0,0,0,0,1,1,0,1,0,1,0,1,0,0,0,0,1,1,0,1,0,0,0,0,1,1,1,0,0,0,1,1,1,0,0,1,0,1,0,0,0,0,1,0,1,0,0,0,0,0,0,1,0,1,0,1,0,1,0,1,1,0,1,0,1,0,1,0,1,0,0,1,0,0,0,1,1,0,1,1,1,1,1,1,0,1,1
0,1,0,0,1,1,0,0,0,1,0,1,1,1,1,1,0,1,0,0,0,1,0,1,1,0,0,0,0,0,0,0,1,0,0,1,1,0,1,1,0,1,1,0,0,0,1,1,0,1,1,0,0,1,1,0,1,1,0,0,1,1,1,1,1,1,1,1,1,1,0,0,1,0,0,0,1,0,0,1,0,0,1,0,0,1,1,0,1,1,1,0,1,1,0,0,0,0,0,1,1
1,1,0,1,0,0,0,1,1,0,1,0,1,1,0,1,1,1,1,0,0,0,0,0,1,1,1,1,0,0,0,0,1,0,0,0,1,1,0,1,1,0,1,1,0,1,0,0,1,0,1,1,1,1,1,0,1,1,1,1,1,1,1,0,0,1,1,0,0,1,0,1,1,0,1,1,1,0,1,1,1,0,0,1,1,1,1,1,1,0,0,1,0,1,0,1,0,1,0,0,0
1,1,1,1,1,0,0,1,0,0,0,0,0,0,1,0,1,0,0,0,0,0,0,0,0,0,0,0,1,0,1,0,0,1,1,0,0,0,1,0,1,0,0,0,0,1,1,0,0,1,1,1,0,0,1,1,1,0,0,0,1,1,0,0,1,1,1,1,1,0,0,1,0,0,1,1,0,0,0,0,1,1,0,0,1,1,0,0,1,0,1,0,1,1,0,0,1,0,1,1,1
1,0,0,0,0,1,1,1,0,0,0,0,0,0,0,0,1,0,0,1,1,0,0,0,1,1,0,0,0,0,1,1,0,0,0,1,1,1,1,0,1,0,1,0,1,1,0,0,1,0,1,0,1,0,1,1,1,0,0,0,0,1,1,1,0,1,0,0,1,0,1,1,1,1,1,1,0,0,0,0,0,0,1,1,1,1,0,1,0,0,0,1,1,0,1,0,0,0,1,0,1
0,0,1,0,1,1,1,1,0,1,0,0,1,0,0,0,0,0,1,1,1,1,1,0,0,0,1,0,1,0,0,0,1,0,1,0,1,0,1,1,1,0,1,0,0,1,0,0,0,0,0,0,1,1,1,1,1,0,0,1,0,1,1,0,1,0,1,1,1,1,0,0,1,1,1,0,0,0,1,0,1,1,0,0,0,0,1,0,0,1,1,0,1,1,1,0,1,1,1,1,1
1,1,0,0,0,0,1,0,1,1,1,1,0,0,1,1,0,0,0,1,1,1,0,1,0,0,1,1,0,0,1,1,1,1,0,0,0,1,1,0,1,1,1,0,1,1,0,0,0,1,0,0,0,1,0,1,1,1,1,0,1,0,0,1,1,1,0,1,0,0,1,0,0,0,1,1,1,0,1,0,0,0,1,0,1,0,0,0,0,1,1,0,1,0,1,0,1,0,1,1,0
1,0,0,1,1,0,1,1,0,0,0,1,0,1,1,1,1,0,0,0,0,0,0,1,1,1,1,0,0,1,1,1,1,1,0,0,1,0,0,0,0,0,1,1,0,0,0,0,1,0,1,1,0,0,1,1,1,0,1,0,1,0,0,0,1,0,0,1,1,0,1,0,0,0,1,0,1,0,1,0,1,0,1,1,1,1,0,1,1,1,0,0,1,1,0,0,1,1,0,0,1
0,1,0,1,1,1,0,0,1,1,0,0,0,1,0,1,0,1,0,1,0,1,1,0,1,0,0,1,0,0,0,1,1,0,1,1,0,0,1,0,1,1,0,1,1,1,1,0,1,0,0,0,0,0,0,0,1,1,0,0,1,1,1,0,0,1,0,0,0,0,1,1,0,1,0,1,0,0,0,0,0,0,0,0,1,0,1,1,1,1,1,0,1,0,1,1,1,0,0,0,1
0,0,1,1,1,0,1,0,0,1,1,0,0,0,0,0,0,0,1,0,1,1,1,1,0,0,1,0,1,0,1,0,1,1,1,0,1,0,0,0,1,1,0,1,1,0,0,0,1,1,0,0,1,1,0,0,0,1,0,1,0,0,0,1,0,1,1,1,1,1,1,1,1,1,0,1,0,0,1,0,1,0,0,1,0,1,0,1,0,0,1,1,0,1,1,0,1,0,1,1,0
1,1,1,1,0,1,1,1,1,0,0,0,1,1,1,0,1,1,0,0,0,1,0,0,0,1,0,1,0,1,1,0,0,0,1,0,0,0,1,1,0,1,1,0,1,0,1,1,0,0,0,0,1,0,1,1,0,1,0,0,0,0,0,1,1,0,1,1,1,1,1,0,0,0,0,1,1,1,0,0,1,1,0,1,0,0,1,1,0,0,1,0,0,0,0,0,0,1,0,1,1
0,0,0,1,0,0,0,1,1,1,1,0,1,0,1,1,0,0,1,0,0,0,1,1,0,1,0,1,1,0,0,1,1,0,1,0,1,0,1,1,1,1,1,0,1,1,1,1,1,1,1,1,0,1,1,0,1,1,0,1,0,1,0,1,1,0,0,1,0,1,0,1,0,0,1,1,1,1,0,0,0,1,1,1,1,0,1,0,0,1,0,0,1,1,1,0,0,1,0,0,0
1,1,0,1,1,0,0,0,1,0,1,0,1,1,0,0,1,1,1,1,0,0,0,0,0,0,1,1,0,1,1,0,0,0,1,1,1,1,1,1,0,0,1,1,0,1,0,1,0,0,1,1,1,0,0,0,0,0,1,1,0,0,0,0,0,1,1,1,1,1,1,1,0,0,1,1,0,0,0,0,1,1,1,0,0,1,1,0,1,1,1,1,0,0,1,0,0,0,1,0,1
0,0,1,1,1,1,0,1,0,0,1,0,0,0,0,0,0,0,1,0,1,1,0,0,1,1,1,0,1,1,1,0,1,0,1,1,0,0,0,1,0,0,0,1,0,1,0,1,1,1,0,1,1,1,1,1,0,1,0,0,0,1,1,0,1,0,0,0,0,0,1,1,0,1,1,0,0,1,0,1,1,0,0,1,1,1,1,0,1,0,0,1,1,1,0,1,1,0,1,1,1
1,0,1,0,1,1,1,0,0,1,0,1,1,1,0,1,0,1,0,0,1,1,1,1,1,0,0,1,1,1,0,0,1,1,0,1,1,1,0,0,0,0,0,1,1,1,0,1,0,0,1,0,0,1,0,0,0,0,1,1,1,0,0,0,0,1,0,0,0,0,1,0,1,1,0,0,0,1,0,0,0,1,1,1,1,0,1,0,0,1,0,1,0,1,0,0,0,0,1,0,1
0,1,0,0,1,1,0,0,0,0,1,0,0,0,0,0,0,0,0,0,1,0,1,1,1,1,1,1,1,0,1,1,1,1,0,0,1,1,1,0,0,1,1,1,1,1,1,0,1,0,1,0,1,0,0,1,0,0,0,0,0,0,0,1,1,1,1,0,1,1,1,1,1,0,1,0,0,1,0,0,0,1,1,0,1,1,0,1,0,0,0,1,0,1,0,1,0,1,0,1,1
1,0,1,1,0,0,1,0,1,0,1,0,1,0,1,0,0,0,1,0,0,1,0,0,0,0,1,0,1,0,0,1,1,0,1,1,0,0,1,1,1,0,1,1,0,1,0,0,1,1,0,1,1,0,1,0,1,1,0,1,1,0,1,1,1,0,1,1,0,0,0,0,1,0,0,0,0,0,1,1,1,0,1,1,1,1,1,0,0,0,1,1,0,1,0,1,0,1,0,0,0
0,1,0,1,1,1,1,0,0,1,0,1,1,1,0,1,0,0,1,0,0,0,1,0,0,1,0,0,1,1,0,1,1,0,1,1,1,0,1,0,0,0,1,0,0,0,1,1,1,0,1,1,0,1,1,0,0,0,1,1,0,1,1,0,0,0,1,0,1,0,1,1,0,0,0,1,0,0,1,0,1,1,0,1,0,1,1,0,0,0,0,0,1,0,1,1,1,1,1,1,1
1,0,0,0,1,1,1,1,0,1,0,0,1,1,1,1,1,0,0,1,0,0,0,1,1,1,0,0,0,0,1,1,1,0,1,0,1,1,0,1,0,1,1,1,0,1,1,0,1,1,1,0,1,0,0,1,0,1,0,1,0,1,1,1,1,0,1,1,1,0,0,1,0,0,1,1,1,1,1,0,1,1,1,1,0,0,0,0,1,0,1,0,0,0,1,1,1,1,0,0,1
1,0,1,1,0,0,0,0,1,0,0,1,0,1,0,0,0,0,0,0,1,1,0,0,1,1,0,1,0,0,0,0,0,0,0,0,1,1,1,0,0,0,1,1,1,0,0,1,0,1,0,1,1,0,0,0,1,0,0,0,0,0,1,1,1,1,0,0,0,0,0,0,1,1,1,1,1,1,0,0,1,1,1,1,0,0,0,1,1,0,0,1,0,0,1,1,1,1,1,1,1
0,1,1,0,0,0,1,1,0,0,1,0,1,1,1,0,0,0,1,1,0,0,1,0,0,1,0,0,1,1,0,1,1,0,0,0,1,1,0,1,0,1,1,0,0,1,0,1,1,1,1,0,1,0,0,1,1,1,0,1,0,1,1,0,1,1,0,1,1,0,0,1,1,1,1,1,1,1,0,0,1,0,0,0,0,0,0,1,1,1,1,0,0,0,0,0,0,1,0,1,0
1,0,1,0,1,1,0,1,1,1,0,0,0,1,1,0,1,0,1,0,1,1,1,1,1,1,0,1,0,1,0,1,0,1,1,1,1,1,1,1,0,0,1,1,1,0,1,1,0,0,0,0,0,0,1,1,0,0,0,1,1,1,1,1,1,1,0,1,1,0,0,0,0,1,1,0,1,1,1,1,1,1,1,0,1,1,1,1,1,1,0,1,1,0,1,1,1,1,0,0,1
1,1,1,1,0,1,1,1,0,1,1,0,1,0,1,1,0,1,1,0,0,1,0,0,0,1,1,0,0,0,1,0,1,1,1,1,1,0,0,0,0,1,0,1,0,1,1,1,0,0,1,0,1,0,0,0,0,1,0,1,1,1,0,0,0,1,1,1,0,0,0,1,0,1,0,0,1,0,1,0,0,0,1,0,1,0,0,1,0,0,0,0,1,1,0,1,0,0,0,1,1
1,1,0,1,1,0,1,0,1,0,0,1,0,0,0,1,1,1,1,0,0,1,0,1,1,1,0,1,1,1,1,0,1,0,1,1,1,0,0,1,0,1,0,1,1,1,1,0,0,1,1,0,1,1,0,1,1,1,1,0,0,0,0,1,0,1,1,1,1,1,0,1,0,0,0,1,1,0,0,1,0,0,1,0,0,0,0,0,0,0,0,1,1,1,0,1,1,0,0,1,0
1,1,1,1,0,0,1,1,1,1,1,1,0,0,1,1,1,1,1,1,1,1,1,0,1,0,1,0,1,1,0,0,1,0,0,1,0,0,0,1,1,1,0,0,0,1,1,0,0,0,1,1,1,0,0,0,1,0,0,1,1,0,1,0,1,0,1,0,0,0,0,1,0,0,1,1,1,1,0,0,1,1,1,0,1,1,1,1,1,0,1,0,1,1,0,1,0,1,1,0,0
1,0,0,0,1,0,1,0,1,0,1,0,0,1,1,1,1,0,1,0,1,1,1,1,0,0,0,0,0,1,1,1,0,0,0,1,1,0,0,1,1,1,1,0,1,1,0,1,1,1,1,0,0,1,0,1,0,1,0,1,1,1,0,1,1,0,0,1,0,0,0,0,0,0,0,0,1,0,1,0,1,0,1,0,0,0,1,1,0,0,1,0,0,1,1,0,0,0,0,1,0
1,0,1,1,0,1,0,1,0,0,0,1,1,1,1,0,1,1,1,1,1,0,1,1,1,1,1,0,0,0,1,0,0,1,1,1,0,1,0,1,0,0,1,1,1,0,1,1,0,0,1,1,0,1,0,0,1,0,1,0,0,0,0,1,1,0,1,0,1,0,0,1,0,1,0,1,0,0,0,0,0,0,1,1,1,0,0,1,1,1,1,1,1,1,0,0,1,1,0,1,1
0,0,0,1,1,0,1,0,0,1,1,1,1,0,1,1,0,0,0,0,0,1,0,1,1,1,1,1,1,0,1,1,0,0,0,1,1,0,0,1,0,0,0,0,1,1,1,1,0,0,0,1,0,0,1,0,0,1,0,1,0,1,1,0,0,0,1,1,0,0,1,0,1,1,0,1,0,0,0,0,1,1,1,0,0,0,1,1,0,1,1,0,0,0,0,0,1,1,1,1,0
0,1,1,0,0,0,0,0,1,0,0,0,0,1,1,0,1,0,1,0,1,1,1,1,1,1,1,0,1,0,1,0,1,0,0,1,0,0,0,1,1,0,0,0,1,0,0,0,1,0,0,1,0,0,0,1,0,0,0,1,1,1,1,0,1,1,0,0,0,1,1,0,0,1,1,0,1,1,1,0,1,1,0,0,0,0,1,1,0,1,0,1,0,1,1,1,1,0,0,0,1
1,1,1,1,1,0,1,1,0,0,0,1,0,0,1,0,0,0,0,0,1,1,0,1,1,1,1,0,0,0,1,0,1,1,0,1,1,0,0,1,0,0,1,1,0,0,1,1,0,1,1,1,0,0,1,0,1,0,0,1,1,0,0,1,1,1,1,1,1,1,1,0,0,0,0,1,1,0,1,1,1,1,1,1,1,0,1,0,1,0,0,0,0,1,1,0,0,1,0,1,1
0,1,0,0,1,0,1,1,0,1,0,1,0,1,0,1,1,1,0,1,1,0,0,1,0,1,1,0,1,0,0,1,1,0,1,0,0,0,1,1,0,1,1,1,1,0,0,1,0,1,0,0,0,0,1,1,0,0,1,1,1,0,1,1,1,0,0,0,0,1,0,1,0,1,1,1,1,1,0,1,0,1,0,1,1,0,1,0,1,1,1,0,1,0,1,0,0,0,0,1,1
0,1,0,0,1,1,0,1,0,0,0,0,0,0,0,0,1,0,0,1,0,1,0,0,1,0,1,1,0,0,0,0,1,1,0,1,1,0,0,1,1,0,0,1,0,0,1,0,0,0,0,1,0,0,0,0,1,0,1,0,0,1,0,1,1,1,1,1,1,0,1,0,0,1,0,1,1,1,1,0,0,0,1,1,0,1,0,0,0,1,1,1,0,0,1,0,0,0,0,1,1
1,0,1,0,1,1,0,0,1,0,1,1,0,1,0,0,1,0,0,0,1,0,0,0,1,1,1,0,1,1,0,1,0,1,1,0,1,0,0,1,1,0,0,0,1,0,1,1,1,1,1,1,0,1,1,0,0,0,0,1,0,0,0,1,0,1,1,0,0,1,0,1,0,0,1,0,0,0,1,1,1,1,0,1,0,0,0,1,0,0,0,0,0,1,1,1,0,0,0,0,1
1,0,1,0,0,1,1,1,1,0,1,0,0,1,0,0,1,0,1,0,0,0,0,0,0,0,1,1,1,1,0,1,1,0,1,1,0,0,0,0,0,1,1,0,1,0,0,1,0,0,0,1,1,0,1,1,1,1,1,1,1,0,1,1,0,1,0,0,0,0,1,1,0,1,1,0,0,0,1,0,1,0,0,1,0,0,1,1,1,0,1,1,1,0,0,0,0,0,1,1,0
0,0,1,0,0,0,1,0,1,1,1,1,0,1,0,0,0,1,0,0,1,1,0,1,0,1,0,1,0,0,0,0,0,1,1,1,0,0,1,1,1,0,0,1,1,1,1,1,1,1,0,1,0,0,0,0,0,0,1,1,0,0,0,0,1,0,0,1,0,1,0,0,0,0,1,0,0,0,0,1,0,1,1,0,1,1,0,0,0,1,1,1,0,1,1,1,1,1,1,0,1
0,0,0,1,0,1,0,0,1,1,0,1,1,1,0,1,1,1,0,1,1,1,0,0,1,0,1,1,1,1,0,1,1,0,0,0,0,0,1,0,0,1,0,0,1,1,0,0,0,1,1,0,1,1,1,0,1,0,0,1,0,0,0,0,1,0,1,0,0,0,0,0,0,0,0,1,1,0,1,0,0,1,1,0,0,0,0,1,0,0,1,1,0,1,1,1,0,1,0,0,0
1,1,0,0,0,1,1,0,1,1,1,1,0,1,0,1,0,1,0,1,1,1,1,1,0,1,0,0,0,0,1,0,1,0,1,0,1,1,0,0,1,0,1,0,0,0,0,1,0,0,1,0,0,0,0,1,0,0,0,1,1,1,1,0,1,1,1,0,1,0,0,1,1,0,0,0,0,1,1,0,1,0,0,0,1,0,0,0,1,1,1,0,0,1,1,1,1,0,0,1,1
0,0,0,0,1,1,1,1,1,0,1,1,1,0,1,1,1,1,1,0,1,0,0,0,0,1,1,1,0,0,1,1,0,1,0,0,0,0,1,1,0,0,0,0,0,1,0,0,0,1,0,1,0,1,1,1,0,1,1,0,0,0,0,0,0,1,1,0,1,0,0,0,0,1,1,0,1,0,0,1,0,0,0,0,0,1,0,1,1,1,0,0,0,0,1,1,0,1,1,1,0
1,1,1,1,0,0,0,0,0,0,1,1,0,1,0,1,0,0,0,0,0,1,1,1,1,0,0,1,1,1,0,0,0,0,1,1,1,1,1,0,1,0,1,1,0,0,1,0,0,0,0,1,1,1,1,0,1,0,1,1,0,0,1,1,1,0,0,1,0,1,0,1,1,1,0,1,0,0,0,0,1,1,0,0,1,1,0,1,1,0,0,0,1,1,1,0,1,0,1,0,1
0,0,0,1,0,0,0,0,1,1,0,0,1,0,1,0,0,1,1,1,1,0,0,0,0,0,1,0,1,0,1,0,1,1,0,0,0,1,1,0,0,1,0,0,1,0,1,1,1,0,1,1,0,0,0,1,0,1,0,0,1,0,1,1,1,0,1,0,1,0,1,0,0,1,1,0,1,0,0,0,1,0,1,1,1,0,0,0,1,0,1,1,1,1,1,1,0,1,0,1,1
0,0,0,0,0,1,1,1,1,0,1,0,0,0,1,0,1,1,1,0,1,1,1,1,0,1,0,0,1,1,1,0,1,1,1,1,1,0,1,1,1,1,1,1,1,1,0,0,1,1,0,0,1,1,0,1,1,0,1,1,0,1,0,0,0,0,0,0,0,0,1,1,0,0,0,0,0,1,0,0,1,0,0,0,0,0,1,1,0,1,1,0,0,1,1,1,0,1,1,1,0
1,1,0,0,1,1,1,1,0,0,0,1,1,1,1,0,0,0,1,0,1,0,1,1,0,0,1,0,1,1,0,0,1,1,1,0,0,0,1,0,0,1,0,1,0,1,0,0,0,1,1,0,1,1,1,1,0,0,1,0,0,0,1,1,0,1,0,0,0,1,0,1,1,1,1,1,0,1,1,1,0,1,0,1,1,1,1,1,1,0,1,1,0,0,0,0,0,0,0,0,0
1,1,1,1,0,0,1,0,1,1,1,0,1,1,1,0,1,0,1,1,1,0,0,1,0,0,0,1,0,0,0,1,0,0,0,1,0,1,0,1,0,0,1,0,0,1,1,1,0,1,0,0,1,1,0,0,1,1,1,1,1,0,0,1,0,0,1,1,1,0,1,0,1,0,0,1,1,1,1,1,1,1,0,1,0,0,0,0,1,0,1,0,0,0,1,1,1,0,0,0,0
1,0,0,1,0,1,0,1,1,1,1,1,1,1,1,0,1,0,1,1,1,1,0,1,0,1,0,1,1,1,1,0,1,0,1,1,0,1,0,0,1,1,0,0,0,0,0,0,0,1,0,0,0,1,0,0,0,0,1,0,1,1,1,1,1,0,1,0,1,0,0,0,1,0,1,0,0,0,1,1,1,1,0,0,1,0,0,1,1,0,0,1,0,0,1,1,0,0,0,1,0
0,0,0,0,0,0,0,1,0,1,1,1,1,0,0,1,0,0,0,1,0,1,0,1,1,1,0,1,0,1,0,1,1,0,0,0,1,0,1,0,0,1,1,0,0,1,1,0,1,0,1,0,0,0,1,1,0,0,0,0,1,0,1,1,1,0,1,0,0,1,1,0,0,0,1,0,0,0,0,0,1,0,0,1,1,1,1,0,1,0,0,1,0,1,0,0,0,0,1,1,1
1,0,1,1,0,1,1,0,1,1,0,0,0,1,0,0,0,0,1,0,0,1,0,0,1,0,1,1,1,1,0,0,1,1,0,1,1,1,0,0,0,1,1,0,0,0,1,1,0,1,0,0,1,1,0,0,1,0,0,0,0,1,1,0,0,0,1,0,1,0,1,0,1,0,1,0,0,1,1,1,1,0,1,1,1,0,1,0,1,0,1,0,0,1,1,0,0,1,0,1,0
1,1,1,1,0,1,1,0,0,0,0,1,1,1,1,0,0,0,0,0,0,1,0,1,0,0,0,1,1,1,1,0,1,1,1,1,0,1,0,0,1,1,0,1,0,0,0,0,1,1,0,0,1,1,0,1,1,0,0,1,1,1,0,1,1,1,0,1,1,1,1,0,1,1,0,0,1,0,1,0,1,0,0,0,0,0,0,1,0,1,1,0,1,0,1,0,0,0,1,1,1
1,1,0,1,0,0,1,1,1,1,1,0,0,0,0,1,0,0,1,1,1,0,0,1,0,0,0,0,1,1,1,1,0,1,0,1,0,1,1,0,1,0,1,1,1,0,0,0,1,0,1,1,0,0,1,0,1,1,0,0,1,0,0,0,0,0,0,0,0,0,0,0,0,1,1,1,0,1,1,1,1,1,0,1,0,0,0,0,0,0,1,1,0,0,0,0,1,1,0,0,0
1,1,1,0,0,0,0,0,1,0,1,1,0,0,1,0,1,1,0,1,0,0,1,1,0,0,0,0,0,1,1,1,1,0,0,1,0,0,0,1,1,0,1,0,0,1,1,0,0,1,1,0,0,1,1,1,0,1,0,0,1,0,1,1,0,0,0,1,1,1,1,0,1,0,1,1,0,0,0,1,0,0,1,1,0,0,1,1,0,1,1,0,0,1,0,0,1,0,0,0,1
1,1,0,0,1,0,1,0,0,1,1,0,1,0,1,1,1,1,0,1,1,1,0,0,1,0,0,1,0,1,1,0,0,0,1,1,0,1,1,0,0,0,1,0,0,1,0,0,0,1,1,0,0,0,0,1,0,1,0,0,0,0,0,0,0,0,1,1,0,1,0,1,1,1,0,0,0,1,0,1,0,1,0,0,1,0,1,1,0,0,1,1,1,0,0,1,0,0,1,1,1
1,1,0,0,1,0,0,0,1,1,1,1,1,1,1,0,1,1,1,1,1,1,0,1,0,0,0,1,0,1,1,1,1,0,1,0,0,1,0,1,1,0,1,0,1,0,0,1,0,0,0,0,1,0,0,0,0,0,0,0,1,0,0,1,1,1,1,1,1,0,1,0,0,0,0,1,0,0,0,0,1,0,0,1,0,0,0,1,0,0,1,1,0,1,0,1,1,0,1,0,1
0,0,0,0,0,1,0,0,0,0,1,0,0,1,0,1,1,1,1,0,1,0,0,1,1,0,1,1,0,1,0,1,1,0,0,0,0,0,0,1,1,1,0,0,0,0,1,1,1,0,1,0,1,1,1,0,1,1,1,0,1,1,1,0,0,0,0,0,1,1,1,0,1,1,0,1,0,1,0,0,0,1,0,0,1,1,1,1,0,1,1,1,0,1,1,1,1,1,0,0,0
1,0,1,1,0,0,0,0,0,1,1,0,1,0,1,1,1,1,0,1,0,1,0,0,1,0,1,0,0,0,0,0,0,1,0,1,0,0,1,0,0,0,1,1,1,1,1,1,0,0,1,1,1,0,1,1,1,1,1,1,1,1,0,1,0,0,0,0,0,0,1,1,1,1,0,0,0,1,0,1,1,0,0,0,1,0,0,0,1,1,0,0,0,0,0,1,1,1,0,1,1
1,1,0,1,1,0,0,0,0,0,1,1,0,1,0,0,0,0,1,1,1,1,1,0,0,0,1,0,0,0,1,1,0,0,0,1,0,1,0,0,1,1,1,1,0,1,0,1,1,0,0,1,0,1,0,0,0,1,1,1,0,0,0,0,1,0,0,1,1,0,0,0,1,0,0,1,1,1,1,1,0,1,0,0,1,0,0,0,1,1,0,0,0,1,0,0,1,0,0,1,1
1,0,1,0,1,0,1,1,0,0,1,0,1,0,1,1,0,0,0,1,1,1,1,1,1,0,0,0,1,1,1,0,1,1,1,0,0,1,0,1,0,1,1,0,0,1,1,1,1,1,0,1,0,1,1,0,0,1,0,1,0,0,0,0,1,1,1,1,1,0,0,1,1,1,0,1,1,0,1,0,0,1,0,0,0,0,1,1,0,0,1,0,0,0,0,1,1,1,0,1,1
0,1,1,0,0,0,1,1,1,0,0,1,0,1,1,1,0,0,0,1,0,1,0,1,0,1,1,1,1,0,0,1,1,1,1,1,1,0,1,0,1,0,1,1,1,1,0,0,0,1,0,0,0,0,0,0,0,1,0,0,0,0,0,1,0,0,0,0,0,1,0,0,0,1,1,1,0,1,1,1,1,1,1,1,1,1,0,0,1,0,0,0,1,1,0,1,0,1,1,0,0
1,0,0,1,1,0,1,1,0,1,1,0,0,1,0,0,1,0,0,0,1,1,1,1,1,1,1,0,1,0,0,1,0,0,0,1,1,0,0,0,0,1,0,0,1,1,1,0,0,1,0,1,1,1,0,0,0,1,0,1,1,0,1,0,0,0,0,1,1,0,1,1,0,1,1,1,1,1,0,1,0,0,1,1,0,1,1,1,0,0,0,1,1,0,0,0,0,0,1,1,0
0,0,0,0,0,0,0,1,0,1,0,1,0,0,1,1,0,1,1,1,1,0,0,1,0,1,0,1,0,0,1,1,0,1,1,0,1,1,0,0,1,1,0,1,1,1,1,0,0,1,0,1,1,1,0,0,0,1,0,1,1,0,1,1,1,0,1,0,0,0,1,1,1,0,0,1,0,1,0,0,0,1,1,0,0,0,0,1,0,0,0,0,0,0,1,0,1,1,0,1,1
0,1,1,0,1,0,1,0,0,0,0,0,0,1,1,0,1,0,0,1,1,0,1,0,0,1,0,1,1,0,1,0,1,1,0,0,1,1,0,1,1,0,1,1,0,1,0,1,1,0,0,1,1,1,0,0,0,0,0,1,1,0,0,1,1,1,1,1,1,1,1,1,0,0,0,0,0,1,0,0,1,1,0,0,0,0,1,1,0,0,1,1,0,0,1,1,1,1,0,1,1
0,0,1,1,1,0,1,1,1,0,1,1,1,1,1,1,0,0,0,0,1,1,0,1,0,1,1,1,1,0,0,1,1,1,0,0,0,0,1,1,1,1,0,1,0,0,1,0,0,1,0,0,0,1,0,0,0,0,1,1,0,1,0,0,0,0,0,0,1,0,0,1,1,1,1,0,0,0,0,1,1,1,0,1,0,1,1,1,1,0,0,0,1,1,1,1,1,1,0,0,0
1,1,0,1,1,0,0,1,0,0,0,1,0,0,1,1,1,1,0,1,1,0,1,0,0,0,0,1,0,0,1,1,0,0,0,0,0,1,1,1,1,0,1,0,0,1,1,1,1,1,0,1,0,1,0,0,1,0,1,1,0,1,1,1,1,1,0,1,1,0,1,1,0,1,1,1,1,1,0,0,0,1,1,1,0,0,1,1,1,0,0,0,0,0,1,1,1,0,1,0,1
1,1,1,1,1,0,0,0,1,0,0,0,0,0,0,0,0,0,0,1,0,1,0,1,1,0,1,0,0,0,1,1,1,0,1,1,0,1,0,0,1,0,0,0,1,0,0,0,1,0,0,0,1,1,1,1,1,0,1,0,0,1,0,1,1,0,0,1,1,1,0,0,0,0,0,0,0,0,1,0,1,0,1,0,0,0,0,1,0,1,0,0,1,0,1,0,1,1,0,1,1
0,0,1,0,0,1,1,0,0,0,1,0,1,0,0,0,0,1,0,1,0,0,1,1,0,1,0,0,1,0,0,0,1,1,0,1,0,0,0,1,0,1,0,1,0,1,1,1,1,0,1,1,1,0,1,1,0,1,1,1,1,1,0,1,0,0,1,1,1,1,1,1,0,1,1,1,0,1,0,1,1,0,0,0,1,1,0,1,1,1,1,1,1,1,0,1,0,1,0,0,1
1,0,1,1,1,0,1,1,0,1,0,1,0,1,1,0,0,0,1,0,0,0,1,1,1,0,1,1,0,0,1,1,1,1,0,1,0,0,1,0,0,0,1,0,0,0,1,1,0,1,1,1,0,0,1,1,1,0,0,0,1,1,1,1,0,0,1,1,1,0,1,0,1,1,1,1,0,0,0,0,0,1,1,0,1,1,0,1,1,1,0,1,1,1,1,1,1,0,1,1,1
1,0,1,0,1,1,1,1,0,0,0,0,0,0,1,1,1,1,0,0,1,1,1,1,1,0,1,1,0,1,0,1,0,1,1,1,0,0,1,1,1,0,1,1,0,1,1,1,1,1,1,1,1,0,0,1,0,0,1,0,0,0,1,1,1,1,0,1,0,1,0,0,0,1,1,1,0,1,0,0,1,0,0,0,0,0,0,1,0,1,0,0,1,1,0,1,0,0,0,1,1
0,0,1,0,0,1,0,0,1,0,0,0,0,0,1,1,0,1,1,1,1,1,1,1,0,1,1,1,0,1,1,1,1,1,0,0,0,0,1,0,0,1,1,1,1,0,0,1,0,1,1,1,0,1,0,0,1,1,0,1,0,0,0,0,1,0,0,0,1,1,0,1,1,1,1,1,1,1,1,0,0,0,0,1,1,0,1,1,0,0,0,0,1,0,0,1,1,0,1,1,0
1,0,0,1,0,1,1,0,1,1,1,1,1,0,0,1,1,1,0,0,1,1,1,1,1,0,1,0,0,0,1,1,0,0,1,0,1,0,1,0,0,1,0,1,1,0,1,1,0,1,0,1,0,1,1,1,1,0,1,1,1,1,0,1,1,0,1,1,1,0,1,0,1,1,1,1,1,0,1,1,0,0,1,1,0,0,1,0,1,0,0,0,1,1,1,1,0,0,0,0,0
0,1,1,0,1,0,1,0,0,0,0,1,0,0,0,1,1,1,0,1,0,0,0,0,0,0,0,1,0,1,1,1,1,1,0,0,0,1,1,1,1,1,1,1,0,1,0,1,1,0,0,1,1,0,1,1,0,1,1,0,0,0,0,0,0,1,0,0,1,1,0,1,1,0,0,1,1,1,1,0,0,1,0,1,1,1,0,1,1,0,0,0,0,0,0,1,0,0,0,1,1
0,0,0,0,0,1,0,0,1,1,0,1,0,0,0,1,0,1,1,1,1,0,0,1,1,1,0,0,0,0,0,1,1,0,1,1,1,0,0,0,0,0,1,0,0,1,1,0,0,0,1,0,0,1,1,1,0,0,0,0,0,1,1,1,0,0,0,1,0,1,1,0,1,1,1,0,0,1,0,0,1,0,1,0,0,1,0,1,0,1,0,0,0,1,1,0,0,0,0,0,1
1,0,1,1,0,1,0,0,1,1,1,1,1,0,1,1,1,0,0,1,0,0,1,0,0,0,1,0,0,1,0,0,0,1,1,1,0,1,0,0,1,0,1,1,0,0,0,1,1,0,0,0,0,0,0,1,0,0,1,0,0,1,0,0,1,1,1,0,1,1,0,1,1,1,1,0,1,1,0,1,0,1,0,0,1,0,0,1,0,0,1,0,1,0,1,0,1,0,0,0,1
1,1,0,0,1,0,1,1,0,1,0,0,0,1,1,1,0,1,1,0,0,1,0,1,0,1,1,1,0,0,1,1,0,0,1,0,1,0,1,1,1,0,0,1,0,1,0,1,0,0,0,1,1,1,1,1,0,1,0,1,0,0,1,1,0,0,1,1,1,1,0,0,0,1,0,0,0,1,0,0,0,1,1,0,1,0,1,0,1,0,1,0,0,0,1,0,0,0,0,1,1
1,1,0,1,1,1,1,0,1,0,1,0,1,1,0,0,0,0,1,1,0,0,0,0,1,1,0,0,0,0,1,1,1,1,1,1,1,0,1,1,1,1,1,1,1,0,1,1,1,0,1,0,1,0,0,1,1,0,1,0,0,0,0,1,1,1,1,0,1,1,0,1,0,0,1,0,0,0,0,1,0,0,1,0,0,1,0,1,0,0,0,1,1,1,0,0,1,1,0,1,1
1,1,0,0,0,0,0,0,0,0,1,0,0,0,0,1,1,0,1,1,0,0,1,0,0,0,1,0,1,0,0,1,1,0,1,1,0,0,1,1,1,1,1,1,1,0,0,1,1,0,0,0,1,1,1,0,1,1,0,1,0,1,0,1,0,1,0,1,1,1,0,0,1,1,0,0,1,1,0,0,1,1,1,0,1,0,1,0,1,1,0,1,1,0,0,1,0,0,1,0,1
1,0,0,1,0,0,1,0,1,0,1,0,1,1,1,0,0,0,0,1,1,0,0,1,0,1,0,1,1,1,1,1,0,0,1,1,1,0,1,0,1,0,1,1,0,0,0,0,0,0,0,1,0,0,1,0,1,1,1,0,0,1,0,1,1,1,1,1,0,1,0,0,0,1,1,1,0,0,0,1,1,0,0,0,1,1,1,0,0,0,0,1,1,0,1,1,0,1,0,1,0
0,1,1,0,1,1,0,1,1,0,1,0,1,0,0,0,1,0,1,0,1,1,1,1,0,0,0,0,0,0,0,1,0,0,0,1,0,1,0,0,1,0,1,0,0,1,0,1,1,1,1,0,0,1,1,1,0,1,1,0,1,1,1,1,1,1,1,0,1,0,0,0,1,0,0,0,1,0,0,1,0,0,0,0,1,0,0,1,0,0,0,0,1,1,0,1,1,0,1,0,1
0,1,0,0,1,1,0,0,1,1,1,0,1,0,0,0,0,0,0,1,1,1,0,1,0,0,0,0,1,1,1,0,1,1,0,1,0,1,1,0,1,0,0,0,1,0,0,0,0,1,0,1,0,1,0,1,0,1,0,1,1,0,1,0,0,1,1,0,1,1,1,0,0,1,1,1,0,1,1,1,1,0,1,0,1,0,1,0,0,0,1,0,0,1,1,1,1,1,1,0,1
1,1,1,1,0,1,1,1,1,1,0,0,1,0,0,0,1,0,1,1,1,1,0,1,1,1,0,0,1,0,1,1,0,1,1,1,1,0,0,1,0,0,1,0,1,0,1,0,0,0,0,1,0,0,1,0,1,1,0,0,1,1,0,0,1,0,0,1,0,1,0,0,0,0,0,1,1,0,1,1,1,0,0,0,1,0,1,1,0,0,1,1,1,1,0,1,1,1,0,0,1
0,0,1,0,1,0,0,0,0,0,1,0,0,0,1,1,0,1,0,1,1,1,1,0,0,1,1,1,0,0,0,1,0,0,1,1,1,1,1,1,1,0,0,1,0,0,0,1,0,1,1,0,0,1,1,0,1,1,1,0,0,1,0,0,0,1,0,0,1,0,0,0,1,1,0,1,1,0,0,0,1,1,1,0,1,1,1,1,1,0,0,0,1,0,0,1,0,0,1,1,1
1,0,0,0,0,1,1,0,0,0,0,1,1,0,1,0,1,0,1,1,0,1,1,0,0,1,1,1,1,1,1,1,0,1,0,1,0,1,1,0,1,0,0,1,1,1,1,1,1,1,0,1,1,1,0,0,1,0,1,0,0,0,0,0,0,0,1,0,1,1,1,0,1,0,0,0,0,1,0,0,1,1,1,1,1,0,1,0,0,0,1,0,0,1,0,0,1,0,1,1,1
0,1,1,0,0,1,0,0,0,0,1,1,0,0,1,0,0,1,1,1,0,1,1,0,1,0,1,0,0,0,0,1,0,1,1,1,0,0,0,1,0,0,1,0,0,0,0,0,1,1,1,0,1,1,0,1,0,1,1,1,1,1,1,0,1,0,1,0,0,1,1,0,0,1,0,0,1,0,1,1,1,0,0,0,0,1,0,0,0,0,0,0,0,0,0,0,1,0,1,1,1
0,0,0,1,0,0,1,0,0,1,1,1,0,0,1,0,0,0,1,0,1,1,0,1,1,0,0,0,1,1,1,0,1,0,1,1,0,1,0,0,0,0,1,0,0,0,0,1,1,1,1,1,0,0,0,1,1,0,0,1,1,1,1,1,1,1,1,1,1,1,0,0,1,0,1,0,0,0,0,0,1,0,1,1,0,1,1,1,0,1,1,0,1,1,1,0,1,0,1,1,0
0,1,1,1,0,1,0,1,0,0,1,1,0,1,0,1,1,0,1,0,1,0,0,1,1,0,1,1,1,1,0,0,0,1,1,1,1,1,0,1,0,1,1,1,1,0,1,0,1,1,0,0,0,0,0,0,0,1,1,1,1,0,1,0,1,1,0,1,0,0,0,0,1,0,0,1,1,0,0,0,1,0,0,0,0,0,0,1,0,1,1,0,1,1,1,1,0,0,1,0,0
0,1,1,1,0,0,1,0,0,0,1,1,1,0,0,0,1,1,1,1,0,0,0,1,0,0,1,1,0,0,0,1,1,1,1,1,1,0,1,1,1,0,0,0,1,0,1,1,1,1,1,1,1,0,0,0,1,0,0,1,1,0,0,0,1,0,0,0,1,1,1,1,0,1,0,0,1,1,0,0,0,0,0,1,1,1,0,1,0,0,1,0,1,0,1,0,0,0,1,0,1
1,0,0,0,1,1,1,0,0,1,1,0,1,1,0,1,1,0,1,0,1,0,0,0,0,0,1,0,0,0,1,0,0,0,1,1,0,0,0,0,1,0,0,1,1,1,1,0,1,0,0,0,1,0,1,1,1,0,0,1,0,1,1,1,0,0,1,0,0,0,1,0,1,0,0,0,0,0,1,1,0,0,0,0,0,0,1,1,0,0,0,1,1,0,1,0,1,1,1,1,0
0,1,1,1,1,0,0,0,0,0,0,1,1,0,1,1,0,0,1,1,1,1,0,1,1,0,0,1,0,1,1,0,0,1,0,1,1,1,0,0,0,1,1,0,1,1,0,1,1,0,0,0,0,0,1,0,1,0,1,0,1,1,1,1,0,0,0,0,1,1,1,0,1,1,0,0,0,0,0,1,0,0,0,1,0,1,1,1,1,0,0,1,1,1,1,1,1,0,1,1,0
1,0,1,0,0,1,1,0,0,0,1,1,0,1,1,1,0,0,0,0,1,1,0,0,1,1,0,1,0,1,0,0,1,1,0,1,1,0,0,1,0,0,0,1,1,1,1,0,0,1,1,1,0,0,0,0,1,1,1,0,1,0,1,0,0,1,0,1,1,1,1,0,0,1,0,1,1,1,1,1,1,0,1,0,0,1,1,1,0,1,0,0,1,1,0,0,1,0,0,0,0
0,1,1,0,1,1,1,0,1,0,1,0,1,1,1,1,0,1,0,0,1,0,1,0,0,0,1,0,1,0,0,1,0,0,1,1,1,1,0,0,0,0,0,0,1,1,1,1,1,1,1,1,0,1,1,1,1,0,0,0,1,0,0,0,1,1,0,1,1,1,1,1,1,1,1,0,1,1,1,1,1,1,0,0,1,0,1,1,0,0,1,0,0,1,0,1,0,0,0,1,0
0,0,0,1,0,0,0,1,1,1,1,1,0,1,1,1,0,0,0,0,1,1,1,0,0,0,0,0,1,0,1,0,0,1,1,0,0,0,0,1,0,0,0,1,0,0,0,1,1,1,0,1,1,0,1,0,0,0,1,0,1,1,0,0,1,0,0,1,0,0,0,1,0,1,0,1,0,0,1,0,0,0,1,1,0,1,1,0,1,0,0,1,0,0,1,1,1,1,1,1,1
0,0,1,0,1,1,0,1,0,1,1,1,1,0,1,0,1,0,0,0,0,0,0,0,1,1,0,1,1,1,0,1,1,0,0,1,0,0,0,1,1,1,1,0,0,0,1,1,0,1,0,1,1,0,1,1,0,0,1,0,0,1,0,1,1,1,0,0,1,0,0,1,0,0,0,0,1,1,0,1,1,1,0,1,1,0,0,0,0,1,1,0,1,0,1,0,0,1,0,1,1
1,1,1,1,0,0,1,1,0,1,0,0,1,0,0,1,0,0,0,1,1,1,0,1,0,0,0,1,0,1,1,1,0,0,1,0,1,1,0,0,1,0,1,0,0,1,1,1,0,0,0,0,0,1,1,0,1,1,0,0,0,1,0,1,1,1,0,0,1,0,0,1,0,1,0,1,1,0,0,1,1,0,1,1,1,1,0,1,0,1,0,1,0,0,1,1,1,0,1,1,1
1,0,1,0,0,1,1,1,1,1,1,1,1,0,1,1,0,0,0,0,0,0,0,1,0,1,0,1,1,0,0,1,0,0,0,0,1,0,1,1,1,0,1,1,1,1,0,1,0,0,1,1,0,1,1,0,1,0,0,1,0,0,0,1,1,0,0,0,1,1,1,0,0,0,0,0,0,1,1,0,1,1,0,1,1,1,0,1,0,1,0,1,1,0,1,1,0,0,0,1,0
0,0,1,0,1,0,1,0,0,0,0,1,0,0,0,0,1,0,1,1,1,0,1,0,1,1,0,0,1,1,1,1,1,0,0,0,0,1,0,0,0,0,0,1,1,1,1,1,1,0,0,0,1,1,0,0,0,1,0,1,1,1,1,1,1,1,0,1,0,1,0,1,0,0,0,0,0,0,0,1,1,0,0,0,0,0,1,1,0,1,0,1,0,1,0,1,1,0,1,1,1
0,1,0,1,0,1,1,1,1,1,0,1,0,1,1,1,0,0,0,1,0,0,0,0,0,1,0,1,0,1,0,1,0,0,1,0,0,1,1,0,0,0,0,0,1,1,0,1,0,1,0,0,0,0,0,0,1,1,1,1,0,1,1,1,1,0,1,1,0,1,1,0,0,1,0,0,0,1,1,0,1,0,1,0,0,0,0,1,0,1,0,1,0,0,1,1,1,1,0,0,0
0,1,1,1,1,0,0,1,0,1,1,1,1,0,1,1,0,0,1,0,1,1,0,0,0,0,1,0,1,1,0,0,0,0,1,0,1,1,1,0,1,0,0,0,0,1,1,0,0,1,0,0,0,0,1,0,0,1,0,0,0,1,0,1,1,0,0,1,0,0,0,1,0,1,0,1,0,0,0,1,0,1,0,0,0,1,1,1,0,1,1,1,1,0,0,1,0,1,0,1,0
1,1,0,1,1,0,1,0,1,0,0,1,1,1,0,0,0,1,0,1,0,0,1,1,0,0,0,1,0,1,0,1,0,1,1,1,0,0,0,1,0,1,1,1,1,0,0,1,1,0,1,0,1,1,1,0,1,1,0,0,1,0,0,0,1,1,1,1,1,1,1,0,0,1,1,1,1,1,1,0,0,1,1,1,1,1,1,0,0,0,1,1,0,1,1,1,0,1,0,0,1
0,0,0,0,0,1,0,0,0,0,1,0,1,0,1,1,1,0,0,1,0,1,1,0,1,1,1,0,0,0,1,0,1,0,1,1,0,1,0,0,0,1,0,0,0,1,0,0,1,0,1,0,1,0,1,0,1,0,1,0,1,1,0,0,0,0,0,0,1,0,1,0,1,0,1,1,0,1,0,1,0,0,1,1,1,1,0,0,0,1,1,0,0,0,1,1,0,0,1,0,1
1,0,0,0,1,1,0,1,1,1,1,1,1,1,0,1,1,0,0,1,1,1,0,1,1,1,1,0,0,1,1,1,0,1,1,0,1,0,0,0,0,0,0,0,1,1,0,1,0,0,0,0,1,0,0,0,0,0,1,1,0,0,1,0,1,1,0,0,1,1,0,0,0,1,1,0,1,1,1,0,1,1,0,1,1,1,0,1,1,0,0,0,1,1,1,0,0,0,1,0,1
0,0,0,0,1,1,0,1,1,0,0,1,0,0,1,0,0,1,1,0,1,1,1,0,1,1,1,0,0,1,1,1,1,1,0,1,1,0,0,1,0,1,0,0,0,0,1,1,0,1,1,1,0,0,0,1,1,1,1,0,1,0,1,1,0,1,1,1,0,1,0,1,1,0,0,0,0,0,1,0,0,0,0,1,0,0,0,1,1,0,0,0,0,0,0,0,0,0,0,0,1
0,1,0,1,0,0,0,1,0,0,1,1,1,1,1,0,0,0,0,0,0,1,1,0,1,0,0,0,1,0,1,1,0,1,0,0,1,1,1,1,1,0,1,0,1,0,1,1,0,1,1,1,1,1,1,1,0,0,0,0,0,1,1,0,1,0,0,0,0,0,1,1,0,0,1,0,1,0,0,0,1,1,1,0,0,1,0,0,1,0,0,1,0,0,0,1,0,0,0,0,1
1,1,0,0,0,0,1,1,1,0,1,1,0,1,1,1,1,0,1,0,1,1,0,1,0,1,1,0,1,0,1,0,1,0,0,1,0,1,0,0,0,1,1,0,1,1,0,1,0,1,0,1,1,1,1,1,1,0,0,0,0,1,1,1,1,1,1,1,0,0,1,1,0,0,1,1,0,1,1,0,0,0,1,1,1,1,0,1,1,1,0,0,1,0,0,0,0,0,1,0,0
0,0,1,0,0,1,1,0,0,1,0,1,0,1,0,1,0,1,1,1,1,0,0,1,1,1,1,0,0,1,1,0,1,1,0,1,0,0,0,0,0,0,1,1,0,1,1,0,1,1,1,0,1,0,1,0,0,1,1,1,0,0,0,1,1,0,0,0,0,0,1,0,1,0,1,0,1,0,0,0,0,0,0,1,0,1,1,0,0,0,0,1,0,0,0,0,1,0,0,1,1
1,0,1,1,1,1,0,1,1,0,0,1,1,0,0,1,0,1,1,0,0,1,1,1,1,1,1,1,0,1,0,1,0,1,0,1,0,1,0,0,0,0,0,0,1,1,0,0,1,0,1,1,1,1,1,1,0,0,0,0,0,1,0,0,1,0,0,1,0,1,0,0,0,0,0,0,0,1,1,1,1,1,0,1,1,1,1,0,1,1,0,0,1,1,1,1,0,0,0,1,1
1,0,0,1,0,1,1,0,1,1,0,0,0,0,0,0,1,0,1,1,1,1,0,0,1,0,1,0,1,1,1,1,0,1,0,0,0,1,1,1,0,1,0,0,0,0,1,1,0,0,0,1,1,0,1,1,0,0,0,0,0,0,1,1,0,0,1,1,0,0,1,0,1,1,0,1,0,1,0,0,0,1,0,0,1,0,0,1,0,1,1,0,1,1,0,1,1,1,0,0,0
1,0,0,0,1,0,1,0,0,1,0,0,0,0,1,0,0,1,0,1,1,1,1,0,1,1,0,0,0,1,0,1,0,1,1,0,0,1,0,0,1,1,1,1,1,1,0,1,0,1,0,0,1,0,1,0,1,1,1,0,0,1,1,0,1,1,0,1,0,1,1,1,1,1,1,0,0,1,0,1,0,0,1,1,1,1,1,1,0,0,0,1,1,1,0,0,0,0,0,0,1
1,1,0,0,0,0,1,0,1,1,1,1,1,1,1,0,0,1,0,1,1,1,0,0,1,1,0,1,1,0,0,0,0,0,1,1,1,0,1,1,1,0,1,1,0,1,1,1,0,0,1,1,1,0,1,1,0,0,0,0,1,1,1,1,0,1,1,0,0,0,1,0,1,1,1,0,1,1,1,0,0,0,1,1,1,1,0,1,1,0,0,0,0,1,1,0,1,1,0,1,1
1,0,0,1,0,0,1,1,1,0,0,0,0,0,1,0,0,1,1,0,1,0,0,0,0,1,1,0,1,0,0,0,0,1,1,0,1,1,0,0,1,1,0,0,1,1,0,1,1,1,0,0,0,0,1,1,0,1,1,1,0,1,0,0,1,1,1,1,0,0,1,0,0,1,1,1,0,0,1,0,1,1,0,1,1,1,0,1,0,1,1,1,0,1,0,1,0,1,1,0,0
0,1,1,1,0,0,1,0,1,0,1,1,0,0,0,1,1,0,1,1,1,0,0,0,0,0,1,1,0,1,0,0,0,1,1,1,1,0,0,1,1,0,0,0,0,1,0,1,1,1,0,1,1,0,0,1,1,1,1,0,0,1,1,1,0,1,0,1,1,1,0,1,0,0,1,1,0,0,0,0,1,1,0,1,0,1,0,1,0,0,0,0,0,0,0,0,1,0,1,0,0
0,1,0,0,0,0,1,1,1,1,0,1,0,0,1,0,0,1,0,0,0,0,1,0,1,1,1,0,0,1,0,0,1,1,1,1,0,1,0,1,0,1,0,1,1,0,0,0,0,1,0,1,1,1,1,1,1,0,1,0,1,1,1,1,0,0,1,0,0,1,0,1,1,1,1,1,0,1,1,1,1,0,0,1,0,1,0,0,1,0,1,0,0,1,1,0,0,0,0,1,1
1,0,1,1,1,1,0,0,0,1,0,1,1,0,0,0,1,1,0,0,1,1,0,0,1,0,1,0,0,0,0,1,0,1,1,1,0,1,0,1,0,0,0,1,1,1,1,1,1,1,1,1,0,0,1,0,0,1,1,1,0,0,0,1,0,0,0,0,1,1,1,0,0,1,0,0,0,0,1,1,1,0,0,0,0,1,1,1,1,1,1,0,1,1,0,0,1,0,1,0,1
1,0,0,1,0,0,0,1,1,1,1,0,0,1,1,0,0,0,0,0,1,1,0,0,1,0,0,1,0,0,1,0,0,1,0,0,0,1,0,0,0,0,1,1,0,1,0,0,1,1,0,0,0,1,0,1,0,1,1,1,1,1,1,0,1,0,1,1,0,1,1,0,1,0,1,0,0,0,0,1,0,0,1,1,1,1,0,1,1,1,0,1,1,0,1,1,0,1,1,1,0
1,0,0,1,1,0,1,0,1,1,1,1,1,1,0,1,0,1,0,1,1,1,0,0,1,0,0,1,1,0,0,0,0,1,0,1,0,1,0,1,0,1,0,0,1,1,1,0,1,1,1,1,0,0,1,1,0,1,0,0,0,0,0,0,1,1,1,0,0,0,1,0,0,0,1,0,1,0,1,1,1,1,1,0,1,0,1,0,1,1,1,1,1,1,0,0,0,0,0,1,1
1,0,0,1,0,1,1,1,1,1,1,1,1,0,0,0,0,0,1,1,0,1,0,1,0,0,0,1,0,0,0,1,1,1,1,0,1,1,1,1,1,1,1,0,0,1,1,0,0,1,1,0,0,1,1,1,1,0,1,1,1,1,1,1,1,0,1,0,1,0,1,1,1,1,0,1,1,1,1,0,1,0,1,0,1,1,0,0,1,1,1,0,1,0,0,1,1,1,0,0,0
0,1,1,0,1,0,1,0,0,0,0,1,1,1,0,0,0,1,0,0,1,0,0,0,0,0,1,1,0,1,1,1,0,1,1,0,1,1,1,1,1,1,1,0,0,1,0,0,1,0,1,0,1,1,1,1,0,0,1,1,0,0,1,1,0,1,0,1,0,1,0,0,1,1,1,0,1,1,0,0,1,1,0,0,0,0,0,1,1,0,0,1,0,0,1,0,1,1,0,0,1
0,1,1,1,0,1,1,1,1,1,0,0,1,0,1,1,1,0,0,1,1,1,1,1,0,1,0,1,0,1,1,1,0,1,0,0,1,1,1,0,0,1,1,1,1,0,0,0,0,0,0,0,0,1,1,0,1,1,0,0,0,1,1,1,0,0,1,1,0,0,1,1,0,1,0,0,1,1,1,0,0,1,1,1,1,1,0,1,0,0,1,0,1,1,1,0,0,1,1,0,0
1,0,0,0,0,1,1,0,1,1,1,0,0,1,1,0,0,1,1,0,0,1,0,0,1,0,1,1,1,0,1,0,0,1,1,0,0,1,0,1,1,0,1,1,0,1,0,1,0,0,0,1,0,0,1,1,0,0,0,1,1,0,1,0,0,1,1,0,0,1,1,1,1,1,1,1,1,1,1,0,0,0,0,0,0,0,0,1,0,1,1,0,1,0,1,1,1,1,1,1,0
0,0,0,0,1,1,1,0,0,1,1,0,0,0,0,1,0,1,0,0,0,0,0,1,1,1,0,0,1,0,1,1,0,1,1,1,1,1,1,0,0,1,0,0,1,0,0,1,0,1,0,1,1,1,1,0,0,1,0,0,1,1,0,1,1,1,0,1,1,0,0,0,1,1,0,0,0,0,0,0,1,1,1,0,0,1,1,1,0,0,1,0,0,0,0,0,1,0,1,0,1
0,0,0,1,0,1,0,0,1,0,1,1,1,1,0,0,1,0,1,1,1,1,1,0,1,1,0,1,1,0,1,1,1,0,0,1,1,1,0,1,0,1,1,0,1,0,0,1,1,1,0,1,1,0,1,0,0,0,1,1,1,0,0,1,1,0,0,1,1,1,0,0,0,0,1,1,1,1,1,1,1,1,0,1,1,0,0,0,0,1,1,0,1,1,0,0,1,0,1,0,0
0,0,1,1,1,0,0,1,0,0,1,1,0,0,0,0,1,0,0,0,0,1,1,0,1,0,1,0,0,1,0,1,0,1,1,0,1,0,1,0,1,0,0,1,0,0,1,1,0,1,0,1,1,1,1,0,0,1,1,0,1,0,0,0,0,0,1,0,0,0,1,0,1,0,0,1,1,0,1,1,1,0,0,1,1,1,0,1,1,0,0,1,0,1,0,1,0,0,1,1,1
1,0,0,1,1,1,0,0,0,1,0,0,0,1,0,0,1,1,0,1,1,1,1,0,0,0,1,1,0,1,0,1,0,1,1,1,1,0,0,0,0,0,0,0,0,1,0,0,0,1,0,1,0,1,1,1,0,1,0,1,1,0,0,0,1,0,0,1,0,0,1,1,1,1,0,0,0,0,1,0,0,0,1,1,1,1,0,0,1,0,0,1,1,0,0,1,0,1,1,0,1
1,1,1,1,1,0,0,1,0,0,1,0,0,1,1,0,0,1,1,1,0,0,1,0,0,1,1,0,1,1,1,0,1,0,1,1,0,1,0,0,0,0,0,0,1,0,0,0,0,0,0,0,0,1,1,0,0,0,1,0,1,0,0,1,1,1,1,1,0,0,1,1,1,1,0,0,0,0,1,1,1,0,0,0,1,1,0,0,0,0,0,0,0,0,0,0,0,1,0,1,1
0,0,1,1,1,1,0,0,0,1,1,0,1,0,1,0,1,0,1,0,1,0,0,1,0,0,0,0,1,1,1,0,1,1,0,0,0,0,0,1,0,1,1,1,0,0,0,0,0,1,0,1,1,0,1,1,0,0,0,0,1,1,1,1,0,1,0,1,1,0,0,1,0,1,1,0,0,1,0,1,1,1,1,1,0,1,1,1,1,0,1,0,0,0,1,0,1,1,0,1,0
1,1,1,1,0,0,1,1,0,1,1,1,1,0,0,0,0,0,0,0,1,0,1,1,1,1,0,1,0,0,1,0,0,0,1,0,0,1,0,0,1,1,1,1,1,0,1,0,0,1,1,0,1,0,0,1,1,1,0,1,0,1,0,1,1,0,1,1,1,1,1,0,0,0,1,0,0,0,1,1,1,0,0,0,1,0,0,1,0,1,0,0,1,1,1,1,1,1,0,1,1
1,1,0,0,1,1,1,1,0,1,0,1,1,0,1,1,1,0,0,0,1,0,1,0,0,1,0,1,1,0,1,0,1,1,1,1,1,0,0,1,1,1,0,0,0,0,1,1,1,0,1,1,1,1,0,1,0,1,1,1,1,1,0,1,0,0,1,0,1,1,1,1,1,0,0,1,0,0,0,1,0,0,1,0,1,0,1,0,0,1,0,0,1,0,0,0,1,1,0,1,1
0,1,1,1,1,1,1,0,0,1,1,1,0,0,1,1,0,1,0,0,0,1,1,0,1,0,1,0,1,0,0,0,1,1,0,1,0,0,0,1,0,1,0,1,0,0,1,0,1,0,0,0,0,0,1,0,0,0,0,0,1,0,1,1,0,0,1,0,1,1,1,0,0,0,0,1,1,1,0,0,1,1,1,0,0,0,0,1,0,1,1,0,0,0,0,1,0,1,1,0,1
1,0,1,0,1,0,1,0,1,0,0,0,0,0,0,0,1,1,1,1,0,1,0,0,0,0,0,1,1,1,1,0,0,0,0,0,0,1,1,0,1,1,1,1,1,1,1,1,1,1,1,0,0,0,1,0,1,0,0,0,1,0,0,0,1,1,1,1,0,0,0,1,1,1,1,0,0,1,1,1,0,0,0,0,0,0,0,0,0,0,1,0,0,1,1,0,1,1,0,0,1
0,0,0,0,0,1,1,0,1,1,1,0,1,1,1,0,1,0,0,0,0,0,0,1,1,0,1,1,0,0,1,1,1,0,1,1,1,0,1,1,1,0,0,0,1,0,0,0,0,1,0,1,0,1,1,0,1,1,1,0,1,1,0,1,0,1,0,1,1,1,0,0,0,1,1,1,1,1,1,1,0,0,1,1,1,1,1,0,1,1,1,0,0,1,1,0,1,1,0,1,0
1,1,1,1,0,0,1,1,0,1,0,0,0,1,0,1,1,0,0,0,1,1,0,1,0,1,0,1,0,0,1,1,1,0,1,0,0,0,1,1,1,0,1,0,0,0,1,1,0,1,0,0,1,1,1,1,1,0,0,0,1,0,0,0,1,0,1,0,0,1,1,1,0,0,0,1,1,1,0,1,1,0,0,1,1,0,0,1,0,0,0,0,0,0,0,1,0,0,0,0,1
1,0,1,0,0,0,0,1,1,0,1,1,0,1,1,1,0,1,1,0,1,1,1,0,1,0,1,0,1,1,1,0,1,1,0,0,1,1,1,1,0,0,1,1,1,0,1,0,0,0,1,1,1,1,0,0,1,0,1,0,0,0,0,1,0,1,1,0,1,1,1,0,1,1,0,0,0,0,0,1,1,1,1,1,1,1,1,1,0,1,0,1,1,0,0,1,0,0,0,0,1
1,0,0,0,1,0,1,1,1,1,1,1,0,1,1,0,0,0,1,1,1,1,1,1,1,1,1,0,0,1,0,1,1,0,1,1,1,1,1,0,0,1,0,0,0,1,0,1,1,0,1,1,1,0,0,1,0,1,0,0,0,0,0,1,0,0,0,1,0,0,0,0,1,0,1,1,1,0,0,1,0,0,1,0,0,0,1,0,1,0,1,1,1,0,0,0,0,0,0,0,1
0,0,1,1,0,0,0,0,0,1,0,0,1,0,1,1,1,0,1,1,0,1,0,1,0,1,0,0,0,0,0,0,0,0,0,0,0,0,0,0,1,1,1,1,1,0,0,0,1,0,0,1,1,1,0,1,0,1,0,1,0,0,1,0,1,0,1,0,1,1,1,0,1,0,1,0,0,0,1,1,0,1,1,1,1,1,0,1,1,0,0,0,1,0,1,0,0,0,0,0,0
1,0,1,1,1,1,1,1,0,0,1,1,1,1,1,1,1,1,0,0,1,0,1,1,0,1,1,1,1,1,0,1,0,0,0,1,0,1,1,0,0,0,0,0,0,0,0,1,1,0,1,0,1,1,1,1,1,0,0,1,0,0,0,0,1,1,1,0,1,1,0,0,1,0,0,0,0,1,0,1,0,1,0,0,1,1,0,1,0,0,1,0,0,1,1,0,0,0,1,0,1
1,1,0,0,1,1,0,1,1,0,0,1,0,1,0,1,1,0,1,1,1,0,1,1,1,0,0,1,1,0,1,1,0,1,1,0,1,1,1,1,1,0,1,0,1,0,0,1,1,0,1,1,0,0,0,1,1,0,1,0,1,0,0,1,1,0,0,1,1,1,0,1,1,0,0,1,0,0,0,0,0,1,0,0,1,1,1,0,0,0,1,0,1,0,1,1,0,0,0,1,1
1,1,0,0,1,0,0,0,0,0,1,1,1,0,0,1,1,1,0,0,0,0,1,0,0,0,0,0,1,0,1,1,0,1,1,1,0,0,0,1,1,1,1,0,1,0,0,1,1,1,1,1,1,0,1,1,0,0,0,0,0,0,0,0,0,0,0,0,1,0,0,0,1,1,1,1,1,0,1,1,0,1,0,0,0,1,0,0,1,0,0,1,1,1,0,1,0,1,0,1,1
1,1,1,1,0,0,1,1,0,1,1,0,0,1,1,0,1,0,0,1,1,1,0,0,0,0,1,0,0,0,0,1,1,1,1,0,0,0,0,0,0,1,1,1,0,1,0,0,1,0,0,0,1,1,1,1,0,0,1,1,1,1,0,1,1,1,0,0,0,1,0,1,1,1,0,1,0,1,0,1,1,1,0,0,0,1,0,1,1,0,1,1,0,0,1,1,1,0,0,1,0
0,1,0,0,0,1,0,1,1,1,0,0,0,0,1,1,1,1,0,1,1,0,0,1,0,1,0,1,1,0,0,1,1,0,0,1,1,1,0,1,1,1,1,1,0,0,0,1,1,0,0,0,0,0,0,1,0,1,0,0,0,0,0,1,1,1,1,1,1,0,1,0,0,1,0,1,0,0,0,0,0,1,1,0,1,0,0,1,0,0,0,0,1,1,0,1,1,1,0,1,0
1,1,1,0,1,0,1,0,0,0,1,0,0,1,1,1,0,0,0,1,0,1,0,0,0,0,1,1,0,0,0,1,0,1,0,0,0,0,0,0,0,1,0,1,1,1,1,0,0,1,1,1,0,0,0,0,0,1,0,1,1,0,1,1,0,1,0,0,1,1,0,1,1,1,1,1,1,1,0,1,1,1,0,0,0,1,1,1,1,1,1,1,0,0,0,1,1,1,1,1,0
1,1,1,0,0,1,0,1,1,1,1,1,0,1,0,1,1,0,1,0,1,0,0,0,1,1,0,0,1,1,0,1,0,0,0,0,0,1,0,0,1,0,0,1,0,1,1,0,1,1,0,1,0,1,1,0,1,0,0,1,0,0,1,1,1,0,0,0,1,0,0,0,0,0,0,1,0,0,0,1,1,1,1,0,1,1,1,1,1,1,1,0,0,1,1,0,0,1,1,1,1
0,0,0,0,1,1,0,0,0,1,1,1,1,1,0,0,1,1,0,0,0,0,0,0,1,0,0,1,1,0,0,1,0,1,1,1,0,0,0,0,1,1,1,0,1,0,1,0,1,0,0,0,1,1,0,0,1,0,0,1,0,1,1,0,0,0,0,0,0,1,0,1,1,0,1,0,0,1,0,0,1,1,1,0,0,1,0,0,1,1,1,1,1,1,0,1,0,0,1,1,1
0,1,1,1,0,1,1,1,1,1,1,1,0,0,0,0,1,1,0,1,1,0,0,1,0,1,1,1,1,0,1,1,0,0,1,1,1,1,1,1,0,0,0,0,0,0,0,0,0,1,1,0,0,1,0,0,0,0,0,1,1,0,0,0,1,1,0,1,1,1,1,1,1,1,0,0,1,0,0,0,0,1,1,0,1,0,1,0,1,0,0,0,0,1,1,1,1,0,1,1,1
1,0,0,0,0,1,1,1,1,1,1,1,1,0,1,1,0,1,0,1,0,0,1,1,0,1,1,1,1,0,0,1,0,0,0,1,0,1,1,0,0,0,1,0,1,0,0,0,0,0,1,1,1,0,1,0,1,0,0,0,0,1,0,1,1,0,1,0,0,0,1,1,0,0,1,0,1,1,0,1,0,1,0,1,0,1,1,0,1,1,1,0,1,0,0,0,1,1,1,1,1
0,1,0,0,1,1,1,0,0,1,0,0,0,0,1,1,0,0,0,0,0,1,1,0,0,0,1,1,1,1,0,0,0,1,1,0,0,0,0,0,1,1,1,1,1,1,1,0,0,1,1,0,0,0,1,0,1,1,0,0,0,0,0,1,0,1,0,0,1,0,0,0,0,1,1,1,1,0,1,1,0,1,1,1,1,1,0,0,0,1,0,0,1,0,1,1,0,1,0,1,0
1,0,0,0,0,0,0,1,1,0,0,1,0,1,0,1,1,1,1,1,1,1,0,1,0,0,1,1,0,1,0,1,1,0,0,0,0,1,0,0,1,0,0,0,0,0,1,1,1,0,1,0,1,1,0,0,0,0,1,1,1,0,0,0,0,1,0,0,0,0,1,0,0,1,1,0,0,0,0,1,0,0,0,0,1,0,1,1,1,1,0,0,1,1,1,0,1,1,0,0,1
1,0,0,0,1,0,0,1,0,0,1,1,1,1,0,0,1,1,1,1,0,0,1,1,1,1,0,1,0,1,0,0,0,0,1,0,1,1,0,1,0,1,1,0,0,1,0,1,0,0,0,0,0,1,1,0,1,0,1,1,0,0,0,1,0,1,1,1,0,0,0,0,1,1,0,1,1,1,0,0,1,0,1,0,0,0,1,0,0,0,1,1,0,1,1,0,0,0,0,1,1
0,1,1,1,1,1,0,0,0,0,0,1,1,1,1,0,0,1,0,1,0,0,0,1,1,1,0,0,0,0,1,0,0,0,0,1,1,1,0,1,0,1,0,0,1,1,0,0,1,0,0,0,0,0,1,0,1,0,1,0,1,1,1,0,0,1,0,0,0,1,0,0,1,1,0,0,0,1,1,0,1,1,1,1,0,1,0,0,1,0,1,1,0,1,1,1,0,0,1,0,1
1,0,0,1,1,1,1,1,1,1,0,1,1,1,0,0,1,1,0,0,1,0,1,1,0,0,0,0,1,0,0,1,0,0,0,0,0,1,0,0,0,1,0,1,1,0,0,0,0,0,1,1,0,0,0,0,0,1,0,1,1,1,0,1,1,0,0,0,1,1,1,1,0,0,0,0,0,1,1,0,0,0,1,1,1,1,1,1,0,0,0,1,0,0,0,0,1,0,1,0,0
0,1,0,0,1,1,1,0,1,0,0,1,1,0,1,1,0,0,1,0,1,0,1,1,1,0,0,0,1,0,1,1,1,1,1,1,0,0,0,0,0,0,1,0,1,0,0,1,0,0,1,0,0,1,0,1,0,0,0,0,0,0,0,1,1,0,1,1,1,0,0,1,1,0,0,1,1,1,1,1,0,0,0,1,1,0,1,1,0,1,0,0,0,0,1,0,1,1,1,0,1
1,1,0,0,1,0,1,1,0,1,1,1,0,1,1,0,0,1,0,1,0,1,0,0,0,0,1,1,0,1,0,0,0,0,1,1,1,0,1,1,0,1,1,1,0,1,1,1,0,0,0,1,0,0,1,1,0,1,1,0,1,1,0,1,0,1,0,1,0,0,0,1,0,0,0,0,0,1,1,0,0,1,0,0,1,1,1,1,0,1,0,1,0,1,0,1,0,1,0,0,1
0,1,0,0,0,1,1,1,0,0,1,0,1,0,0,1,1,1,1,0,0,0,1,0,0,1,1,1,1,0,1,0,1,0,1,0,0,0,0,0,1,0,1,1,0,0,1,1,0,0,0,1,0,1,0,1,1,0,0,1,0,1,1,0,0,1,1,1,1,0,1,0,1,0,1,1,1,0,0,0,1,0,0,1,0,1,1,1,1,0,0,0,0,1,0,1,1,0,0,0,1
0,1,1,1,1,0,1,1,1,1,0,0,0,0,1,0,1,0,0,0,1,0,1,1,1,0,0,0,0,1,0,0,1,1,1,0,0,1,0,0,1,1,1,0,1,0,1,0,1,0,0,0,1,0,0,0,0,1,1,0,0,0,1,0,1,0,0,0,1,0,1,1,0,0,1,1,0,1,1,0,0,0,0,1,1,0,0,1,1,1,1,1,0,1,1,0,1,0,0,0,1
1,1,1,1,1,1,1,1,1,0,1,0,1,0,0,1,0,0,0,1,0,0,0,1,0,1,0,0,0,1,0,0,1,0,0,1,1,0,0,1,1,1,1,0,1,0,1,1,0,0,1,0,0,1,0,1,1,1,1,1,1,0,1,1,1,1,1,1,0,0,0,1,0,1,0,0,1,0,0,1,1,0,1,0,1,1,0,1,0,0,0,1,1,1,1,1,1,0,1,1,1
1,1,0,0,1,1,0,0,0,1,1,1,1,1,0,0,0,1,1,0,1,1,0,1,0,0,1,1,0,1,1,1,0,0,0,1,1,1,0,1,1,0,1,0,1,1,1,0,1,1,1,1,1,1,1,1,0,0,0,0,1,0,1,0,1,1,1,0,1,1,1,0,0,1,0,1,1,0,0,0,0,0,0,0,1,0,1,1,1,1,1,0,0,0,0,0,1,0,0,1,1
1,0,1,1,1,1,1,0,1,1,1,1,1,1,0,1,1,0,0,1,1,1,0,1,1,0,0,1,0,1,1,1,0,0,1,0,0,1,1,1,0,1,0,0,0,0,1,0,1,0,1,0,1,1,1,1,1,0,1,0,1,0,1,0,0,1,1,0,0,1,1,0,1,0,1,1,1,0,1,1,0,1,0,0,1,1,0,1,0,0,0,1,1,0,0,0,1,0,0,0,1
1,0,1,1,0,1,0,0,1,0,0,0,1,1,0,0,0,0,0,0,0,1,1,0,0,0,1,0,1,0,0,0,0,0,0,0,0,1,0,1,0,1,1,0,1,0,1,1,0,0,0,1,0,0,0,0,1,1,1,0,0,1,0,0,1,0,0,1,1,1,0,0,1,1,0,1,0,0,1,0,1,1,1,1,1,0,1,0,0,1,1,1,1,0,0,0,0,0,1,1,0
0,0,0,0,1,0,1,1,0,0,0,0,1,0,1,0,0,0,1,1,0,0,0,1,1,1,1,0,0,1,0,0,0,0,1,1,1,0,0,1,1,0,1,1,0,1,0,0,0,1,0,0,1,0,1,0,0,1,1,1,0,0,1,1,1,1,0,1,0,0,1,1,1,0,0,0,1,0,0,0,0,0,1,1,1,0,0,0,0,0,0,0,1,0,1,0,0,0,1,0,1
0,1,0,1,1,0,1,1,1,1,0,1,0,0,0,0,1,0,1,0,0,1,0,1,1,0,0,0,0,0,0,1,1,0,0,0,1,1,0,0,1,0,0,1,0,0,1,0,1,1,0,0,0,1,1,0,0,0,0,1,1,0,0,1,1,0,1,0,1,1,1,0,1,0,0,0,0,0,0,0,0,0,1,1,1,1,0,0,0,0,0,0,0,1,1,1,0,0,0,0,0
1,0,1,1,1,1,0,1,0,0,1,1,0,0,0,0,0,1,1,0,0,0,1,0,1,1,0,1,1,0,0,0,1,0,1,1,0,1,0,0,1,0,0,0,1,1,1,0,1,1,1,1,0,1,0,0,0,1,1,0,1,0,1,1,1,1,1,1,0,0,0,0,1,1,1,1,1,1,0,1,0,1,1,1,1,1,1,0,1,1,1,0,1,0,1,1,1,0,0,1,1
0,0,0,0,1,1,0,1,1,1,0,1,0,1,1,1,1,0,0,1,1,1,1,0,0,1,1,0,1,0,0,0,0,1,1,1,0,1,0,1,1,0,0,1,1,0,0,0,1,0,0,1,1,0,0,0,0,1,1,1,1,0,0,1,1,1,1,0,1,0,0,0,1,0,0,1,0,0,1,0,0,1,1,0,1,1,1,0,1,0,1,1,0,1,0,1,1,1,1,1,1
1,0,1,0,0,0,0,1,0,0,0,1,0,1,1,0,1,1,1,1,0,1,0,1,0,0,1,1,1,1,1,1,0,0,1,0,0,0,1,0,1,0,1,0,1,1,0,1,0,0,1,1,0,1,0,0,1,1,0,0,0,0,1,1,0,1,0,1,0,0,0,0,1,0,1,0,0,0,0,0,0,1,1,0,1,0,0,1,0,0,1,1,1,0,0,1,0,1,1,1,1
1,1,0,0,0,1,1,1,0,0,0,0,0,1,0,0,0,0,0,0,0,0,1,0,0,1,1,0,0,1,0,1,1,1,1,0,1,0,1,1,0,0,1,0,1,0,1,1,1,1,1,0,0,0,1,1,1,1,0,0,1,0,0,0,0,1,0,0,1,1,1,1,0,0,0,1,0,0,1,0,1,1,1,0,1,1,1,0,0,1,0,0,0,1,1,1,1,0,1,1,1
1,0,1,0,0,0,0,1,1,1,1,0,0,0,1,1,0,0,1,0,0,0,1,1,0,1,0,1,1,0,1,0,1,0,0,1,0,0,0,0,0,0,1,1,0,1,0,1,1,0,0,0,1,0,1,0,1,1,0,0,0,0,0,0,0,0,0,1,0,0,0,0,0,1,0,1,0,0,1,0,0,1,0,1,0,0,0,1,0,1,1,0,1,1,0,1,1,1,1,0,1
1,0,1,0,0,1,0,0,0,0,0,1,1,0,1,1,1,0,0,0,0,0,1,1,1,0,1,0,0,0,0,1,1,0,1,1,0,1,1,0,1,0,0,0,0,1,1,1,0,1,1,0,1,1,1,1,0,1,1,1,1,0,1,1,0,1,1,0,1,1,0,1,0,0,0,1,0,0,0,1,1,1,1,0,0,0,0,0,0,1,1,0,0,0,0,1,1,1,0,0,1
1,0,0,0,0,1,0,0,1,0,0,1,0,1,0,0,1,0,1,0,0,1,1,1,0,1,0,0,0,1,0,0,1,1,0,1,0,1,1,1,1,0,0,1,0,1,0,0,1,1,0,1,1,0,1,0,1,1,1,0,1,0,1,0,0,1,0,0,0,0,0,0,1,1,0,1,1,1,0,1,1,1,0,0,1,1,1,1,1,0,1,0,1,0,0,0,1,0,1,1,1
1,0,0,1,1,1,0,0,1,1,0,0,1,1,1,0,1,1,1,1,1,0,0,0,0,0,0,0,0,1,1,0,0,1,0,1,0,1,0,1,0,1,1,1,0,1,1,0,0,0,1,0,0,1,1,1,1,0,1,0,1,0,0,1,1,0,1,0,1,1,1,1,1,1,1,0,1,1,0,1,1,1,0,1,0,1,1,0,0,1,1,1,1,0,1,1,1,1,0,1,1
1,0,0,1,1,0,0,1,0,1,1,1,1,0,0,1,0,0,1,0,1,0,0,0,1,0,0,1,0,0,1,0,1,0,0,0,1,0,1,0,0,1,1,1,0,1,0,0,1,1,0,1,0,1,1,1,0,0,1,0,0,0,1,1,1,0,0,1,1,0,1,0,0,0,1,0,0,0,0,0,0,0,1,1,0,1,0,0,1,0,0,0,0,1,1,0,1,1,0,1,1
1,1,1,0,1,0,0,0,0,0,1,1,1,1,1,0,0,0,1,0,0,1,0,1,1,1,1,1,0,1,1,1,0,0,0,1,0,1,0,1,1,1,1,1,1,1,0,1,1,0,0,1,1,1,0,1,0,1,1,1,0,0,1,1,1,1,1,0,0,0,0,1,0,0,0,0,0,1,1,0,0,0,0,0,1,0,1,0,0,1,0,0,1,1,1,1,1,0,0,1,1
1,1,0,0,1,0,1,1,1,1,1,1,1,0,0,1,0,0,0,0,1,1,0,0,1,1,0,0,0,0,0,1,0,1,1,1,1,0,1,1,0,0,0,0,1,1,1,0,1,0,1,1,0,0,0,0,0,0,1,0,1,1,0,1,1,1,1,0,0,1,1,0,0,0,1,0,1,0,1,1,0,1,1,1,1,0,1,1,1,0,1,1,1,0,0,0,1,1,1,0,1
1,0,1,1,1,0,1,0,0,1,0,1,0,0,0,0,0,1,1,1,1,1,0,1,1,0,1,0,0,0,1,0,1,1,1,0,0,0,0,1,0,1,0,1,1,1,1,1,1,1,0,0,1,0,1,0,0,0,0,0,0,1,1,0,1,0,1,1,1,0,1,0,1,0,0,1,1,1,1,0,1,1,0,1,1,1,1,1,0,1,1,0,0,0,0,0,0,0,0,1,1
0,0,1,1,0,0,1,0,1,0,0,0,0,0,0,1,0,0,1,0,0,1,0,0,0,1,0,0,0,0,1,1,1,1,1,0,1,0,0,0,1,0,0,1,1,0,0,0,0,1,0,1,1,1,1,1,1,1,0,0,1,1,1,1,1,1,1,0,0,0,0,0,1,1,0,0,0,1,0,0,1,0,0,1,1,1,0,0,1,0,1,0,0,0,1,1,0,0,0,0,0
1,1,0,1,0,0,1,1,0,0,1,0,0,0,0,0,1,0,0,1,1,1,0,0,1,0,0,1,0,1,0,0,0,0,0,0,0,0,1,1,0,0,1,1,0,1,1,0,1,0,0,1,1,0,1,1,1,0,1,0,1,1,1,1,1,1,0,0,0,1,1,1,0,1,0,1,0,1,0,1,0,0,1,1,1,1,0,0,1,0,0,1,1,1,1,1,1,1,1,0,0
1,1,1,0,0,1,0,1,1,1,0,1,0,1,1,0,1,1,0,1,1,1,1,0,1,1,1,0,1,1,0,0,0,0,1,0,0,0,0,0,1,0,0,0,1,1,0,1,1,0,1,0,1,1,1,1,0,0,1,0,1,0,0,0,0,1,1,0,1,1,0,0,1,1,0,1,0,0,1,0,0,0,0,1,0,0,1,1,1,1,0,1,0,1,1,0,0,1,0,1,1
0,0,0,1,1,1,0,1,1,1,1,1,0,1,0,1,1,0,0,0,0,0,0,1,1,1,0,0,1,0,1,0,0,0,1,0,1,0,1,0,1,1,0,1,1,1,0,0,1,1,0,0,0,0,0,1,0,1,1,1,0,1,0,0,0,1,0,1,0,1,0,0,0,1,0,0,1,1,0,1,1,1,0,0,1,0,0,0,0,0,1,0,1,0,1,0,1,1,1,0,0
0,1,0,0,1,0,1,1,1,1,1,0,0,0,1,1,1,1,1,1,1,1,1,0,1,0,0,0,0,1,1,1,0,1,0,1,1,0,0,1,1,1,1,1,0,0,1,0,1,1,1,1,0,0,0,0,1,0,1,1,1,1,0,0,1,0,0,1,0,0,0,0,1,0,0,0,0,1,0,0,1,0,1,1,0,0,0,0,1,1,1,0,0,1,1,1,1,1,1,1,1
1,1,1,0,0,1,0,0,0,1,1,0,0,0,0,1,0,1,0,1,0,1,1,0,0,0,1,0,1,0,1,0,1,0,0,1,1,0,1,1,0,0,1,0,0,1,0,0,0,1,1,1,1,1,0,1,0,1,1,0,0,0,0,0,0,0,0,0,1,1,1,1,1,0,1,0,0,0,1,0,0,0,1,1,1,1,1,0,1,1,0,1,0,0,0,1,0,1,1,0,1
1,0,0,1,1,0,0,1,1,1,1,1,1,0,0,0,1,1,1,0,0,1,1,0,0,0,0,0,1,0,0,1,1,1,1,0,0,1,0,0,1,1,0,1,1,0,0,1,1,0,0,1,0,0,1,0,1,1,1,0,1,1,0,1,0,1,0,0,1,0,1,1,1,1,0,1,1,0,1,1,1,1,1,0,1,1,0,0,0,1,0,1,0,1,0,1,0,1,0,0,1
1,0,0,0,0,1,0,0,1,1,1,1,1,0,0,1,1,0,1,1,0,1,1,0,1,0,0,1,1,0,0,1,0,0,1,1,1,0,1,0,1,1,1,1,1,0,1,1,0,1,1,0,1,1,0,1,0,0,1,0,0,1,0,1,1,0,0,0,1,0,1,0,0,1,1,1,1,1,0,0,0,1,0,0,0,0,1,1,0,1,0,0,0,0,0,0,0,0,0,0,1
0,0,1,0,0,1,1,0,1,0,0,0,0,0,1,0,1,1,1,1,0,1,0,1,1,1,0,1,0,1,0,0,1,1,1,0,0,1,1,1,1,0,1,0,0,0,0,1,1,1,1,1,0,0,1,0,1,1,1,0,1,1,0,1,1,0,1,1,0,1,1,1,1,0,0,0,0,1,0,0,1,1,1,1,1,0,0,0,0,1,0,0,0,1,0,0,1,0,1,0,1
1,1,1,1,0,0,1,0,1,0,0,1,1,0,1,1,1,1,0,1,1,0,0,0,1,0,0,0,1,0,0,0,1,1,1,0,1,0,1,0,0,1,0,1,1,0,0,1,0,1,1,1,1,1,1,1,1,1,0,1,1,0,1,0,1,0,1,0,1,1,1,0,0,0,0,0,0,1,1,1,1,0,1,1,1,1,1,0,0,1,0,1,1,0,1,0,1,1,1,1,1
0,1,1,1,1,0,1,0,1,0,1,0,1,0,0,1,1,0,0,0,1,1,0,1,1,1,1,0,0,1,1,0,0,1,0,0,1,1,1,1,0,0,1,0,1,1,0,0,1,1,1,1,0,1,0,1,1,1,0,1,0,1,1,0,0,1,1,0,1,1,1,1,0,1,1,1,0,1,0,1,1,1,1,1,0,0,1,1,0,0,0,1,1,0,1,1,1,0,0,0,0
0,0,0,1,0,1,0,0,1,1,0,1,1,0,1,1,0,1,0,0,0,0,0,0,0,0,0,0,0,1,1,0,0,0,0,1,1,0,1,1,1,0,1,1,0,0,0,0,0,1,0,0,0,0,1,1,0,0,1,1,0,1,1,0,1,1,0,1,0,0,0,1,1,0,0,0,0,0,1,0,0,1,1,1,0,1,1,1,1,1,0,0,0,1,1,1,1,1,1,0,0
1,1,1,1,1,0,0,0,1,0,0,1,1,0,1,0,1,0,1,0,0,0,0,0,1,0,0,0,1,1,0,0,1,0,1,1,0,0,1,0,0,1,0,0,1,0,0,0,0,1,1,1,1,0,0,0,0,0,1,1,0,1,1,1,1,1,0,0,0,1,0,0,1,0,0,0,0,0,0,1,0,0,1,0,1,1,1,1,0,1,1,1,0,0,1,1,0,1,0,0,1
1,1,1,1,0,1,0,0,0,1,1,1,1,1,0,1,1,1,0,1,0,0,1,0,1,1,1,0,0,1,1,1,0,0,1,1,0,0,0,0,0,1,0,1,1,0,0,1,0,0,0,1,0,1,1,0,1,1,1,0,1,1,1,1,1,1,0,0,1,0,1,0,0,0,0,0,1,1,0,0,0,0,1,1,0,0,1,1,1,1,0,0,0,1,0,1,0,0,1,0,1
0,0,1,1,1,0,0,0,1,1,0,0,1,0,0,1,1,0,0,1,0,1,0,1,1,0,0,1,0,0,1,0,0,0,0,1,1,1,1,1,1,0,0,0,1,0,0,0,0,1,0,0,1,1,1,0,0,0,1,1,0,1,1,1,0,0,0,1,0,1,1,1,1,0,1,1,0,1,0,0,0,1,0,0,1,1,0,1,1,0,1,1,1,0,0,0,0,0,1,0,1
0,1,1,0,1,0,0,0,1,0,0,0,0,1,0,1,1,1,0,0,0,0,0,0,0,1,0,1,1,0,0,1,1,0,1,0,0,1,1,1,1,0,0,1,1,0,1,1,0,0,0,1,1,0,1,0,0,0,1,0,0,1,1,0,1,0,0,1,1,1,0,1,0,0,1,0,0,0,1,1,1,1,0,1,0,0,0,0,0,1,0,1,0,0,0,1,1,0,0,0,1
0,1,0,1,1,0,0,1,1,0,0,1,1,1,1,1,1,1,0,0,0,1,1,1,1,1,0,1,0,1,1,1,1,0,1,1,1,1,0,0,1,1,0,1,1,1,0,0,0,1,1,0,0,0,0,1,1,0,0,1,1,1,1,1,1,1,0,0,0,0,0,1,1,0,1,1,0,0,1,1,1,0,1,1,0,1,0,0,0,0,0,0,0,0,0,0,1,1,1,1,1
1,0,1,0,1,1,0,0,1,0,1,1,1,1,0,1,0,1,0,1,1,1,0,0,0,0,0,1,1,1,0,0,1,0,1,1,1,0,1,1,0,0,0,0,0,0,1,0,1,1,1,1,0,1,0,1,1,0,0,0,0,0,1,1,1,1,0,0,0,0,1,1,0,0,0,1,0,0,0,1,1,1,1,1,1,1,0,1,1,0,1,1,1,1,1,0,0,0,1,0,1
0,0,0,1,1,1,1,1,0,0,0,0,1,1,1,0,0,0,0,1,1,1,1,1,0,0,0,1,1,0,0,1,1,0,1,1,0,1,1,1,1,0,0,1,0,0,1,0,0,0,1,0,0,0,1,1,0,1,1,1,0,1,1,1,0,0,1,1,0,1,1,1,1,0,0,0,0,1,1,0,0,1,0,1,0,0,0,1,1,0,1,1,0,0,0,1,1,1,1,0,1
1,1,0,0,0,0,0,0,1,0,0,0,0,0,0,1,1,0,1,0,1,1,0,0,0,1,1,1,0,1,1,0,0,1,1,0,0,1,0,1,1,1,1,1,0,0,0,1,1,1,1,0,1,0,0,1,1,0,1,0,0,1,0,1,1,0,1,1,0,1,1,0,1,1,0,1,1,0,0,0,0,0,1,0,0,1,1,0,0,0,1,0,0,1,1,0,0,1,1,1,1
1,0,1,1,1,1,1,0,1,1,1,0,0,1,1,1,0,1,0,1,1,0,1,0,1,1,0,1,1,0,0,1,1,0,1,0,0,0,0,0,1,1,0,1,1,0,1,0,1,0,0,1,1,0,0,1,1,1,0,0,0,0,0,0,1,0,0,0,1,1,1,1,0,0,0,1,1,0,0,0,0,1,0,1,0,0,0,0,1,1,1,1,1,1,1,0,1,0,0,0,1
1,0,1,0,1,1,0,1,0,0,1,1,0,0,1,0,1,1,0,0,1,1,0,1,0,1,0,0,0,1,0,1,1,0,0,1,0,0,0,1,0,1,1,0,1,1,0,1,1,0,1,0,0,1,0,1,1,1,1,1,0,1,0,0,1,0,0,1,1,0,1,0,1,1,0,1,0,0,0,1,1,1,1,0,1,1,1,1,0,1,0,0,0,0,1,0,0,0,1,0,1
1,1,1,0,1,0,0,1,0,0,0,1,1,1,1,0,0,0,1,1,0,1,0,1,0,0,0,1,0,1,0,0,1,0,1,1,0,1,0,1,0,0,1,0,0,1,1,1,1,1,0,0,1,0,1,0,0,0,1,0,0,0,1,1,1,1,1,0,0,0,0,0,1,1,0,1,1,1,0,1,1,0,1,0,1,0,0,0,0,0,0,0,1,1,0,0,0,0,1,0,1
0,0,0,0,0,1,0,1,1,0,1,0,1,0,0,0,1,1,0,1,0,1,1,0,1,1,0,0,1,1,0,0,1,0,1,1,0,1,1,1,1,0,1,0,0,0,1,1,0,0,0,1,0,0,1,0,1,1,0,0,1,0,1,0,1,1,1,0,1,1,1,1,0,0,1,1,0,0,0,1,1,0,0,0,0,1,0,1,0,1,1,1,1,0,1,0,0,0,1,0,1
0,0,1,1,1,0,1,1,0,0,1,1,1,1,1,0,0,1,1,1,1,1,1,1,1,0,0,0,0,0,1,0,0,1,0,0,0,1,1,0,1,0,0,1,0,0,1,0,1,1,1,1,0,1,0,1,1,1,1,0,1,1,0,1,0,1,1,0,0,0,1,0,1,0,1,0,1,1,1,1,1,0,1,1,0,1,0,0,0,0,0,1,1,1,0,0,0,0,1,0,1
1,0,0,1,1,1,0,1,1,0,0,0,0,0,0,0,0,1,0,0,1,0,0,0,1,1,1,0,0,1,1,1,1,1,0,1,1,1,0,0,1,1,1,0,1,0,1,0,0,1,0,0,1,1,1,1,0,1,1,0,0,0,0,1,1,1,1,0,1,1,1,0,1,0,1,1,0,0,0,1,0,0,0,1,0,0,0,1,0,1,1,1,0,0,0,0,0,0,0,0,1
0,1,1,1,0,1,0,1,1,0,1,0,1,0,0,1,1,1,0,0,0,0,1,0,0,0,0,1,0,1,1,0,1,0,1,1,0,0,1,1,0,1,1,1,1,0,1,1,0,0,1,0,1,1,1,0,0,1,0,1,1,1,0,1,0,0,1,1,1,0,0,1,0,1,1,0,1,0,1,1,0,0,1,0,1,1,1,0,0,0,0,1,1,1,0,0,1,1,0,1,1
0,0,0,0,1,0,1,1,0,0,0,0,1,0,1,1,1,1,0,1,0,1,0,1,0,1,1,0,0,0,0,0,0,0,1,1,0,0,1,1,1,0,0,0,0,1,1,1,0,0,0,1,1,1,1,0,0,0,0,1,1,0,1,0,1,1,1,0,0,0,1,1,0,1,0,0,1,0,0,1,1,0,0,1,0,1,1,0,0,0,0,1,0,1,0,1,1,1,1,0,1
1,1,1,1,0,0,1,0,1,0,0,0,1,0,1,0,0,0,0,1,0,0,0,1,0,1,0,1,0,0,0,1,1,1,1,1,1,1,1,0,1,0,0,1,1,0,1,1,1,0,1,1,0,0,1,0,1,1,0,0,0,0,1,0,0,0,0,0,0,1,1,1,1,1,1,0,0,1,1,0,0,0,0,0,0,0,0,0,1,1,0,0,0,1,1,1,1,0,0,1,1
0,0,1,1,0,1,1,1,1,0,1,0,1,0,1,0,0,0,0,1,0,0,0,0,1,0,0,0,1,1,1,0,0,0,0,1,0,1,0,1,0,0,1,0,1,1,0,1,0,1,0,1,0,1,1,1,0,0,0,0,1,1,0,0,0,0,0,1,1,1,1,0,1,0,1,1,0,1,1,1,1,0,0,0,1,1,1,1,1,1,1,1,0,0,1,0,0,1,0,1,0
0,1,1,1,0,0,1,0,1,1,1,1,1,0,1,1,0,1,0,1,1,0,0,1,0,0,0,1,0,0,0,1,1,1,0,0,1,0,1,0,1,1,0,0,1,0,1,1,1,0,0,0,1,0,0,1,1,0,0,0,0,1,1,0,1,0,1,1,0,1,0,0,1,1,0,0,0,0,1,1,1,1,1,0,1,1,0,1,1,1,1,0,0,0,1,0,0,1,0,0,0
0,1,1,0,1,1,1,0,0,1,0,0,0,1,0,0,1,1,1,0,1,0,0,0,1,1,1,0,0,0,0,0,1,0,0,1,1,1,1,1,0,1,0,0,0,0,1,0,1,1,0,1,1,1,0,1,1,0,0,0,1,0,0,1,1,1,1,1,0,1,0,1,1,1,1,0,1,0,0,0,1,1,0,1,0,1,1,1,1,0,1,0,1,1,1,1,0,1,0,1,1
1,1,1,0,1,0,0,1,1,0,0,1,0,0,1,1,0,1,0,1,1,1,1,0,0,0,0,0,0,0,0,0,1,1,1,0,0,1,1,0,1,1,0,1,0,1,1,1,0,0,0,0,1,1,0,0,0,1,0,0,0,1,1,0,0,1,0,1,0,0,1,0,1,1,1,1,0,1,0,0,1,1,0,1,1,0,0,1,1,1,1,0,0,1,1,1,0,0,1,0,1
0,1,1,1,1,0,1,0,0,1,0,1,1,0,0,1,1,1,0,0,1,1,0,0,1,0,0,1,0,1,0,0,1,0,1,0,0,0,0,1,0,1,1,0,0,1,0,0,1,0,1,1,0,0,1,0,0,1,1,0,1,0,1,1,1,0,1,1,1,0,0,1,1,0,0,0,0,1,1,1,0,1,1,1,0,1,0,1,1,1,0,0,1,0,1,0,1,0,1,1,0
1,1,1,0,0,0,1,1,1,0,1,0,1,1,1,0,0,1,0,1,0,1,1,0,0,0,1,1,1,1,1,0,0,1,0,1,0,0,0,0,0,0,1,1,0,0,0,0,0,0,1,0,0,1,1,1,0,1,1,1,1,0,0,0,1,1,1,0,0,0,1,1,1,0,0,0,0,0,1,0,0,1,1,0,0,0,1,0,0,1,1,1,0,1,0,1,1,1,0,1,1
1,0,1,1,1,1,1,0,0,1,1,0,1,0,1,1,0,1,0,0,1,0,0,0,1,0,1,0,0,0,0,0,0,0,1,1,0,0,1,0,0,0,1,1,0,0,0,1,1,1,0,0,1,0,0,1,0,0,1,1,0,0,1,0,0,1,0,0,0,1,0,1,0,1,0,1,0,0,0,0,1,1,0,0,0,1,0,1,0,1,1,1,1,0,1,1,1,0,1,1,1
1,0,1,1,0,0,0,0,1,0,0,0,0,1,0,1,0,0,0,0,0,1,1,0,1,0,0,1,1,1,0,0,1,0,0,1,1,1,0,0,0,1,1,0,1,0,0,1,0,0,0,0,1,0,0,1,1,1,0,1,1,0,0,1,1,0,1,0,0,0,0,0,0,0,1,0,0,1,0,1,1,0,0,1,0,1,0,0,1,0,0,1,1,0,0,1,0,0,0,0,0
1,0,1,1,0,0,0,0,0,0,0,1,0,1,1,1,0,1,1,0,0,1,1,0,0,0,0,0,1,1,1,0,0,1,1,0,1,0,1,1,1,0,0,1,1,1,0,1,0,1,1,0,1,0,1,0,0,0,0,1,0,0,0,1,1,0,1,1,1,1,1,1,1,0,1,0,1,0,1,0,0,0,1,1,1,1,1,0,0,1,1,0,1,1,1,0,1,0,0,1,1
0,1,1,0,0,0,0,1,1,1,1,0,1,1,1,0,1,1,1,1,0,0,0,0,1,1,1,1,1,0,1,0,1,0,1,1,0,0,1,0,1,1,0,1,1,1,1,0,1,1,0,0,1,1,1,1,1,1,1,0,0,1,0,1,0,1,1,1,1,1,0,1,1,1,0,1,0,0,1,0,0,0,0,1,1,0,0,0,0,1,0,0,1,0,0,1,0,1,1,1,1
1,0,1,0,1,0,0,1,1,1,1,1,1,1,0,0,1,0,0,0,1,0,1,0,1,0,1,1,0,1,1,0,0,1,1,0,0,1,1,1,0,0,1,1,0,1,1,1,1,0,0,1,1,0,1,0,0,1,0,0,0,0,0,0,1,1,0,0,1,1,1,0,0,0,1,0,1,1,1,1,1,1,1,0,0,0,0,0,1,1,0,1,1,0,0,1,0,0,0,0,1
0,0,1,0,0,0,1,1,1,0,0,1,1,0,0,1,0,0,0,1,1,1,0,0,0,1,0,0,1,1,0,0,1,0,1,1,1,0,0,0,1,1,0,0,1,1,1,1,0,0,0,0,0,1,0,1,1,0,1,1,0,1,0,0,0,0,1,0,0,0,1,0,1,1,1,0,1,1,0,0,0,0,1,1,1,0,0,0,1,1,0,1,0,1,1,0,0,0,1,1,1
1,1,1,0,0,0,1,0,1,0,1,1,1,0,0,0,1,0,1,0,0,0,0,0,1,1,1,1,0,0,0,1,0,1,1,0,1,0,1,0,1,0,0,0,0,1,0,1,0,1,0,0,1,1,0,0,1,1,1,1,1,1,1,1,1,1,1,0,0,0,1,1,0,0,1,1,0,1,0,0,0,0,0,0,0,1,1,0,0,1,0,1,1,1,0,0,1,1,1,1,1
1,0,0,0,1,1,0,0,0,0,0,0,0,1,0,1,0,0,0,1,0,1,0,0,0,0,1,1,1,0,1,0,1,0,1,1,0,0,0,0,1,1,0,0,0,1,0,0,0,0,0,1,1,1,1,0,0,1,1,1,1,0,1,1,0,0,0,1,1,0,1,0,1,1,1,1,1,1,0,1,0,0,1,0,1,1,1,1,1,0,1,1,1,1,0,0,0,0,0,1,1
1,1,1,1,0,1,1,1,1,1,1,0,1,1,0,1,0,0,1,0,0,1,0,1,1,1,0,1,1,0,1,0,1,1,0,0,0,0,0,0,1,1,0,1,0,1,1,0,0,1,0,0,1,0,1,1,1,1,1,1,0,1,1,0,1,1,0,0,0,1,1,1,0,1,0,1,1,0,1,0,1,1,0,0,0,1,0,0,0,1,1,0,0,1,0,0,1,1,1,1,1
0,0,1,1,1,1,1,1,0,1,0,0,1,0,1,0,0,0,0,1,1,0,1,1,1,1,0,1,1,1,1,1,0,1,1,1,1,1,0,0,0,0,1,0,1,1,0,0,1,1,0,0,1,0,0,1,1,0,1,0,0,0,1,0,1,1,0,1,1,0,0,0,1,0,1,1,0,1,1,1,0,1,1,0,1,1,0,0,0,1,1,0,0,0,1,0,1,0,1,1,1
0,1,0,1,0,0,1,1,0,0,0,0,0,0,1,0,1,0,0,0,0,0,1,1,0,0,0,1,0,1,0,0,0,1,0,1,0,0,0,1,1,1,0,0,1,1,0,0,1,0,1,1,1,0,0,1,0,0,1,1,1,0,0,1,1,0,0,1,0,0,1,0,1,1,0,0,0,0,1,0,1,1,1,1,0,1,1,1,1,0,1,1,1,0,1,0,0,0,0,1,0
0,1,1,0,1,1,0,1,1,0,1,0,0,1,0,1,0,0,1,1,0,0,1,0,0,1,1,1,0,1,0,0,1,0,0,1,1,0,0,0,1,0,0,0,1,0,0,1,1,1,0,0,1,0,1,0,1,1,0,0,0,1,1,0,1,0,0,0,1,0,1,0,1,0,0,0,0,1,0,0,1,1,0,0,1,1,0,0,0,0,0,0,0,0,1,1,0,1,1,1,1
1,1,0,1,1,0,1,1,0,1,0,0,1,0,0,1,1,1,1,1,0,0,1,1,1,1,0,1,0,1,1,0,0,1,0,0,1,1,1,1,0,0,0,0,1,0,0,1,0,1,1,0,1,0,0,0,1,1,0,1,0,1,0,1,0,1,0,0,1,1,0,0,1,0,0,1,1,1,0,0,1,1,1,1,1,0,0,1,1,0,0,1,0,1,0,0,0,1,0,0,1
1,0,1,0,1,1,1,0,0,0,0,1,0,1,0,0,0,1,0,0,0,1,1,0,0,1,1,1,1,1,0,0,1,1,1,0,1,0,0,0,1,0,1,1,0,0,0,0,1,1,0,0,0,1,0,0,0,1,0,1,0,1,1,1,1,0,0,1,0,0,1,0,1,1,1,1,0,0,0,1,1,0,0,1,1,0,0,1,0,1,0,0,1,0,1,0,0,1,0,0,1
0,0,1,1,0,1,1,1,1,1,0,1,0,0,0,0,1,1,1,1,0,1,1,1,0,0,0,0,1,1,1,0,0,0,0,0,0,0,1,1,1,1,0,0,1,0,1,0,1,0,1,1,0,1,0,1,1,0,0,1,0,0,0,1,1,0,0,0,0,0,0,1,0,0,1,1,0,1,0,1,1,1,1,1,0,0,1,0,0,1,0,0,1,0,0,0,0,0,0,0,0
0,0,0,0,1,1,0,0,1,1,1,1,0,1,1,1,1,0,1,0,0,0,0,1,1,1,1,1,1,0,1,1,1,1,0,1,1,0,1,0,0,1,1,1,0,1,1,1,0,0,0,0,0,1,0,1,0,0,0,1,0,0,1,1,0,0,1,0,1,0,0,0,0,1,0,1,0,1,0,1,0,0,0,0,1,0,0,1,1,1,1,1,1,0,1,1,0,1,0,1,0
1,1,1,0,1,0,0,1,1,1,0,1,1,1,1,0,1,0,0,1,1,0,1,1,1,1,0,1,1,0,0,0,1,1,0,0,0,1,1,1,0,0,1,0,1,1,1,1,0,0,1,1,1,1,0,1,1,0,0,0,0,0,0,0,1,0,0,0,1,1,0,0,1,0,0,1,1,1,1,0,1,1,1,1,1,1,1,0,0,0,1,1,0,1,1,0,1,0,0,0,1
0,0,0,0,1,0,0,1,0,0,0,1,1,0,1,1,1,1,0,0,1,1,0,0,0,0,1,0,0,0,1,1,1,0,0,1,0,1,0,1,0,0,1,0,1,1,1,0,1,1,0,0,0,1,1,1,1,0,1,1,0,0,0,1,0,0,1,0,0,0,1,0,1,1,1,0,0,1,0,0,1,0,1,1,0,1,0,0,1,1,1,0,0,1,0,1,0,0,1,1,1
1,1,1,1,1,0,1,1,0,1,1,0,1,0,0,1,0,0,0,1,0,0,1,0,0,0,0,0,0,0,0,1,0,0,0,0,1,1,0,0,1,1,0,1,1,0,0,1,1,0,0,0,1,0,1,1,1,0,0,0,0,0,0,1,1,1,0,1,1,1,1,1,1,0,0,0,0,1,0,0,0,1,1,0,0,0,0,0,1,0,1,1,1,0,0,1,0,1,0,1,1
0,1,0,1,0,0,1,1,1,1,0,0,1,0,0,1,1,0,0,0,1,1,0,0,0,0,1,1,1,1,1,0,0,1,0,1,0,1,1,1,0,0,0,0,1,0,0,0,0,1,1,1,1,1,1,0,0,0,0,1,0,1,1,1,1,0,0,1,1,1,0,1,1,0,0,1,1,0,1,0,1,0,0,1,0,0,0,1,1,0,1,0,1,1,0,0,1,0,1,0,0
0,0,0,0,1,1,1,0,0,1,0,1,1,1,0,1,0,1,0,0,0,0,1,0,1,0,1,1,0,1,1,0,1,1,1,0,1,0,0,0,0,1,1,0,1,1,0,0,1,0,1,1,0,0,1,0,0,0,1,0,1,1,1,1,0,0,1,1,1,0,1,1,1,1,0,0,0,1,1,1,0,0,0,0,1,0,1,1,0,1,1,0,1,0,0,1,1,1,0,1,1
0,0,0,0,0,1,1,1,0,1,0,0,1,0,1,1,1,1,0,1,1,1,0,1,0,1,0,0,0,0,1,0,1,1,1,0,1,0,1,0,1,1,1,0,0,1,1,0,0,1,0,1,0,0,0,0,1,1,1,0,0,0,0,0,0,0,0,0,0,1,0,0,0,1,1,0,0,0,0,1,1,0,1,0,1,0,1,0,1,1,0,1,0,0,1,0,0,0,1,0,1
1,0,1,1,1,1,0,0,1,1,1,1,0,0,0,0,0,1,0,1,1,0,0,0,0,1,0,0,0,1,1,1,1,1,0,0,0,0,1,1,0,1,1,0,0,1,0,1,0,0,1,1,0,0,0,0,1,1,1,0,0,1,0,1,0,1,0,0,1,0,1,1,0,1,0,1,0,0,0,1,0,1,0,1,0,0,0,1,0,1,0,0,0,0,1,1,0,0,0,0,1
0,1,0,1,1,0,1,1,0,1,0,0,0,0,1,0,1,0,0,1,0,1,1,1,0,0,1,0,1,1,1,0,1,1,1,0,0,1,1,1,0,0,1,1,1,0,0,0,1,0,0,0,1,0,1,1,1,1,0,1,0,0,1,0,0,0,1,1,1,1,0,1,0,1,0,0,1,0,0,0,0,1,0,1,0,0,1,1,0,1,0,0,0,0,0,1,1,1,1,1,0
1,1,1,1,0,1,1,0,0,1,0,1,0,0,1,1,0,1,0,1,0,0,1,0,0,0,0,1,0,0,1,0,1,1,1,1,1,1,0,0,0,1,0,1,0,1,0,0,0,0,1,0,0,1,0,1,0,1,1,0,1,1,0,1,0,1,1,0,1,0,0,0,1,1,0,1,0,1,0,0,0,1,1,0,0,0,1,1,1,1,0,0,0,0,0,1,0,0,0,0,1
0,1,1,1,1,0,1,0,0,0,1,0,0,1,1,0,0,0,1,1,1,1,0,0,1,0,0,0,0,0,0,0,0,0,1,1,0,1,1,1,1,0,1,1,0,0,0,0,1,0,0,1,0,0,1,1,0,1,0,1,0,0,1,0,1,1,0,1,0,0,0,0,0,1,0,0,1,0,0,1,1,1,1,0,0,0,0,0,0,1,0,1,0,0,1,1,1,1,0,1,1
0,1,0,0,1,0,0,0,1,0,0,1,0,1,1,0,0,1,1,0,0,0,1,1,0,0,1,0,0,1,1,0,1,1,0,1,0,1,0,0,1,1,1,1,1,0,0,0,0,1,1,1,1,0,1,1,0,0,1,0,0,1,0,0,1,0,0,1,0,1,1,0,0,0,0,1,0,1,0,0,1,1,1,0,0,0,1,1,1,0,0,0,0,1,0,0,0,1,0,1,1
1,0,1,0,1,0,1,1,0,0,0,0,0,0,1,1,1,1,0,1,0,1,1,1,1,0,0,0,0,0,0,1,1,0,1,1,1,0,0,1,1,0,0,0,1,0,0,0,1,1,1,0,1,1,1,1,1,0,1,0,1,0,1,1,1,1,0,1,1,1,0,0,1,1,0,0,1,0,0,1,0,1,0,0,0,1,1,0,0,1,0,1,0,0,0,1,0,1,1,0,1
0,1,0,0,1,1,1,0,1,0,1,0,1,1,0,0,1,1,1,0,1,1,0,0,0,1,1,1,0,1,0,0,0,0,0,1,1,0,0,0,1,1,1,0,0,1,1,1,0,0,0,0,1,1,1,1,0,1,0,1,1,0,1,1,1,1,1,1,1,0,0,0,0,0,1,0,1,1,0,1,1,0,0,0,1,1,1,0,1,0,1,1,0,1,0,1,1,0,0,1,0
0,0,0,1,0,0,0,0,1,0,1,0,0,0,0,1,1,1,0,1,1,1,0,1,0,0,1,1,0,0,0,0,1,1,0,1,0,0,1,1,1,1,1,1,1,1,1,1,0,1,1,1,1,1,0,0,0,1,0,1,0,0,1,1,0,1,0,1,0,1,0,1,0,0,1,1,0,0,0,0,1,1,1,1,1,0,0,1,0,0,1,1,0,0,1,1,0,1,1,1,0
0,0,1,1,1,1,0,0,0,0,0,1,0,0,1,1,1,0,0,0,0,1,1,0,1,0,0,0,1,0,0,1,0,0,0,0,1,0,0,1,1,1,0,1,0,0,0,1,0,0,0,1,0,0,0,0,0,0,1,1,1,1,0,1,0,1,0,1,1,1,0,1,1,1,0,1,0,1,0,0,0,1,0,1,1,0,0,0,0,0,1,1,0,0,0,1,1,0,0,1,0
1,1,1,1,0,0,1,0,1,0,0,0,1,0,0,0,1,1,0,0,1,0,0,1,0,0,1,1,1,0,1,1,0,0,0,0,1,1,1,1,1,1,0,1,1,0,1,1,1,1,1,1,0,1,0,1,1,0,1,1,0,0,0,0,1,1,0,0,1,0,1,0,0,0,1,0,0,0,1,0,1,1,0,0,1,0,0,0,0,1,1,0,1,0,1,1,1,1,0,1,0
0,0,0,0,1,0,1,1,0,0,1,1,1,0,1,0,1,1,1,0,0,1,1,0,1,0,0,1,0,1,0,1,0,0,0,1,1,0,1,1,0,0,1,1,0,1,0,0,1,1,0,0,0,0,0,1,0,0,1,0,1,0,1,1,1,1,0,1,1,0,1,0,0,1,1,0,1,0,0,0,0,1,0,1,0,1,1,1,1,0,0,0,1,1,0,1,1,0,0,0,0
1,1,0,0,0,0,0,0,0,1,1,1,1,1,0,0,1,1,0,0,1,1,1,0,1,0,0,1,1,0,0,0,0,0,1,1,1,0,1,0,1,1,1,0,1,1,0,0,1,0,0,1,1,0,1,0,0,1,0,0,0,0,1,1,1,1,0,0,0,1,0,1,0,1,0,0,0,1,0,0,0,0,0,0,1,1,1,1,1,0,0,0,1,1,1,1,1,0,1,1,1
1,0,0,0,0,0,1,1,1,1,0,0,1,0,1,1,1,1,0,1,0,1,0,0,0,0,0,0,0,0,0,0,1,0,0,0,0,0,0,0,0,1,0,1,1,1,0,0,0,1,1,0,0,0,0,0,1,1,0,1,0,1,0,1,1,1,0,1,1,0,1,1,1,0,1,0,0,1,1,0,1,0,0,1,1,0,1,0,0,0,1,0,1,1,0,1,1,0,1,1,0
1,1,0,0,1,1,1,1,0,1,0,1,1,1,1,0,1,1,1,0,0,1,1,0,0,1,1,0,0,0,1,0,1,0,0,1,1,1,1,1,1,0,0,0,1,0,0,1,1,1,1,1,1,1,1,1,1,0,0,0,0,0,0,1,1,1,1,0,0,0,1,1,1,1,1,0,1,0,0,0,1,1,1,0,0,0,1,1,1,1,1,0,1,1,1,1,0,1,0,1,1
0,1,0,1,1,0,1,1,0,1,0,1,1,1,1,0,0,0,1,0,1,1,0,0,0,1,0,0,1,1,1,1,1,0,0,0,1,0,0,1,1,0,1,0,0,0,1,1,1,0,0,0,1,0,1,0,0,0,0,0,0,0,1,1,1,0,1,0,1,0,0,1,1,1,0,0,1,1,0,1,1,0,0,1,0,1,0,0,1,0,0,0,1,1,1,1,0,1,0,1,1
1,1,0,0,1,1,1,1,0,1,0,1,1,0,1,1,0,1,1,0,0,1,1,0,1,1,0,1,1,0,1,0,0,1,1,1,1,1,0,0,1,0,0,0,1,0,1,1,1,0,0,1,0,0,0,0,1,1,0,0,0,0,1,0,0,1,0,0,1,1,0,1,1,0,1,1,0,1,1,0,1,1,0,1,0,1,1,0,0,1,1,1,1,0,0,0,0,1,1,0,1
0,0,0,0,0,0,1,1,1,1,0,1,1,0,1,1,0,0,1,0,1,1,1,1,1,0,1,1,0,1,1,1,0,1,1,0,1,0,0,0,1,1,1,1,1,0,1,0,1,1,0,0,1,1,0,1,0,0,0,1,1,1,1,0,1,0,0,1,1,0,0,1,1,1,0,0,0,0,0,1,1,1,1,0,0,1,0,1,1,1,0,1,0,0,0,0,1,1,1,0,0
1,1,0,1,1,0,1,0,0,0,0,1,1,0,0,0,0,1,1,1,1,0,1,0,0,0,1,0,1,0,0,1,1,0,0,0,1,1,1,0,1,0,1,1,1,1,0,1,1,0,0,1,0,0,1,1,1,0,1,1,0,1,0,0,1,1,1,0,1,1,1,0,0,0,0,0,1,1,1,0,1,0,1,0,0,0,0,1,0,0,0,1,1,1,1,0,1,1,0,0,1
1,0,0,0,1,1,0,0,1,0,0,1,0,1,0,1,0,1,0,0,1,0,0,1,1,0,0,0,1,0,1,1,1,0,0,0,0,1,1,0,1,0,1,0,0,0,0,1,0,1,0,1,0,0,0,0,1,1,1,1,0,0,0,0,0,1,0,1,1,0,0,0,0,0,0,0,1,1,0,0,0,0,1,0,0,0,0,1,0,0,1,0,0,1,1,1,1,0,1,0,1
1,0,0,1,0,0,0,0,1,1,1,0,0,1,1,0,0,1,0,1,1,0,1,0,0,1,0,1,1,1,1,0,1,1,0,1,1,0,0,0,1,1,0,0,0,1,1,0,0,1,0,1,1,0,1,1,1,1,0,0,0,0,1,0,1,0,0,0,1,0,0,1,1,0,0,1,1,1,1,0,0,1,0,0,1,0,0,0,0,1,1,1,1,1,1,1,0,0,1,0,1
0,0,0,0,0,1,1,0,0,0,0,0,0,0,1,1,0,1,0,0,0,0,1,0,1,1,0,1,0,0,0,0,1,1,1,0,0,0,0,0,1,1,0,1,1,0,1,1,1,0,0,0,1,0,1,0,1,1,1,1,0,1,0,0,1,0,0,0,0,0,0,0,1,1,0,1,0,0,0,0,0,0,0,1,0,1,1,1,1,0,0,0,0,0,1,0,0,0,0,0,1
1,0,0,0,0,1,1,0,0,0,0,1,0,0,0,1,1,0,1,0,1,1,1,1,0,1,0,1,1,1,0,1,0,1,0,0,1,0,1,1,0,0,1,0,0,0,1,1,1,1,0,1,1,1,0,0,1,0,0,0,1,0,1,1,0,1,1,1,1,0,0,0,0,0,0,0,1,1,0,0,0,0,0,0,1,1,0,1,0,0,0,0,1,0,0,1,1,1,0,1,0
0,0,1,1,1,1,1,0,1,1,0,0,1,0,1,1,1,1,0,0,0,0,1,1,0,0,1,0,0,0,0,1,0,1,1,0,1,0,0,1,1,0,0,1,1,1,1,1,0,0,1,0,1,0,1,0,0,1,1,1,0,0,0,0,1,1,1,0,0,0,1,0,1,1,1,1,1,1,0,0,1,0,1,0,1,1,0,1,0,0,0,1,0,0,0,1,1,0,1,0,0
0,1,1,1,1,1,1,0,1,0,0,0,1,0,0,0,1,0,1,1,0,0,0,0,0,1,0,1,0,0,1,0,1,0,1,1,0,1,1,1,1,0,0,1,0,1,1,1,0,0,0,0,0,1,1,0,0,0,1,1,1,0,1,1,0,0,0,0,0,1,1,1,0,0,0,0,0,1,0,1,1,1,1,0,0,0,1,0,1,1,1,0,0,0,0,0,1,0,0,1,1
0,1,0,1,1,0,0,0,1,0,0,1,1,0,0,1,0,0,1,0,1,0,0,1,0,0,1,1,1,1,1,0,1,1,0,1,0,0,0,0,0,1,0,0,0,1,0,1,0,0,0,0,0,0,0,1,0,1,1,0,1,1,1,1,0,1,1,1,0,1,0,1,1,1,1,0,0,1,1,1,1,0,0,0,0,0,0,0,0,0,1,1,1,1,1,1,1,1,1,1,0
1,0,0,0,1,0,1,0,0,1,1,1,1,0,1,0,0,1,1,0,0,0,0,1,0,1,0,0,0,1,0,0,0,0,0,0,1,0,1,0,0,0,0,0,0,1,0,0,1,0,1,1,1,0,0,1,0,1,1,1,1,1,1,0,0,1,0,1,1,1,1,1,1,0,1,0,0,1,1,1,1,1,0,1,0,1,0,0,0,1,1,1,1,0,0,1,1,0,1,0,0
0,1,0,0,0,1,0,1,0,1,0,0,0,0,1,1,0,0,1,0,0,0,1,0,0,1,1,1,1,0,0,1,1,0,0,1,1,1,1,1,1,0,0,0,1,0,0,0,0,1,0,0,1,1,1,0,1,1,0,1,1,1,0,1,0,1,0,0,1,1,0,0,0,1,1,0,1,0,0,1,1,0,0,1,1,0,0,1,0,0,0,1,0,1,1,1,0,1,0,0,1
0,1,0,1,0,0,1,1,1,1,0,1,0,1,1,0,0,0,0,1,0,0,0,0,1,0,1,0,1,0,0,1,0,0,0,0,1,0,1,0,1,1,0,1,1,1,0,1,1,1,0,1,1,0,1,1,1,0,0,0,0,1,1,0,1,1,1,0,0,0,0,1,1,1,1,0,1,0,0,1,1,1,1,0,1,0,1,0,1,0,1,1,0,1,0,0,1,1,0,1,0
1,0,0,1,1,1,1,0,0,1,0,1,0,0,1,0,0,0,0,0,0,0,1,1,0,1,0,1,0,0,1,0,1,0,0,0,1,1,0,0,1,1,1,1,1,1,1,0,1,0,0,0,0,0,1,1,0,1,0,0,1,1,0,1,1,0,0,1,0,0,0,1,1,0,1,1,1,0,0,0,1,1,1,1,0,0,1,1,1,0,0,0,1,1,1,1,1,1,1,1,0
0,0,1,1,0,0,1,0,0,1,1,0,0,1,1,0,0,0,0,0,0,1,0,0,1,1,1,0,1,0,1,1,1,0,1,0,1,0,0,1,1,1,1,0,0,0,0,0,1,1,1,1,1,0,0,0,0,1,1,1,0,1,1,0,1,1,1,0,0,1,1,0,0,1,1,0,1,0,0,0,0,1,1,0,0,1,0,1,0,1,1,1,0,0,0,1,1,1,0,1,1
0,0,1,1,1,0,0,0,1,1,0,1,1,0,1,0,1,0,0,1,0,1,1,1,1,0,0,1,0,0,0,0,0,1,0,0,1,0,1,0,0,1,1,0,1,1,1,0,1,1,0,0,1,1,0,1,1,1,0,0,1,1,1,0,0,1,0,0,0,1,1,1,1,1,1,1,1,1,0,1,1,1,0,0,0,0,1,1,0,0,1,0,0,0,1,1,1,1,1,1,0
0,0,0,1,0,1,0,0,1,1,1,0,0,1,0,1,0,1,0,1,1,1,1,1,0,0,0,1,0,1,1,1,0,0,1,1,1,1,1,1,1,1,1,0,0,1,1,1,1,1,0,1,0,0,0,1,0,0,0,0,0,1,1,1,1,0,0,1,0,0,0,1,1,0,1,0,1,1,0,0,1,1,1,0,0,0,1,0,1,0,0,0,0,0,0,1,1,1,1,0,1
1,1,0,1,0,0,1,1,1,0,0,1,1,1,1,0,0,0,1,0,0,1,1,1,1,0,1,1,1,0,0,1,0,1,1,0,0,0,1,1,0,1,1,0,1,1,1,0,0,1,0,1,1,0,0,1,1,0,0,1,1,0,1,1,1,0,0,0,0,0,1,0,1,0,0,1,0,0,1,1,1,0,0,0,1,0,1,1,1,1,0,0,1,1,0,0,0,0,0,0,0
0,1,0,0,0,1,1,0,0,0,0,0,1,1,1,1,1,0,0,0,1,1,0,0,0,0,1,1,0,0,0,0,1,0,1,1,1,0,1,1,1,1,1,1,0,0,0,1,0,1,1,1,0,1,0,0,0,0,1,0,1,1,0,1,1,0,1,0,1,1,0,0,1,0,1,0,1,1,1,0,0,1,1,0,1,0,0,0,0,1,0,1,0,1,0,0,1,0,0,0,0
0,1,0,0,1,1,1,0,0,0,0,0,1,1,1,1,0,0,0,0,1,1,1,1,1,1,1,1,1,1,0,1,1,0,1,0,1,1,1,1,1,1,1,0,1,0,1,0,0,1,0,1,0,1,1,1,0,0,0,1,1,1,0,0,0,0,1,0,1,1,0,0,0,0,1,0,0,1,0,0,1,0,1,0,0,0,1,1,1,1,0,0,0,1,1,0,1,0,1,0,0
1,1,1,0,1,0,1,1,0,0,1,0,0,0,1,1,0,1,1,0,0,1,0,1,1,1,0,0,0,0,0,0,0,0,0,0,0,1,1,0,1,1,1,0,0,1,0,0,0,1,0,1,0,0,1,0,0,1,1,0,0,1,0,0,1,1,1,1,1,0,0,0,0,0,0,1,1,1,1,0,1,1,0,0,0,1,1,0,1,0,0,1,1,0,0,1,0,1,1,0,1
0,0,0,0,1,0,1,0,1,0,0,1,1,0,1,1,0,0,1,0,0,1,0,1,1,1,1,1,1,1,1,0,0,1,0,0,1,0,1,1,0,0,0,1,1,1,1,1,1,0,1,0,1,1,0,1,1,0,0,0,0,1,0,1,1,0,1,0,0,0,1,0,1,1,1,1,0,0,1,0,0,1,0,0,1,1,0,0,1,1,1,1,1,0,1,1,1,0,1,0,0
1,0,0,0,0,0,0,0,0,0,1,1,1,1,0,1,1,0,1,1,0,0,1,1,0,1,1,1,1,1,0,1,1,0,1,1,0,1,0,1,0,1,1,1,0,1,1,1,1,0,0,0,1,1,0,1,0,0,1,0,0,1,1,0,0,1,0,1,1,1,1,1,0,1,1,0,1,1,0,1,0,1,0,0,1,0,0,1,1,1,1,1,1,0,0,1,1,0,0,0,1
1,0,1,0,1,1,1,0,1,0,0,1,1,1,1,1,0,0,0,0,0,1,1,1,1,1,1,0,1,0,0,0,1,1,0,0,1,0,1,1,0,1,0,1,1,1,1,1,1,0,0,1,0,1,0,1,1,1,0,1,1,0,0,0,1,1,1,0,1,1,0,0,1,1,0,0,0,0,0,0,0,0,1,1,1,1,0,0,1,1,1,1,1,1,1,1,0,1,1,0,0
1,1,1,1,1,1,0,1,1,1,0,0,1,0,1,0,0,1,0,0,1,1,1,0,0,0,0,0,1,1,0,0,0,0,1,1,0,1,0,1,0,1,0,1,0,1,1,0,0,1,0,1,0,0,0,1,1,0,0,1,1,1,1,1,0,0,1,0,0,1,1,1,0,1,0,0,0,0,1,1,1,0,1,0,1,0,0,0,1,0,0,0,1,1,1,1,1,0,0,1,1
1,1,1,0,1,0,0,0,0,0,1,1,1,1,1,0,1,0,1,0,0,0,1,0,0,1,0,0,1,0,1,0,0,1,1,0,1,0,1,1,0,0,0,1,0,0,1,0,1,1,1,0,1,1,0,0,1,0,0,1,1,0,1,0,0,0,0,0,1,0,1,1,1,1,0,0,1,1,1,0,1,0,1,0,1,1,0,0,1,1,0,1,1,1,1,1,0,1,1,1,1
0,1,1,0,0,1,1,1,0,1,1,1,1,1,1,0,1,0,1,0,1,1,0,0,0,0,0,1,1,0,1,1,0,1,0,0,1,0,0,0,0,1,0,1,1,0,1,1,0,0,1,1,0,1,1,1,1,0,0,0,0,0,0,0,0,0,0,0,1,0,1,0,1,0,0,1,1,0,1,1,1,0,1,0,0,0,0,0,1,0,1,1,1,1,0,1,1,1,0,1,0
1,0,0,1,0,0,1,0,0,0,0,0,0,1,1,0,1,0,1,1,1,1,1,0,1,1,0,1,0,1,0,1,1,0,1,0,1,1,0,1,0,0,0,0,0,0,0,0,1,1,1,0,1,1,0,0,1,1,1,1,0,0,0,0,1,0,1,1,0,1,1,1,0,0,0,1,1,0,1,1,1,0,1,1,1,1,1,0,0,1,1,0,0,0,1,0,0,1,0,0,0
0,0,1,1,1,0,1,0,1,1,1,0,1,1,0,0,1,1,0,0,0,0,0,1,0,1,1,0,1,1,0,0,0,0,0,0,0,0,0,0,0,1,1,1,1,0,1,0,1,0,0,0,0,1,1,0,1,0,1,1,0,0,0,1,1,1,0,0,1,0,1,1,1,0,0,1,1,1,1,1,0,1,0,0,0,0,1,0,0,1,0,0,1,0,0,1,1,0,1,0,0
1,1,0,0,0,0,1,0,0,1,1,1,0,0,1,1,1,0,1,0,0,0,0,0,1,0,1,0,1,0,0,0,0,1,0,0,1,0,1,0,0,0,1,0,0,0,1,1,0,0,0,1,1,1,0,0,0,0,0,1,1,0,0,1,1,0,0,0,1,0,0,0,1,0,1,1,1,1,0,0,1,0,1,1,1,1,1,0,0,0,1,0,0,0,0,0,1,1,0,0,0
1,1,0,1,0,0,1,0,0,0,0,1,0,0,0,1,1,0,0,0,0,0,1,0,0,1,0,1,0,0,1,1,0,0,0,0,1,1,0,0,0,0,1,1,1,0,1,1,0,0,1,0,1,0,1,1,1,0,0,1,1,0,0,0,1,0,0,0,0,1,1,0,0,1,0,0,0,0,0,1,0,1,1,1,1,1,1,1,1,0,1,0,1,0,1,1,0,0,0,0,0
1,1,1,0,1,1,1,1,0,0,0,0,0,1,1,0,1,1,1,0,0,0,1,0,1,0,1,1,1,0,1,0,0,1,0,0,1,1,0,0,0,1,1,0,0,1,1,1,1,1,0,1,0,1,1,1,1,1,1,0,0,1,0,1,1,0,0,0,0,1,0,0,0,1,0,1,1,1,0,0,0,0,0,0,1,1,0,0,1,0,0,1,1,0,0,1,0,1,1,0,1
0,1,0,0,0,1,0,1,1,0,1,0,0,1,1,0,1,1,0,1,1,1,1,1,0,1,0,1,1,0,1,1,0,1,1,1,1,0,1,0,1,1,0,0,0,1,1,0,1,0,1,1,0,1,0,0,1,0,0,0,1,1,0,0,0,1,0,0,0,1,1,1,1,0,1,1,0,1,0,1,1,1,0,0,0,0,0,1,0,1,0,1,0,0,1,1,1,1,0,0,1
0,1,1,1,1,0,0,1,1,0,0,1,0,1,0,1,1,0,0,1,0,1,1,0,0,1,0,0,1,1,1,0,1,1,0,1,0,1,1,1,1,0,0,1,0,0,1,1,0,1,0,0,1,1,1,0,0,1,1,0,1,0,1,0,1,1,1,1,0,0,0,1,0,0,1,1,1,1,0,0,1,0,1,1,0,0,1,1,1,0,0,1,0,1,1,0,0,1,1,0,1
1,0,0,1,0,1,1,0,1,0,0,1,1,0,1,1,0,0,1,0,1,1,1,0,0,1,1,0,0,0,0,0,1,1,0,0,0,0,1,0,1,0,0,0,1,1,1,1,0,0,0,0,0,1,1,0,1,1,1,1,1,0,1,0,1,0,0,0,1,1,0,1,1,0,1,1,0,0,0,1,1,0,0,1,0,0,0,0,1,0,0,1,1,1,0,1,1,1,1,0,0
1,0,0,0,0,0,1,0,0,1,0,1,0,0,1,1,1,0,1,0,1,1,1,0,1,1,0,0,1,1,1,1,0,1,1,1,1,1,1,0,0,0,1,0,1,0,1,0,1,0,1,1,0,1,1,1,1,0,1,0,0,0,1,1,1,0,0,0,1,0,1,1,0,1,1,0,1,1,1,0,0,0,1,0,0,1,0,1,0,0,0,1,1,1,0,0,0,0,1,1,1
1,1,1,0,0,0,0,0,0,1,0,1,0,1,0,0,1,0,1,1,1,1,1,0,1,0,0,0,0,1,0,0,0,0,0,1,1,0,1,1,1,0,0,1,1,0,0,1,1,0,1,1,1,0,0,0,1,0,0,1,0,1,0,0,0,0,0,1,0,0,1,1,1,1,0,0,0,0,0,1,0,1,0,0,1,0,1,1,0,0,0,1,0,0,0,1,1,0,1,1,1
0,0,1,1,1,0,1,1,1,1,1,0,1,1,1,1,1,0,0,1,1,1,0,1,1,1,0,1,1,0,0,1,0,0,0,0,1,0,0,1,1,1,1,1,1,1,1,1,1,0,1,0,0,0,0,1,0,1,0,0,1,0,0,0,0,1,1,1,1,0,0,1,0,0,1,0,1,0,1,0,1,0,0,1,0,0,1,1,0,1,1,1,1,1,0,1,1,1,1,1,0
1,1,1,1,1,1,1,1,1,0,0,0,0,0,0,0,1,1,0,0,0,1,0,0,0,0,0,1,1,1,1,0,1,0,1,0,1,1,1,1,1,0,0,0,1,1,0,1,1,0,0,0,1,0,0,1,0,0,1,0,1,1,1,0,0,1,0,1,0,0,1,1,0,0,0,0,1,0,1,0,0,1,0,0,0,1,0,1,0,0,1,1,1,0,1,0,1,1,1,0,1
0,0,0,0,0,1,1,1,0,0,0,0,0,0,1,1,1,1,1,0,0,1,0,0,0,0,0,1,1,0,1,0,0,1,1,0,0,0,1,1,0,1,1,0,1,0,1,0,1,0,0,1,1,0,1,1,1,1,0,1,1,0,1,0,0,0,0,0,1,1,1,0,0,0,1,1,0,1,0,1,0,0,0,0,0,1,1,0,1,0,0,1,0,1,1,0,0,0,0,0,1
0,0,0,1,1,0,0,1,0,1,0,0,0,0,1,1,0,1,0,1,1,0,0,1,0,0,1,1,0,1,1,1,1,0,1,1,1,1,0,0,0,1,1,1,1,1,0,0,1,0,0,1,1,0,1,0,1,0,0,0,1,1,1,1,1,0,1,0,1,1,0,1,0,0,0,1,1,0,1,0,1,1,0,1,0,0,0,1,0,0,1,0,0,0,0,0,1,0,1,1,0
0,1,0,1,0,1,0,0,0,1,1,1,1,1,1,0,0,0,0,0,1,1,1,0,0,0,1,0,0,0,1,1,0,0,0,1,1,0,1,1,0,0,0,0,0,1,0,0,0,0,0,1,0,0,0,0,1,1,1,0,0,1,1,0,0,0,1,1,0,0,1,1,0,1,1,0,1,0,0,1,0,0,1,1,0,1,0,0,0,0,0,0,0,1,0,0,0,1,1,1,0
1,0,1,0,0,0,0,0,1,0,1,0,0,0,0,1,1,0,1,1,1,1,1,1,0,1,1,1,1,0,1,0,1,1,1,0,1,1,0,1,1,1,1,1,0,1,1,1,0,0,1,0,1,0,1,1,1,1,0,1,1,0,0,0,1,0,1,0,1,0,1,1,0,0,0,0,0,0,1,0,1,1,1,0,0,0,0,0,1,0,0,0,1,0,0,1,1,0,1,0,1
0,1,1,0,0,1,1,1,0,0,1,1,0,1,1,1,0,1,1,1,1,1,1,1,1,0,1,1,0,1,0,0,0,1,1,0,1,0,1,1,0,1,0,1,0,0,0,1,0,1,1,1,0,1,0,0,1,1,0,0,0,0,1,1,1,0,1,1,0,0,1,1,0,0,0,0,1,1,0,0,1,1,1,1,0,1,0,1,0,0,0,0,0,0,1,1,0,1,1,0,0
1,1,1,0,0,0,1,1,1,0,1,1,0,0,1,0,0,0,0,0,1,0,0,0,1,0,1,0,0,1,1,0,1,0,1,1,1,1,1,1,0,1,0,1,0,1,0,1,0,1,0,1,0,1,0,0,1,0,1,0,0,1,1,1,1,0,1,1,0,1,0,0,1,0,1,1,0,0,1,0,1,0,1,0,1,1,0,1,0,1,1,0,0,1,1,0,0,0,0,0,1
0,1,0,0,1,1,0,0,1,1,1,1,0,1,1,1,0,0,1,1,0,1,1,0,0,0,0,1,0,0,1,1,1,1,0,1,1,0,1,1,1,1,1,1,0,1,1,0,0,0,1,1,1,0,1,0,0,1,1,1,1,1,1,0,1,0,1,0,0,1,1,0,0,0,0,1,0,1,0,0,1,1,1,0,0,0,1,0,0,1,0,1,0,1,0,0,1,0,1,1,1
0,0,1,0,0,1,1,1,1,1,1,0,0,1,0,1,1,1,0,1,1,0,0,1,0,1,0,1,1,0,1,0,0,0,0,1,0,1,1,1,1,0,1,0,1,0,1,0,1,0,0,1,1,0,0,0,0,0,1,1,1,1,0,1,1,1,0,0,0,1,0,0,1,0,0,1,0,0,1,1,1,1,1,1,0,1,0,0,0,0,1,0,1,0,0,0,0,0,1,1,1
1,1,1,0,0,0,1,0,0,0,1,1,0,1,1,0,0,1,1,0,1,1,1,1,1,1,1,0,1,1,0,0,0,1,1,0,0,0,1,0,0,1,0,1,1,1,1,0,0,0,0,0,0,0,1,0,0,0,0,1,1,0,1,0,1,0,1,0,0,0,0,1,1,1,1,0,1,1,0,1,0,1,1,1,0,1,0,0,1,0,0,0,0,1,0,1,0,1,0,0,0
0,0,1,0,1,0,1,1,1,1,0,0,0,0,1,0,0,0,1,0,0,1,1,1,0,0,0,0,1,0,0,1,0,0,1,0,1,0,0,1,1,0,0,0,0,1,0,0,0,1,1,0,0,1,0,0,1,0,0,1,1,0,0,1,0,0,0,0,1,1,1,1,0,1,0,0,0,0,1,1,0,1,1,1,0,0,1,1,0,0,0,1,1,1,0,0,0,1,1,1,0
1,1,1,1,0,1,0,1,0,0,0,0,1,0,0,1,0,1,1,0,0,1,0,0,1,1,0,1,0,0,0,0,0,1,0,1,0,1,0,1,1,0,1,0,0,1,1,1,0,1,0,1,0,0,0,0,1,1,0,1,0,0,1,0,1,1,1,0,0,0,1,0,1,0,0,1,0,1,1,0,1,0,0,1,0,1,0,0,1,1,0,1,0,1,0,0,0,1,0,1,1
1,1,1,0,1,1,0,0,0,0,1,0,0,0,0,1,1,0,1,1,1,1,0,0,0,1,0,1,0,0,0,0,1,0,1,0,1,0,1,0,0,1,0,1,1,0,0,0,1,1,1,1,0,0,0,0,1,1,1,1,1,1,0,1,0,0,1,0,0,1,1,1,0,0,1,1,1,1,1,1,0,0,1,0,1,0,1,0,1,0,0,0,1,0,0,1,1,1,1,0,0
1,1,1,0,1,0,0,0,1,1,1,0,1,0,0,1,0,1,0,0,0,0,1,0,1,1,0,1,1,1,0,0,1,1,1,0,1,0,1,1,0,0,1,0,1,0,1,1,0,1,1,1,0,1,0,1,1,1,0,1,1,1,0,1,0,0,1,0,1,1,1,1,1,0,1,0,0,0,1,0,1,0,0,1,1,1,0,0,0,1,0,0,0,1,0,1,0,0,0,1,1
1,1,1,1,0,0,0,0,0,0,0,0,0,0,0,0,1,1,1,1,1,0,0,1,1,0,0,1,0,1,1,0,1,0,0,1,0,1,1,1,0,0,0,0,1,0,0,1,1,0,1,1,0,0,1,0,1,0,0,0,1,1,0,0,1,0,1,0,0,1,0,0,1,0,1,0,1,0,1,1,1,0,0,0,1,1,0,0,1,1,0,0,0,0,1,0,0,1,1,1,1
0,1,0,0,0,1,1,1,1,0,1,0,0,0,0,1,1,1,1,1,0,1,0,1,1,1,1,0,0,1,1,1,1,0,0,0,0,0,1,0,0,1,1,1,0,0,0,1,0,0,0,0,1,1,1,0,1,0,1,1,0,1,0,1,0,0,0,0,0,1,0,0,1,1,1,1,1,1,0,0,1,1,1,0,0,0,1,0,1,0,0,0,0,1,0,1,0,0,1,1,0
1,0,1,1,0,1,1,0,0,0,0,1,0,0,1,0,1,0,0,0,1,0,0,0,1,1,0,1,1,0,0,0,0,0,1,0,0,1,0,1,0,0,1,0,1,1,0,1,0,0,1,0,0,0,0,1,1,1,1,1,1,0,0,0,1,0,1,1,0,1,1,0,1,1,0,0,0,1,1,1,1,0,0,1,1,0,1,0,1,1,0,0,0,1,1,0,0,1,1,0,0
1,0,1,1,1,1,1,1,0,0,0,0,0,0,0,0,0,0,0,0,0,1,1,0,1,0,0,0,1,0,1,1,1,1,1,1,1,0,0,0,1,0,1,0,0,1,1,1,1,1,1,1,1,1,0,0,0,1,0,1,1,1,0,0,1,1,0,0,0,1,0,1,1,0,0,1,0,1,0,0,1,0,0,1,1,1,1,1,1,1,1,0,1,1,1,1,1,1,0,1,1
0,0,0,1,1,0,0,1,1,0,0,1,0,0,1,1,0,0,1,0,0,1,1,0,0,1,0,0,0,0,0,0,0,0,1,0,0,0,1,0,1,1,0,0,1,0,0,0,0,0,1,1,0,0,0,0,1,0,1,1,0,1,1,0,0,0,1,0,0,1,1,1,0,0,0,0,1,0,1,0,1,0,0,1,1,0,0,0,0,0,0,0,1,1,0,1,0,0,0,1,1
0,0,1,1,0,1,0,0,1,1,1,1,1,1,1,0,1,1,1,1,0,0,0,1,1,1,0,0,0,0,0,0,1,1,0,1,0,1,0,1,1,1,0,1,1,0,0,1,0,0,1,0,0,1,1,0,1,1,0,1,1,0,0,1,1,1,1,0,0,1,1,0,0,0,1,1,1,1,1,1,0,0,0,0,0,0,0,0,1,0,1,1,1,1,0,0,1,1,1,1,0
0,0,0,0,1,0,1,1,1,0,1,1,1,1,1,1,0,0,1,0,0,1,1,1,1,1,1,1,0,0,0,1,1,0,0,0,1,1,0,1,0,0,1,0,0,1,0,0,0,0,1,1,0,0,1,1,0,0,0,1,1,0,1,0,0,0,1,1,0,0,0,0,1,1,1,0,0,0,1,0,1,0,1,1,0,0,1,1,1,0,1,1,1,0,0,1,1,0,0,0,0
0,0,1,0,1,0,0,0,1,1,1,1,0,0,0,0,0,0,1,0,1,0,0,0,0,0,1,0,1,0,1,0,1,0,1,1,1,1,0,1,1,1,0,0,1,0,1,1,1,0,0,1,0,0,0,0,0,1,0,1,1,1,0,0,0,1,0,1,0,1,1,0,0,0,0,1,1,1,1,1,0,1,0,0,0,0,1,1,1,1,1,1,0,0,1,1,1,0,0,1,1
0,0,0,0,0,1,0,0,0,1,0,1,1,1,1,1,1,0,0,0,1,0,0,1,0,0,0,1,1,0,1,1,0,0,0,1,1,0,1,1,0,1,1,0,1,1,1,1,0,0,1,1,0,1,1,1,0,1,0,1,1,1,0,0,1,1,0,1,0,1,1,1,1,1,0,1,0,0,1,0,1,0,0,1,0,1,1,1,0,1,0,1,0,0,1,1,1,0,1,0,0
1,1,1,0,0,0,1,1,0,1,1,0,1,0,1,1,0,1,0,1,0,0,0,1,0,1,0,1,0,1,1,1,1,1,0,1,1,0,1,0,1,0,1,0,1,0,1,1,1,1,1,1,1,0,0,0,1,1,1,0,1,0,1,0,0,0,0,0,0,1,1,1,1,0,0,0,1,0,1,1,0,0,0,0,0,0,0,0,1,0,0,1,1,0,0,1,1,0,1,1,1
0,0,1,1,1,0,1,1,0,0,1,0,1,0,0,0,1,0,0,1,0,0,0,1,1,1,0,0,0,0,0,1,0,0,1,1,1,1,1,1,1,0,0,1,0,1,0,0,0,0,0,1,0,1,0,1,0,0,0,1,0,1,1,1,1,0,0,0,1,1,0,0,1,0,1,0,0,0,0,0,0,1,0,0,0,1,0,0,0,1,0,0,0,1,1,1,1,1,1,1,1
0,1,0,1,0,1,0,1,0,1,0,1,1,1,0,1,1,0,0,1,0,1,1,1,1,0,1,1,1,0,0,0,1,1,0,1,1,0,1,0,1,0,1,1,0,0,1,1,1,0,1,1,0,1,1,0,0,0,0,0,1,1,1,1,0,1,0,0,0,0,0,1,0,1,0,1,1,1,0,1,0,1,0,0,0,1,1,1,0,1,0,1,1,1,1,0,0,0,0,0,1
0,1,0,1,0,0,1,1,1,1,1,1,1,1,1,1,1,1,1,0,1,1,0,0,0,0,1,0,1,1,0,1,0,0,0,0,0,1,1,0,1,0,0,1,1,0,0,1,0,1,1,1,1,1,1,0,0,1,1,1,0,0,0,0,1,1,1,1,0,1,0,0,0,0,1,1,0,1,1,1,0,0,1,1,1,0,0,0,1,0,1,0,1,0,1,1,1,0,1,0,0
0,0,1,1,1,0,0,1,0,0,1,1,1,1,0,1,0,1,0,1,1,0,0,1,1,1,0,0,1,0,1,0,1,0,0,0,1,0,1,1,1,1,1,0,1,0,1,1,0,1,1,0,1,0,0,0,0,0,1,0,0,1,1,1,1,1,1,0,1,0,0,0,1,0,0,0,0,0,0,0,0,1,0,1,1,1,1,1,1,1,0,0,0,0,1,1,0,1,1,0,1
0,1,0,1,0,1,1,0,0,1,1,1,1,0,0,0,0,1,0,1,1,0,1,0,0,1,0,1,0,0,0,1,0,0,0,0,1,0,1,0,0,1,1,0,0,1,1,0,0,1,1,0,0,0,1,1,0,1,1,1,1,0,0,0,0,0,1,0,1,0,1,0,1,1,1,0,1,0,1,1,0,1,1,0,1,0,1,1,0,0,0,1,0,0,0,1,1,1,0,1,0
0,1,1,1,1,1,0,1,0,1,1,1,1,0,1,1,0,1,1,0,1,0,0,1,1,1,0,0,0,1,1,1,0,0,1,1,0,0,1,1,1,0,0,1,0,1,0,0,0,0,1,0,0,0,1,1,1,0,1,0,0,0,0,1,1,0,1,1,1,1,0,0,0,0,1,0,0,0,1,0,0,0,1,0,0,0,0,0,0,1,1,1,1,0,1,1,1,1,1,0,1
1,1,0,1,1,0,1,1,1,1,0,1,1,0,1,0,0,0,0,1,0,0,1,1,1,0,1,0,0,0,1,0,0,0,0,0,1,0,0,1,0,0,0,0,1,0,0,1,0,1,1,0,0,1,1,0,1,1,0,0,1,0,1,1,1,1,1,0,1,1,1,0,1,0,0,0,1,1,0,1,0,0,0,1,1,0,1,1,1,0,1,0,1,0,0,0,1,1,1,0,0
1,0,0,0,0,1,1,0,0,1,1,0,1,1,0,0,0,1,0,0,0,1,1,0,0,1,1,0,1,1,1,0,0,1,0,0,1,0,0,1,1,1,1,0,0,1,1,1,0,1,0,0,1,1,1,1,0,1,0,0,1,1,1,1,0,1,0,1,1,1,0,0,1,1,1,0,0,0,0,1,0,1,0,1,1,0,1,1,1,1,1,0,0,1,0,0,0,0,1,1,1
0,0,0,0,0,0,0,1,1,1,0,1,1,1,0,0,1,0,0,0,0,1,0,1,1,1,0,0,0,1,0,1,1,1,1,0,0,1,1,1,0,0,0,0,1,1,1,1,0,0,1,1,0,1,0,1,1,0,1,0,0,1,0,1,1,0,1,1,0,1,0,1,0,0,1,1,0,0,0,0,1,1,1,0,1,1,0,0,1,0,1,1,1,0,1,1,1,0,1,1,1
1,0,1,1,0,0,0,1,1,0,1,0,1,1,0,0,0,0,1,1,1,1,0,0,1,1,1,1,1,1,1,0,0,1,0,0,1,1,1,0,1,0,0,1,0,0,0,1,1,1,0,1,1,0,1,1,0,0,0,0,1,1,1,1,0,1,1,0,1,0,1,1,0,1,1,0,1,0,1,0,0,0,1,1,0,1,1,1,0,1,1,0,1,1,0,0,1,1,1,0,1
1,0,1,0,1,0,0,0,1,0,0,0,0,1,1,1,1,1,0,1,1,1,1,0,1,1,1,1,1,0,1,1,1,1,1,1,0,1,1,1,1,0,1,0,0,0,1,0,1,0,1,1,0,1,1,1,1,1,0,0,0,1,1,1,1,0,0,1,1,1,1,0,0,0,0,0,1,1,0,0,0,0,1,0,0,1,0,0,0,1,1,1,1,0,1,0,0,0,1,0,1
0,0,1,1,1,1,1,0,1,0,1,1,1,0,0,1,0,0,1,0,1,1,1,0,0,0,1,1,1,0,0,1,0,0,0,1,0,1,0,0,1,0,1,0,0,0,1,0,0,0,0,0,1,0,0,1,1,0,0,1,1,1,1,0,1,0,1,1,0,0,0,1,0,1,1,1,0,0,0,1,0,0,0,1,1,1,1,0,1,1,0,0,0,0,1,0,0,1,1,0,0
1,0,0,1,1,1,1,1,1,0,0,1,0,0,1,0,0,0,1,1,1,0,1,0,0,1,0,1,1,1,0,0,0,0,1,1,0,1,1,0,1,1,1,0,0,0,1,0,0,0,1,1,1,0,0,0,0,1,1,1,1,1,1,0,1,1,1,1,0,1,1,1,0,0,0,1,1,1,0,1,0,1,0,0,1,1,1,1,1,1,0,0,0,0,1,0,1,0,0,0,1
0,0,0,0,0,1,0,1,1,0,1,0,1,0,0,1,1,1,0,1,0,0,0,1,1,1,1,0,0,0,1,0,1,0,0,0,1,1,1,0,0,1,0,0,0,1,1,1,0,0,0,0,0,1,0,0,0,0,1,0,1,1,1,0,0,0,0,1,0,1,1,0,0,1,0,1,1,0,1,1,0,0,0,0,1,1,1,1,1,0,0,1,1,0,1,0,0,1,0,0,1
1,1,1,1,0,0,0,1,0,1,1,1,0,0,1,0,1,0,1,0,0,0,1,1,1,0,1,0,0,1,0,0,1,0,0,0,1,0,0,0,0,1,0,1,0,0,1,1,0,1,1,1,1,0,1,0,1,1,0,0,1,0,0,0,1,1,1,1,1,1,1,1,0,0,0,0,0,1,0,0,1,1,0,0,1,0,0,0,1,0,1,1,1,0,1,0,0,1,1,0,0
0,0,1,0,0,0,1,0,1,0,1,0,0,0,1,1,0,0,0,1,1,1,1,0,0,1,0,0,1,0,0,1,1,0,0,1,1,1,1,0,1,0,1,0,0,1,1,1,0,1,0,1,0,1,0,1,0,0,1,0,1,0,1,0,0,1,1,0,1,1,0,0,0,0,0,1,1,0,0,1,0,0,1,0,0,0,1,1,0,0,0,0,0,1,1,1,0,1,1,0,1
1,0,1,1,0,0,1,0,0,0,1,0,0,0,0,1,1,1,0,1,0,1,0,1,0,1,1,1,0,0,0,0,0,1,0,0,1,0,1,1,1,0,1,0,0,1,1,0,1,0,1,0,0,0,1,0,0,0,1,0,1,1,1,1,1,0,0,1,1,1,0,1,1,0,1,1,1,1,0,0,1,1,0,0,1,0,0,1,0,1,0,0,1,0,1,1,1,1,0,1,1
1,0,1,0,1,0,0,1,1,0,0,1,1,0,0,1,1,1,1,0,0,0,0,0,1,0,0,0,0,0,1,1,1,1,0,0,1,1,0,0,0,0,1,1,0,0,0,0,1,1,1,1,1,0,0,1,0,0,0,1,1,1,0,0,1,0,0,0,0,1,0,0,1,1,1,1,1,0,0,0,0,1,1,0,0,0,1,0,1,1,1,1,0,0,0,1,0,1,0,1,1
1,1,1,1,0,1,1,1,1,1,1,0,1,1,1,1,0,0,1,1,0,1,0,1,0,1,1,0,0,1,0,1,0,1,0,0,1,1,0,0,1,0,1,1,0,1,1,0,1,0,0,1,1,0,1,1,0,1,0,1,0,1,1,0,1,0,0,1,0,0,1,0,0,1,0,1,1,1,1,0,0,1,0,0,0,1,0,0,1,0,0,0,1,0,0,0,1,0,1,0,0
0,0,1,0,1,1,1,1,1,1,0,0,0,0,1,1,0,0,0,0,1,0,1,1,0,0,0,0,1,1,1,0,0,0,0,0,1,1,0,1,0,0,0,0,1,1,1,1,1,1,0,0,1,0,0,0,0,0,0,1,0,0,1,1,1,0,0,1,1,1,0,0,1,0,1,1,0,1,1,0,0,1,1,1,1,0,1,0,1,1,1,0,1,0,1,1,1,1,1,1,0
0,0,0,0,0,1,0,1,0,1,0,1,1,1,0,0,0,1,0,0,0,1,1,0,1,0,0,1,0,0,0,0,0,0,0,0,0,1,1,0,1,0,1,0,1,0,1,0,0,1,0,0,0,1,0,1,1,0,0,1,1,0,1,1,1,0,1,0,1,0,0,0,1,1,0,1,0,1,1,1,1,1,0,1,1,0,1,1,0,0,0,1,1,1,0,0,1,1,0,1,1
1,1,0,0,0,0,1,0,1,1,1,1,1,1,0,0,0,1,0,0,1,0,0,1,0,0,0,1,0,0,1,0,0,1,1,1,0,1,0,1,0,1,0,1,0,0,1,1,0,1,0,0,0,0,1,1,0,1,0,0,1,1,1,0,1,1,0,0,0,1,0,1,1,0,0,1,1,1,1,0,1,0,1,1,0,0,1,0,0,0,1,1,0,0,0,0,1,0,0,0,1
0,1,0,1,1,1,0,1,0,1,0,0,1,0,1,0,0,0,1,1,1,0,1,0,0,0,0,1,0,1,1,1,0,0,0,0,0,0,1,0,0,1,1,1,1,0,1,0,1,1,1,0,1,1,1,1,0,1,0,0,1,1,1,0,0,0,0,1,0,0,1,1,1,0,1,1,1,1,0,0,1,0,0,1,1,0,1,0,0,0,0,1,1,0,1,0,1,0,1,1,0
1,1,1,0,0,1,1,0,1,0,1,0,0,0,0,0,1,0,0,1,0,0,1,0,0,1,1,1,1,1,0,1,1,0,1,0,0,0,0,1,1,0,1,0,1,1,1,1,1,0,0,0,1,1,1,0,0,1,0,0,1,0,1,1,0,0,1,1,0,1,1,0,0,0,0,1,0,1,1,0,1,0,1,1,1,0,0,0,1,0,0,0,1,1,0,0,1,1,0,1,1
1,0,0,1,0,1,0,0,1,0,0,1,1,1,0,1,0,0,1,0,0,1,1,0,0,1,1,0,0,0,1,0,0,1,1,0,1,0,1,0,0,1,0,0,1,1,1,0,1,1,1,1,0,1,0,0,0,1,0,0,0,0,1,1,0,0,0,1,1,0,0,0,1,1,0,0,0,0,1,0,1,1,0,0,1,0,0,0,0,1,0,1,1,0,0,0,0,1,1,0,1
1,1,1,0,0,1,1,1,0,1,1,1,1,0,1,1,1,1,0,0,1,0,1,1,0,1,1,1,1,1,1,0,1,1,0,1,0,1,1,1,1,0,1,0,1,1,1,1,0,1,0,0,1,1,1,0,1,0,1,1,0,1,0,1,1,0,1,1,1,0,0,0,0,0,0,1,1,1,1,1,0,0,1,0,1,1,1,1,0,0,1,0,1,0,1,0,1,1,1,1,1
1,0,1,0,1,1,1,0,1,0,0,1,1,1,0,1,1,0,0,0,1,1,1,1,0,1,1,0,0,1,1,0,0,0,1,1,1,0,1,1,0,1,0,1,1,0,0,0,1,1,0,0,1,0,1,0,1,0,0,1,0,0,0,0,0,1,1,1,0,1,0,1,1,1,0,1,1,0,1,0,1,1,1,0,0,1,1,1,0,1,1,0,0,0,1,1,0,0,1,1,0
1,0,0,1,0,0,0,0,0,0,1,1,1,0,0,1,0,0,1,0,1,0,0,1,0,0,0,1,0,0,1,1,1,1,1,1,0,1,0,0,0,1,1,1,0,0,0,0,0,1,0,1,1,0,0,1,0,1,1,0,1,1,1,0,0,0,0,1,0,0,1,1,1,1,1,1,0,0,1,0,1,0,0,1,1,0,0,0,1,1,1,0,1,0,1,1,1,1,1,0,1
1,0,1,0,0,0,1,0,1,0,1,1,0,1,1,1,0,0,0,1,1,0,0,1,1,0,0,1,1,0,1,0,1,1,1,1,0,0,1,1,1,0,1,0,0,1,1,0,0,1,1,1,1,1,0,0,1,1,0,1,0,0,0,1,1,0,0,0,0,1,1,1,1,0,1,0,0,1,0,0,0,0,0,1,0,1,1,1,1,0,0,1,1,1,1,1,0,0,0,1,1
0,0,0,0,1,1,0,1,0,1,0,1,0,0,1,0,1,0,1,0,1,0,1,0,1,0,1,0,1,1,0,0,1,0,0,1,1,1,1,1,0,1,0,0,0,0,1,0,0,1,0,1,1,1,1,1,1,0,0,1,1,1,1,1,0,0,1,0,1,1,0,1,1,1,1,0,1,0,0,1,1,1,0,0,1,0,1,1,0,0,1,0,1,1,1,0,0,1,0,1,1
1,1,0,1,0,1,1,0,1,1,1,1,1,1,0,0,0,0,1,1,1,0,0,1,0,1,0,0,1,0,1,0,1,0,0,0,0,1,0,1,1,1,1,0,1,1,1,1,1,0,1,0,0,1,1,1,0,0,0,1,1,0,1,0,0,0,1,1,1,0,1,0,0,0,1,1,1,0,0,1,0,1,1,1,1,0,0,0,0,0,0,1,1,0,1,1,0,1,0,0,0
1,1,1,1,1,1,1,1,1,0,0,0,0,1,1,1,0,1,1,1,0,0,1,1,1,0,0,0,1,0,1,0,1,1,1,0,0,0,1,1,1,1,0,1,1,1,0,0,1,1,1,0,1,0,1,1,0,0,1,0,0,1,0,1,1,0,1,1,1,1,1,1,1,0,0,1,0,1,0,1,0,0,0,0,1,0,0,0,1,0,0,1,1,0,1,1,0,0,1,0,1
0,0,0,0,1,1,1,0,0,1,0,1,1,1,0,1,0,0,0,0,1,1,0,0,1,1,0,1,0,0,0,1,0,1,1,0,1,0,0,1,0,1,1,0,0,0,1,0,0,0,1,0,0,1,1,0,1,0,1,0,0,0,1,0,1,1,1,0,1,0,1,1,1,1,1,0,1,0,0,0,0,1,0,0,1,1,0,1,1,0,1,1,0,0,1,0,0,1,1,1,1
0,0,1,1,1,1,0,0,1,0,0,1,1,0,0,0,1,0,0,1,1,0,0,1,1,0,1,1,1,0,1,1,0,1,1,1,1,1,0,0,0,1,1,1,0,1,0,0,1,1,0,0,1,0,1,0,1,1,1,1,1,1,1,0,1,0,0,0,1,0,0,0,0,1,1,0,0,0,0,1,1,1,1,0,1,0,0,0,1,1,1,0,1,0,1,1,0,0,1,0,0
1,1,0,1,0,1,0,0,0,1,1,0,1,0,1,1,0,1,1,1,0,1,0,0,1,0,0,1,1,1,1,1,1,0,1,1,0,1,0,0,1,1,1,0,1,0,1,0,0,1,1,0,1,1,0,1,0,0,0,0,0,1,1,0,1,1,0,0,0,0,0,1,1,1,0,1,0,1,0,0,0,1,1,0,1,0,1,1,0,0,0,0,1,1,0,0,0,0,1,0,1
1,1,1,1,0,1,1,0,0,1,1,0,0,1,0,1,0,0,0,0,1,0,0,1,1,1,1,1,1,0,0,0,0,0,0,1,1,0,1,1,0,0,0,0,1,0,1,1,1,1,0,0,0,0,0,1,1,0,0,1,0,0,1,0,1,0,1,1,0,1,0,0,0,0,0,0,1,0,1,0,1,1,1,0,0,0,1,0,1,1,1,0,0,1,1,1,0,0,0,0,1
1,1,1,1,1,1,1,0,0,0,1,1,1,1,0,0,1,1,1,0,0,1,1,0,1,0,0,0,0,1,1,0,1,1,1,1,1,0,0,1,0,1,1,1,1,0,1,1,0,0,1,0,1,1,0,1,0,0,1,1,1,0,0,1,0,0,1,1,1,0,0,1,0,0,0,0,0,0,1,1,0,0,0,1,1,1,0,1,1,0,0,1,1,0,1,0,1,0,1,1,1
1,0,0,0,0,1,0,1,1,1,1,1,0,1,1,1,0,1,1,1,1,1,1,0,1,1,0,1,0,1,0,1,1,0,0,0,1,0,1,1,0,0,0,0,1,1,0,0,1,0,0,1,1,1,0,0,1,0,0,0,0,1,1,0,0,0,1,0,0,0,0,0,1,1,0,1,1,1,0,0,0,1,0,0,1,1,0,1,0,0,1,1,0,0,1,0,0,0,0,1,0
0,0,0,1,1,0,0,1,1,0,1,1,1,1,1,1,0,0,1,1,0,1,0,1,1,1,1,1,1,0,0,0,0,1,0,0,1,1,0,0,1,0,1,1,1,1,0,1,1,0,1,1,1,1,0,0,1,1,0,1,1,0,0,0,0,1,0,1,1,0,1,0,0,0,1,1,0,0,0,1,0,0,1,0,1,1,0,1,1,1,1,0,1,0,0,0,0,0,1,1,0
1,0,0,1,0,0,1,0,0,1,0,1,1,1,0,0,1,1,0,0,0,0,1,1,1,0,1,1,1,1,0,1,1,1,0,0,0,1,0,1,1,0,0,1,0,1,1,1,0,1,0,1,0,1,1,1,0,0,0,1,1,0,0,1,1,0,1,0,0,1,0,1,1,1,1,0,1,0,1,0,0,1,1,0,0,1,1,0,0,1,0,1,1,0,0,0,0,0,1,0,1
0,1,0,0,1,1,1,0,1,1,1,1,1,1,0,1,0,1,1,1,0,0,0,1,1,0,0,0,0,0,0,1,0,1,0,1,1,0,0,1,1,0,0,1,0,0,0,1,0,1,1,1,0,1,0,1,0,0,0,0,0,0,1,0,0,0,0,0,0,0,1,0,1,1,0,0,1,1,1,0,0,0,1,0,1,0,0,0,1,1,0,0,1,1,1,0,0,0,0,0,1
1,1,0,1,1,1,1,1,1,0,1,0,1,0,1,0,1,1,0,0,0,0,1,1,0,1,0,0,1,1,0,0,1,1,0,0,1,1,0,0,0,1,1,0,1,1,0,0,0,0,0,0,1,1,0,0,0,1,1,0,1,0,0,1,0,0,0,0,1,0,1,1,0,1,1,0,1,0,0,1,0,0,1,1,1,1,0,1,0,0,0,0,1,0,0,1,1,0,1,0,0
0,0,1,1,0,1,1,0,1,1,0,1,0,0,0,1,1,1,0,1,0,0,0,0,1,1,0,1,1,1,1,0,0,1,1,1,1,1,0,1,0,1,0,1,0,0,0,1,1,0,1,0,1,0,1,1,0,0,1,0,0,1,1,1,1,0,1,0,1,0,0,0,1,1,1,1,0,1,0,1,1,1,0,0,0,0,1,1,0,1,0,0,0,0,0,1,0,0,0,0,1
1,0,1,0,0,1,1,0,0,0,0,0,1,1,1,0,1,0,0,0,1,1,1,0,0,1,0,1,1,0,0,0,0,1,0,0,0,1,1,1,1,0,1,0,0,1,1,0,1,1,1,1,1,0,0,1,0,1,1,1,1,1,0,0,1,1,1,0,0,1,1,0,1,1,0,1,0,1,0,0,1,0,0,1,1,0,0,0,0,1,0,1,0,0,0,1,0,0,0,0,1
1,1,1,1,0,1,1,0,0,0,0,0,0,0,0,1,0,0,1,0,0,1,1,0,0,1,0,0,0,0,1,1,1,1,1,1,1,0,1,1,1,0,0,1,1,0,0,1,1,0,0,0,0,1,0,0,1,1,0,0,0,0,1,1,1,1,1,1,0,0,1,0,1,0,1,1,0,0,1,1,0,1,1,1,1,0,0,1,1,0,1,0,1,1,0,0,0,0,1,0,1
1,0,0,1,0,0,1,0,1,0,0,0,1,1,0,0,0,0,0,0,0,1,1,1,0,1,0,1,1,0,0,0,0,1,0,0,1,1,0,0,0,1,1,0,0,0,0,0,1,1,1,1,1,0,0,1,1,0,0,1,1,1,0,0,0,1,0,1,1,0,0,1,1,1,0,1,0,1,1,0,1,1,1,1,1,1,1,1,1,0,1,0,1,0,1,0,0,1,0,0,0
0,0,1,1,1,1,1,1,1,0,1,0,0,1,1,1,1,0,0,1,1,0,1,1,0,1,1,1,0,0,0,1,1,0,1,1,1,0,0,0,0,1,0,0,0,0,0,1,1,0,1,0,1,1,1,0,1,0,0,0,1,1,1,0,1,0,0,0,0,1,1,1,0,0,1,1,1,1,0,1,0,0,1,1,0,0,1,1,0,1,1,1,1,1,0,0,1,1,0,0,0
0,1,1,0,0,1,0,1,0,1,0,1,1,0,1,0,1,0,1,1,0,0,0,0,1,0,1,1,0,1,0,1,0,0,0,0,1,0,0,1,0,0,1,1,1,1,0,0,0,0,1,0,0,0,0,0,1,0,1,0,0,0,1,0,1,0,0,1,0,1,0,1,1,1,1,1,1,1,1,1,1,1,1,0,1,1,0,0,0,1,1,1,0,1,1,0,0,0,0,1,0
0,1,1,0,0,0,1,1,1,1,0,1,1,1,0,0,1,0,1,0,1,0,1,1,1,0,0,0,0,1,0,1,1,1,0,1,1,0,0,1,0,0,0,0,1,0,1,1,0,1,1,1,0,1,0,0,0,0,0,0,0,0,0,0,1,1,1,1,1,1,0,1,0,0,0,0,1,0,0,0,1,0,1,1,1,1,1,1,1,0,0,0,1,1,0,0,1,1,1,1,1
1,0,0,1,0,1,0,0,1,1,0,1,0,1,1,1,0,0,0,0,1,0,1,0,1,0,0,1,1,0,0,1,0,1,1,0,1,0,1,0,0,1,1,1,1,1,0,1,1,1,0,1,1,0,1,0,1,0,1,0,0,0,1,0,1,0,1,0,1,1,0,0,1,0,0,1,1,1,0,0,0,1,0,1,1,1,0,1,1,1,0,1,0,0,0,1,1,1,1,1,0
0,0,0,0,0,1,0,0,0,1,1,0,1,0,0,0,1,0,1,1,1,1,1,0,0,0,0,0,1,1,0,0,1,0,1,1,0,0,0,0,0,1,0,0,1,1,1,0,0,1,0,1,0,1,1,0,1,0,1,0,0,0,0,1,1,0,1,0,1,1,1,0,0,0,1,0,0,0,0,0,0,1,1,1,0,1,1,1,0,1,1,0,1,0,0,0,1,0,1,1,0
1,0,1,0,1,0,1,1,0,0,0,1,1,0,0,1,1,0,1,1,0,1,1,1,0,1,1,0,0,0,1,1,0,1,1,0,0,0,1,0,0,1,1,1,1,1,0,1,1,1,1,1,1,1,0,0,1,1,1,0,1,0,0,1,0,1,1,1,1,0,1,1,1,1,0,1,1,0,0,1,0,0,0,1,0,0,1,0,0,1,0,0,0,0,1,1,1,1,0,0,1
0,1,0,0,0,1,0,1,0,0,0,0,1,0,0,1,1,0,0,1,0,1,1,1,1,1,0,1,1,0,1,0,0,0,0,1,0,0,1,1,1,0,0,1,0,1,0,1,1,0,1,0,0,0,1,0,0,1,1,0,0,1,1,0,0,1,0,1,0,0,1,1,0,1,0,0,0,0,1,0,0,0,1,1,1,0,0,0,0,0,1,1,1,0,0,0,0,1,0,1,1
0,0,0,1,0,1,1,0,1,0,1,0,0,0,1,1,0,0,0,1,0,1,1,1,1,1,1,1,0,0,0,1,1,1,1,0,0,0,1,1,0,1,0,0,1,0,1,0,0,0,1,1,0,1,1,0,1,0,1,1,0,1,0,1,1,0,0,1,1,0,1,1,0,0,0,1,1,1,0,1,1,1,1,0,1,1,0,1,0,0,0,0,0,0,0,0,1,1,0,0,0
1,1,0,1,1,1,1,1,0,1,1,1,0,1,0,1,1,0,0,1,0,1,0,0,0,1,0,1,1,0,0,1,0,0,0,1,0,0,1,1,1,1,1,0,1,0,0,1,1,0,0,1,0,1,0,1,0,1,1,0,1,0,1,1,1,0,1,1,0,0,1,1,0,0,0,1,0,0,0,1,1,1,0,0,0,0,1,0,0,1,0,0,0,0,0,1,1,1,1,1,1
0,1,0,0,1,1,0,0,1,1,0,1,1,0,0,1,0,0,0,0,0,0,1,0,0,1,0,0,1,0,0,0,1,1,0,0,0,0,0,0,0,0,1,0,1,1,0,1,1,0,0,0,0,0,1,1,1,1,0,1,1,0,1,0,1,0,0,0,1,1,1,1,1,1,0,1,0,1,1,1,1,0,0,0,0,0,1,0,1,0,1,0,1,1,1,0,0,0,0,1,1
0,1,0,0,1,1,1,0,1,0,1,1,0,1,0,1,1,0,1,0,1,0,0,0,1,0,1,0,1,0,1,1,0,0,1,1,0,1,0,1,0,0,1,0,0,0,1,0,0,1,0,1,0,1,1,0,1,1,1,0,0,1,1,1,0,1,1,0,0,1,1,0,0,0,0,0,1,0,0,1,1,0,0,0,1,1,1,1,0,1,0,1,1,1,1,1,0,0,0,1,1
1,1,1,0,1,1,0,1,1,0,0,1,0,1,1,1,0,1,0,1,1,1,1,1,1,0,1,0,1,1,0,0,1,1,0,0,0,0,0,1,0,1,1,1,0,1,1,0,0,0,1,0,1,0,1,0,0,1,0,1,0,1,1,0,1,0,1,0,0,0,0,0,0,1,0,1,1,0,1,1,1,1,1,0,0,1,1,0,0,0,0,1,1,1,1,1,0,1,1,1,1
1,0,0,1,0,0,0,1,0,1,0,1,1,1,0,0,0,1,0,1,1,1,0,0,0,0,0,0,0,0,0,1,1,0,1,0,1,0,0,1,1,1,0,0,0,0,1,1,0,0,0,1,1,1,1,1,1,0,0,1,1,1,1,0,1,1,1,1,1,1,0,1,0,0,1,0,0,0,1,0,1,1,1,1,0,1,0,0,1,1,0,0,0,1,0,1,1,1,0,1,1
0,1,1,1,0,0,0,0,1,0,0,1,1,1,1,1,1,0,0,1,1,0,1,1,1,0,0,1,0,0,0,0,1,0,1,1,1,0,0,1,0,0,0,0,1,0,1,0,1,0,1,0,0,0,0,0,1,0,1,1,0,1,0,0,0,0,0,0,1,0,1,0,1,0,0,0,0,0,0,1,1,1,0,1,1,0,0,1,0,0,0,1,0,0,0,0,1,0,0,0,0
0,0,0,0,0,1,1,0,0,1,1,1,1,1,0,1,1,1,1,1,1,1,1,1,1,1,0,1,0,1,0,0,1,1,0,1,0,0,0,1,1,0,1,1,0,1,0,1,1,0,1,1,0,0,1,0,1,1,1,1,1,0,0,1,1,1,0,0,0,1,0,1,0,0,0,1,0,1,1,1,1,0,1,0,1,0,1,1,0,1,1,1,1,1,0,0,1,0,0,1,1
1,0,0,1,0,0,1,1,1,1,0,1,0,1,1,0,1,1,1,1,0,1,0,1,1,0,1,0,0,0,1,1,1,0,0,0,1,0,1,0,1,1,0,0,1,0,1,1,0,0,0,1,0,0,1,0,0,1,1,0,1,1,1,1,0,0,0,1,1,0,1,0,0,1,1,1,1,0,1,0,0,0,1,1,0,1,1,1,1,0,0,1,0,1,1,0,1,0,0,1,0
0,1,0,1,0,0,1,0,0,1,0,1,0,1,0,0,0,1,1,0,1,0,1,0,0,0,0,0,1,1,0,0,1,0,0,1,0,1,0,0,0,0,0,0,1,1,1,1,1,1,0,0,0,0,1,0,1,1,0,0,0,0,0,0,0,1,0,0,0,1,0,1,0,1,0,1,1,1,1,1,1,1,0,0,1,1,1,1,1,0,0,0,0,1,0,1,0,1,0,1,0
1,0,0,0,1,0,1,0,0,0,0,0,1,0,0,0,1,1,1,1,0,0,0,0,0,1,0,1,1,0,0,0,0,1,0,1,0,0,0,1,0,1,1,0,0,1,1,0,1,1,1,0,1,1,0,1,0,0,0,1,0,0,0,0,0,1,1,0,1,1,0,0,1,0,0,0,0,0,0,0,0,1,1,0,0,1,1,1,1,1,1,0,0,0,1,1,0,0,1,1,1
0,0,1,1,0,0,0,1,1,1,0,1,1,0,1,1,0,0,0,1,0,0,0,1,1,0,0,0,1,1,1,1,0,0,1,0,1,0,0,0,0,1,1,1,0,0,1,1,1,0,0,0,1,1,1,0,1,0,1,1,1,1,1,1,1,0,0,1,1,1,1,0,0,1,0,1,0,0,1,1,1,0,1,1,1,0,1,0,0,1,1,1,1,0,0,1,1,0,1,1,1
1,0,0,1,1,1,1,1,1,1,0,1,1,1,1,0,0,0,1,1,0,1,1,1,0,0,0,0,1,0,0,0,0,0,1,1,1,1,0,0,1,0,0,0,1,0,0,1,1,0,1,0,1,1,0,0,0,1,1,0,0,1,0,1,0,0,0,0,0,1,1,0,0,0,0,1,0,0,1,0,1,0,1,1,0,1,1,0,1,1,0,0,1,1,0,0,0,1,1,0,0
0,0,0,0,1,0,1,0,1,1,1,1,1,1,0,0,1,0,1,0,1,0,1,1,0,1,0,0,0,1,1,0,1,1,0,1,0,1,1,1,0,1,1,0,0,0,0,0,0,1,0,1,0,0,0,0,0,1,0,1,1,1,0,0,0,0,1,1,1,1,1,0,0,1,0,0,0,0,1,1,1,1,1,1,1,0,1,0,0,1,1,0,1,0,0,0,0,0,1,0,1
0,1,0,0,1,0,0,0,0,0,0,1,1,1,0,1,1,0,0,0,1,1,1,1,1,1,1,1,0,0,0,1,0,0,0,0,0,0,1,0,0,0,0,1,0,1,1,0,1,1,1,1,1,0,1,1,1,1,1,0,1,1,0,1,0,0,1,1,1,1,1,0,0,1,0,1,0,0,1,1,1,0,1,1,0,0,1,1,1,1,0,1,1,0,1,1,0,0,1,0,1
0,0,0,1,1,0,1,1,1,0,0,1,0,1,1,0,0,0,1,0,1,1,1,1,1,0,1,0,0,1,1,0,1,1,1,0,0,1,1,0,1,1,0,1,0,1,1,0,1,1,1,0,1,1,0,0,1,1,1,1,0,0,0,0,0,0,1,0,1,1,1,1,0,1,0,0,0,0,0,0,0,0,1,0,1,1,1,0,1,1,1,0,0,1,1,1,1,0,0,0,1
0,0,0,1,1,1,1,0,1,0,0,1,0,1,1,1,1,1,0,0,0,1,1,1,0,1,0,1,1,0,1,1,1,1,0,1,0,0,1,0,0,0,0,1,1,1,0,0,0,1,0,1,0,1,1,0,0,0,0,0,1,0,0,1,1,0,1,1,0,0,0,0,1,1,0,1,1,0,0,0,0,0,1,0,0,0,0,1,0,1,1,1,1,0,0,1,0,1,1,1,0
1,0,1,0,0,1,1,0,1,0,0,1,0,1,0,0,0,1,1,0,0,0,1,1,1,1,0,0,0,1,1,1,1,1,0,0,0,0,0,1,1,0,0,1,0,1,1,0,0,0,0,0,0,0,0,1,1,1,0,1,0,1,0,1,0,0,0,1,0,1,0,1,1,0,1,1,1,0,1,1,0,0,1,0,0,1,0,0,0,1,0,0,0,1,1,1,1,0,1,0,1
1,0,0,0,0,0,1,0,1,1,1,0,0,1,1,1,0,1,1,0,1,1,0,1,1,1,1,0,1,1,1,0,0,0,1,1,1,1,0,0,0,1,0,1,1,1,1,0,0,1,0,1,0,1,0,1,1,0,1,1,0,0,0,0,1,1,0,1,0,1,0,0,1,0,0,0,1,0,0,0,0,0,0,1,0,1,0,0,1,0,0,1,0,0,0,0,0,1,1,0,0
0,0,0,1,0,0,1,0,1,1,0,1,0,0,0,0,1,0,1,0,0,0,1,1,1,1,0,1,1,0,0,0,0,1,1,0,0,0,0,0,0,0,1,0,1,1,1,1,1,1,1,0,0,0,1,1,1,1,1,1,0,1,1,0,1,1,0,1,1,0,1,0,0,1,1,0,0,1,1,1,1,1,0,0,0,1,0,1,0,1,0,1,1,0,0,0,1,0,1,1,0
1,0,1,1,1,0,0,0,1,0,1,1,1,1,1,0,1,0,0,1,0,0,0,1,0,0,0,1,0,0,0,0,0,1,1,0,1,1,1,1,1,1,0,1,0,1,1,0,1,0,0,1,0,0,0,1,1,1,0,0,1,0,0,1,0,1,0,1,0,0,1,0,0,0,1,1,0,1,1,1,0,0,1,0,1,1,0,1,1,1,1,1,1,0,0,1,0,0,1,1,1
0,0,0,1,0,0,1,1,1,1,0,0,0,0,0,0,1,0,1,0,0,0,0,0,1,0,0,1,0,0,1,0,1,1,0,0,0,0,1,1,1,0,0,0,1,0,0,0,0,0,0,0,1,0,0,0,1,1,1,1,1,0,1,0,1,0,0,0,1,1,0,0,1,0,1,1,0,0,0,0,1,0,1,1,1,0,0,1,1,1,1,1,1,0,0,0,1,0,0,0,1
0,0,1,0,0,0,1,0,0,0,0,1,0,1,1,1,0,0,1,1,0,1,0,1,0,1,1,1,1,1,1,1,0,1,0,1,0,0,1,1,1,0,0,0,1,1,1,0,0,1,0,0,1,0,1,0,0,0,0,1,0,0,1,1,0,0,1,0,1,1,0,0,1,0,0,1,1,1,0,1,1,1,0,1,0,0,1,1,0,0,1,1,0,0,0,0,1,0,0,1,1
1,0,0,0,1,0,0,0,0,0,1,0,0,0,0,1,0,1,0,1,1,1,0,1,0,1,1,1,1,1,1,0,1,1,0,1,1,1,1,0,0,1,0,0,0,1,0,0,0,1,0,1,1,0,1,0,0,1,1,0,0,1,0,1,0,0,1,1,1,1,0,0,1,1,1,1,1,1,1,1,0,1,0,0,0,1,0,1,1,0,1,0,1,0,0,0,1,1,0,1,1
0,1,1,1,1,0,0,1,1,1,1,0,1,0,0,1,1,1,0,1,0,1,0,1,0,1,0,0,1,0,1,1,0,1,1,1,1,1,0,1,0,1,1,0,1,1,1,1,0,1,1,0,0,1,1,0,0,1,1,1,1,1,1,0,0,1,1,1,1,1,1,1,1,1,1,1,1,0,1,0,1,1,0,1,1,1,1,1,1,0,1,1,0,1,1,0,1,0,0,1,1
1,1,1,1,1,1,1,1,1,1,0,0,0,1,0,1,1,1,1,0,0,1,1,0,0,0,1,0,0,1,0,0,0,0,0,1,0,0,0,0,0,1,1,0,0,0,0,1,1,0,1,1,0,0,1,0,1,0,1,0,1,0,1,1,0,1,1,0,0,1,0,1,1,0,0,0,0,0,0,1,0,1,1,1,0,0,0,0,1,0,1,0,0,0,0,0,1,1,0,1,1
1,1,0,0,0,1,1,0,0,1,1,1,1,1,0,1,1,1,1,0,0,1,0,0,1,1,1,1,0,1,0,0,1,0,0,1,0,0,0,1,0,1,0,1,0,0,0,0,0,0,1,0,0,0,1,1,1,1,0,1,0,1,1,1,1,0,1,0,0,1,1,1,0,0,0,1,0,1,0,1,0,1,1,0,0,0,1,0,1,1,1,1,1,0,0,1,0,0,1,0,0
0,0,1,0,0,0,0,0,1,0,0,1,0,0,1,1,1,0,0,0,1,0,1,0,0,1,1,1,0,0,1,0,0,0,1,0,1,0,0,1,1,1,1,0,0,1,0,0,0,0,0,0,0,0,1,1,0,1,0,1,1,0,0,1,0,0,1,1,0,0,1,1,0,1,1,0,1,1,0,1,1,0,0,0,1,0,1,0,0,1,1,1,1,0,1,0,0,1,0,0,0
1,0,0,0,1,1,0,0,1,1,0,1,1,0,0,0,1,1,1,0,0,0,1,1,0,1,0,1,1,0,0,1,0,1,0,1,0,1,0,1,1,1,0,1,0,1,0,1,1,1,0,1,1,1,1,0,0,1,0,0,0,0,0,0,0,1,0,1,1,1,0,0,0,0,0,0,1,0,1,0,1,1,0,0,0,0,1,0,0,0,0,0,0,1,0,1,0,0,1,0,1
0,1,0,1,1,1,1,0,0,0,0,1,1,1,0,1,0,1,1,0,0,1,0,1,1,0,1,0,1,1,0,1,0,0,0,0,1,0,0,1,0,0,1,1,1,1,1,1,0,1,1,1,0,1,1,1,1,1,1,1,1,0,0,1,1,1,1,0,1,0,1,1,0,0,1,1,0,1,0,0,0,0,1,1,0,0,1,0,0,0,0,0,1,1,0,0,0,1,1,0,0
0,0,1,1,1,0,1,0,0,1,0,1,0,0,1,1,0,1,1,1,0,0,0,1,1,1,0,1,0,0,0,1,0,0,1,1,1,0,1,1,1,1,0,0,0,0,1,0,0,1,1,1,0,0,0,0,0,1,1,1,0,1,0,1,0,1,0,1,0,1,1,0,1,0,1,0,1,0,0,0,1,1,1,1,0,0,1,1,1,1,0,0,0,0,1,1,1,1,1,1,1
1,0,1,0,1,0,0,0,1,0,0,1,0,1,0,0,1,1,0,1,0,1,0,1,0,1,0,1,1,1,1,1,0,0,0,0,0,1,0,0,1,0,1,1,0,1,0,1,0,0,0,0,1,1,0,0,1,0,0,1,1,1,0,1,0,0,0,1,1,1,0,1,0,0,1,0,0,1,1,1,1,1,0,1,0,0,0,1,1,1,0,0,0,0,1,0,1,1,1,1,1
1,1,1,0,1,1,0,0,1,0,0,0,0,1,1,1,1,1,1,0,1,1,0,0,0,0,1,0,1,1,1,1,1,0,1,0,1,1,0,0,1,0,0,1,0,1,0,1,0,1,0,0,1,1,0,0,0,0,0,0,0,1,0,0,0,0,1,1,0,0,0,0,0,1,1,1,0,1,0,0,0,1,1,1,0,1,1,1,0,0,1,1,0,0,0,0,0,0,1,1,0
0,0,1,0,1,1,1,0,1,0,1,1,0,1,0,1,0,1,1,1,0,1,1,1,1,1,1,0,0,0,1,1,1,0,0,1,0,0,0,0,1,0,1,1,0,0,0,1,1,0,0,1,0,0,0,1,0,0,0,1,0,1,0,0,0,0,1,1,0,1,1,1,1,1,1,1,1,0,1,0,1,0,1,0,1,0,0,0,1,0,0,0,0,1,1,0,0,0,1,1,1
0,0,1,0,0,0,1,0,0,0,1,0,0,1,0,1,0,0,0,0,1,0,0,1,0,0,1,1,1,0,0,1,0,0,0,1,0,0,0,1,1,0,0,0,1,1,0,0,1,1,0,1,1,0,1,0,0,0,0,0,1,1,0,0,1,0,1,1,1,1,1,1,0,0,0,0,0,1,0,0,0,0,1,1,0,1,1,1,0,0,0,0,1,1,0,1,0,0,1,1,0
0,0,0,1,1,0,1,0,0,0,1,0,1,1,1,0,1,0,1,1,1,0,1,1,0,1,1,0,0,1,0,1,0,1,0,0,1,0,0,0,0,1,1,1,0,1,0,0,1,0,0,0,1,1,0,0,1,0,1,1,0,1,1,0,0,0,0,1,0,1,1,1,1,1,0,0,0,0,0,1,0,1,1,1,1,0,1,0,0,0,0,0,0,1,0,0,0,0,0,1,0
1,0,0,1,1,1,0,1,0,0,1,0,0,0,1,0,0,0,0,1,1,1,1,0,1,0,1,0,0,1,0,1,1,1,0,0,0,0,0,1,0,0,0,0,1,1,0,0,1,1,0,1,0,0,1,0,0,0,1,0,1,1,0,0,1,1,0,0,0,1,0,0,1,1,0,1,1,1,0,1,0,0,1,0,0,0,0,0,1,1,1,1,1,0,1,0,1,0,1,1,0
0,1,1,1,0,1,1,1,0,0,0,1,1,0,1,1,0,0,1,0,1,1,1,0,0,1,0,1,1,1,1,0,1,0,1,1,1,0,0,1,0,0,0,1,1,1,0,1,0,1,1,0,0,0,0,0,1,1,1,1,0,1,1,0,1,1,1,1,0,0,1,1,0,0,0,0,0,1,1,1,1,1,0,1,0,1,0,1,0,0,1,1,1,0,0,1,1,1,0,1,0
1,1,0,1,0,1,0,0,0,1,1,0,1,1,1,0,1,0,1,0,0,0,0,1,0,1,0,0,0,0,0,1,1,1,1,1,0,1,0,0,0,1,0,0,0,0,1,0,0,0,0,1,1,0,0,0,1,0,0,1,0,0,1,1,0,1,0,1,1,0,0,1,0,1,1,1,0,0,0,0,1,0,1,0,1,1,1,1,1,0,0,1,1,0,0,0,1,1,1,1,1
1,1,1,1,0,1,0,1,1,0,0,1,1,1,0,1,1,1,0,1,0,0,1,1,0,0,1,0,0,0,1,0,0,0,1,1,1,0,0,1,0,1,1,1,1,0,0,0,1,1,0,0,0,1,0,1,1,1,1,0,1,0,1,1,1,0,0,1,1,1,0,0,1,1,1,1,0,1,0,0,0,0,1,0,1,0,1,1,1,1,1,1,1,1,1,1,1,0,0,1,1
1,1,0,1,1,0,0,1,1,0,1,0,0,1,0,1,0,1,1,1,1,1,1,0,1,0,1,0,0,0,0,0,0,1,1,1,0,1,0,0,0,1,1,0,0,0,0,1,0,1,0,1,1,1,0,1,1,0,0,0,0,1,0,1,0,1,0,0,0,1,0,1,0,1,0,1,1,0,0,0,1,0,1,1,1,0,1,0,1,1,1,0,0,0,1,1,0,0,1,1,1
1,0,1,0,0,1,1,1,0,1,1,0,0,0,1,0,0,0,1,1,0,1,0,0,1,0,0,1,0,0,0,1,1,0,0,0,0,1,0,1,1,1,0,1,1,0,1,0,1,0,0,0,1,1,1,0,1,1,1,0,1,1,0,0,1,1,0,1,1,0,1,0,1,1,1,1,1,1,1,0,0,1,0,1,0,1,1,1,0,1,0,1,0,1,0,0,0,0,1,0,0
0,1,0,1,0,1,1,0,0,0,1,0,0,1,1,0,1,1,0,0,1,0,1,0,1,1,1,1,1,0,1,1,0,1,0,0,1,1,1,0,0,1,0,1,1,0,1,0,1,0,0,0,0,1,0,0,0,1,1,1,0,1,1,0,1,0,1,1,1,1,1,1,0,0,0,0,0,1,1,0,0,0,0,1,0,0,1,0,0,1,0,1,0,1,0,1,1,1,1,1,0
0,0,0,1,0,1,1,1,1,1,0,0,0,0,1,0,1,1,1,0,0,1,0,0,1,1,0,0,0,0,0,1,1,1,0,0,0,1,0,0,0,1,1,0,0,1,1,0,0,1,0,1,0,0,0,1,0,1,1,0,0,1,1,0,0,0,1,1,0,0,0,0,1,1,1,1,1,0,1,1,0,1,0,0,1,0,0,1,1,1,1,1,1,1,0,1,1,0,1,1,0
1,0,0,0,1,0,1,0,1,1,0,0,0,1,0,0,0,0,1,0,1,1,0,1,0,1,0,1,0,1,0,1,0,1,0,0,1,1,0,0,0,1,1,1,0,0,0,1,1,0,1,0,1,1,0,0,1,0,1,0,1,0,0,0,0,1,1,1,0,1,1,1,1,0,0,0,1,0,1,0,1,1,0,1,1,1,1,0,1,1,0,0,0,0,0,0,1,0,1,1,0
0,0,0,0,0,1,1,1,0,0,0,1,0,0,0,1,0,0,1,1,1,1,0,0,1,0,1,0,0,1,1,1,0,0,0,1,1,0,0,0,1,1,0,0,1,1,1,1,0,1,1,0,1,0,0,0,1,1,1,0,0,0,1,0,0,0,1,0,1,0,1,1,1,0,1,1,0,0,0,0,0,1,1,1,1,0,0,1,1,0,1,1,0,1,1,1,0,0,0,1,0
0,0,1,1,1,1,0,1,0,1,0,0,0,1,0,0,0,0,0,0,1,1,1,1,0,0,0,0,1,1,1,1,0,1,0,1,1,0,1,0,0,0,0,1,1,1,0,1,0,1,1,0,1,0,0,0,1,1,1,1,1,0,1,1,1,0,1,1,1,0,0,0,1,0,0,0,1,0,1,0,1,1,1,1,0,1,0,0,0,0,1,0,1,1,0,0,0,0,0,0,1
1,1,0,1,0,0,0,0,0,1,0,1,0,0,1,0,0,0,0,0,1,0,0,1,1,0,1,1,0,0,0,0,1,1,0,0,0,1,1,1,1,0,0,0,1,1,1,0,1,1,1,0,1,0,0,1,1,1,0,1,0,0,1,0,0,0,0,0,1,0,1,1,1,0,0,1,1,1,1,1,0,0,1,1,1,0,1,1,1,1,1,0,1,1,0,1,0,1,0,0,1
0,0,1,1,0,0,0,0,1,0,1,1,0,1,1,1,1,0,0,1,1,1,0,0,1,1,0,1,1,0,0,0,1,0,0,1,1,0,1,0,1,0,0,1,0,0,1,1,1,1,0,0,1,0,0,1,1,1,0,0,0,1,0,0,1,0,1,1,0,0,0,0,1,1,1,1,1,1,0,1,0,1,0,0,0,1,0,1,0,0,1,0,0,1,0,1,0,0,0,1,1
0,1,1,1,1,0,0,1,1,0,0,1,1,1,1,0,0,1,0,1,0,1,0,1,0,0,1,1,0,0,1,1,1,0,0,1,1,1,1,0,1,0,0,0,0,0,0,0,1,0,0,0,1,0,0,1,1,1,1,0,0,1,1,1,1,0,0,1,1,0,1,1,1,0,0,0,0,1,0,1,1,0,1,0,0,1,0,1,1,0,0,1,0,0,1,1,1,0,0,0,1
1,0,0,0,1,0,1,1,0,0,1,0,0,1,1,0,0,0,0,0,0,0,1,0,1,0,0,1,0,0,0,1,1,1,1,1,0,1,1,1,0,0,1,0,0,1,1,1,0,0,0,1,1,1,1,1,1,1,0,1,0,0,1,0,1,0,1,1,1,0,0,1,0,0,1,1,1,1,1,1,1,1,0,0,1,0,0,1,1,0,1,1,1,0,1,1,1,0,0,1,1
1,1,1,0,1,1,1,0,1,0,0,0,1,0,1,1,1,1,0,1,1,1,0,0,0,1,1,1,1,0,1,0,1,1,0,0,0,1,1,1,0,1,0,0,1,0,1,0,1,1,0,1,1,0,0,0,0,0,0,0,0,1,1,0,0,1,1,1,0,1,0,1,1,0,0,1,0,0,0,1,0,1,1,1,1,1,1,1,1,0,1,1,0,0,0,0,1,1,0,0,1
0,0,1,0,0,1,0,1,0,0,0,0,0,0,0,1,0,1,1,0,0,0,0,0,0,0,1,1,1,0,0,0,0,1,0,0,0,0,0,0,0,1,1,0,0,0,0,0,1,0,1,0,1,0,1,0,0,1,0,0,0,1,0,0,1,0,0,0,0,1,0,0,0,0,1,0,0,1,1,1,1,1,0,0,1,0,1,1,0,0,0,0,0,1,1,0,1,0,1,1,1
1,0,1,0,0,0,1,1,1,1,1,0,0,0,1,1,1,1,0,0,0,1,1,1,0,0,0,0,0,0,0,0,0,0,1,0,1,1,0,1,0,0,1,1,0,1,0,0,1,1,1,0,1,0,1,0,1,1,0,0,0,1,1,0,1,1,0,1,1,1,0,1,0,1,0,1,0,0,1,0,0,0,1,1,1,0,0,0,0,1,1,0,0,0,1,1,0,1,0,0,0
0,1,0,1,1,0,1,0,0,0,0,1,1,1,0,1,0,0,1,0,1,1,1,0,1,1,1,0,1,0,0,1,1,0,1,1,1,1,0,0,0,1,1,1,0,1,0,1,0,0,1,0,0,0,1,0,0,0,0,1,1,0,0,0,0,1,0,1,1,0,0,1,0,0,1,1,1,0,0,1,0,1,0,0,0,0,0,0,0,0,0,0,1,1,0,0,0,0,1,1,0
1,0,0,0,1,1,0,1,0,0,0,1,0,1,1,0,1,1,1,0,0,0,1,0,1,1,0,0,1,1,0,1,1,0,0,0,1,0,1,0,0,0,1,0,1,1,1,0,0,1,0,1,1,0,1,0,1,1,1,1,1,1,0,1,1,1,0,0,1,0,0,1,0,1,0,1,1,1,0,0,1,1,1,0,1,0,0,1,0,1,1,0,1,0,0,1,0,1,0,0,1
1,1,0,0,1,1,0,0,1,1,0,0,0,0,0,0,0,1,0,0,1,1,0,0,0,0,0,0,0,1,1,0,1,1,0,1,0,1,1,1,1,0,0,0,0,1,0,0,1,1,0,1,1,1,1,0,1,0,1,1,1,0,1,0,1,0,0,1,1,1,0,1,0,0,0,0,1,1,1,0,0,0,0,0,0,0,0,1,0,0,0,1,0,0,1,0,0,0,0,0,1
0,1,1,0,1,0,0,1,0,1,1,1,0,1,0,0,1,0,0,0,0,1,0,1,1,1,1,1,0,1,1,1,0,1,1,0,1,1,0,0,1,0,1,1,0,0,1,1,0,0,0,1,0,1,0,1,1,1,1,1,1,1,1,0,1,1,1,1,1,1,0,1,1,0,1,0,0,0,0,0,0,0,1,1,0,1,0,1,0,1,0,1,0,1,0,0,0,1,1,1,1
1,0,1,1,1,0,1,1,0,1,1,0,1,1,0,1,0,1,0,0,0,1,0,0,1,0,1,0,1,0,1,0,0,1,1,0,0,0,0,0,0,0,0,0,0,0,1,0,0,0,1,1,0,0,0,0,1,0,1,1,1,1,1,0,1,1,0,0,1,1,1,0,0,1,1,1,0,1,1,0,0,1,0,1,0,0,0,1,0,1,1,0,1,0,1,1,0,1,1,1,1
1,1,0,1,1,1,0,1,1,0,0,1,0,0,1,0,1,0,1,0,0,0,0,1,0,1,0,1,0,0,0,0,0,1,0,0,1,1,0,1,1,1,0,1,0,0,0,1,1,0,0,1,1,0,0,0,1,1,0,1,1,0,1,0,1,1,0,0,1,1,0,1,1,1,1,1,0,1,1,1,1,0,1,1,1,0,1,0,0,0,0,1,0,1,0,0,0,1,1,0,0
0,0,0,1,1,0,1,1,1,1,0,0,0,0,0,1,0,0,1,1,0,0,0,1,1,0,1,0,1,1,1,0,0,1,0,1,0,0,0,0,1,0,0,0,0,0,0,1,0,0,0,1,1,0,0,1,0,0,0,0,1,0,1,0,1,0,1,1,0,1,0,1,0,1,0,1,0,0,1,0,0,0,1,0,0,1,0,1,0,1,1,0,1,1,0,0,1,0,0,1,1
1,0,0,1,0,0,0,1,1,0,1,0,1,0,0,1,1,0,0,0,1,0,0,1,1,1,1,1,1,1,1,1,1,0,1,1,0,0,0,1,1,1,0,1,0,1,0,0,1,0,0,1,0,0,1,1,1,1,1,0,0,0,1,0,0,1,1,1,0,1,1,1,0,1,0,0,0,1,0,0,1,1,1,0,0,0,0,1,0,1,0,1,1,1,1,1,1,0,0,0,1
1,1,0,0,1,0,1,0,1,0,0,0,1,1,1,0,1,1,0,0,0,1,1,0,0,1,1,1,1,1,1,1,0,0,1,0,0,0,1,0,1,1,0,1,0,1,1,1,0,0,0,0,1,1,0,1,1,0,0,0,0,0,0,1,1,0,1,0,1,1,0,0,1,1,1,0,1,1,1,0,0,1,0,0,0,0,0,1,1,0,1,1,1,1,1,0,0,0,0,1,1
0,1,0,1,1,0,0,1,0,1,1,0,0,0,1,0,1,1,1,1,1,1,0,1,0,1,0,1,0,0,0,0,1,0,1,1,0,0,1,1,0,1,1,0,0,1,1,0,1,1,0,0,1,1,0,1,0,0,1,1,0,1,1,1,1,0,0,1,1,0,1,1,1,0,0,0,1,0,1,1,0,0,1,0,1,0,1,0,1,0,0,0,1,1,1,0,1,0,0,1,1
0,0,1,0,0,0,1,1,1,0,0,1,0,0,0,0,0,0,0,0,0,0,0,1,1,0,0,1,1,0,0,1,0,1,0,0,0,1,1,0,1,1,1,1,1,1,0,0,0,1,0,1,0,1,0,0,0,0,1,0,0,1,1,0,0,0,1,1,0,1,0,0,0,1,1,0,1,1,0,0,0,0,0,1,1,0,1,0,1,1,0,0,0,0,1,0,1,1,1,1,0
0,1,1,1,1,1,1,0,0,1,0,1,0,1,0,1,0,1,1,0,1,1,1,1,0,0,0,0,0,1,0,0,0,0,1,0,0,1,1,0,1,0,1,0,0,1,1,1,1,0,1,0,1,0,1,0,1,0,0,1,0,0,1,0,1,0,1,0,0,1,0,1,0,1,0,1,0,1,1,0,0,1,0,1,1,0,0,0,1,0,0,1,0,0,0,0,0,0,1,1,1
1,1,0,1,0,0,1,1,1,0,1,1,1,1,1,0,0,1,0,0,0,0,0,1,0,1,0,1,0,1,0,1,1,1,0,1,1,0,0,1,0,0,0,1,1,1,1,1,0,1,1,1,1,0,0,1,1,1,0,0,1,0,1,0,0,1,0,0,0,0,0,1,1,1,1,1,0,1,0,1,1,0,0,0,1,1,1,1,0,0,0,0,1,0,1,1,0,0,1,0,0
1,0,1,1,1,0,1,0,1,0,1,1,1,0,0,0,1,1,1,1,0,1,1,0,1,1,1,1,0,1,0,1,0,0,1,1,0,0,0,1,0,1,0,1,1,0,0,1,0,1,1,0,1,0,1,0,0,0,1,0,0,0,0,0,1,0,1,1,1,1,1,0,1,1,1,1,0,0,0,0,1,1,0,0,1,0,1,0,1,0,1,0,0,1,1,1,0,1,1,1,1
1,1,0,1,0,0,0,0,0,1,0,1,1,0,1,0,1,0,0,1,0,0,0,0,1,1,0,1,1,0,0,0,1,1,0,0,0,0,1,0,1,0,0,0,1,0,0,1,0,0,0,0,0,1,1,1,0,0,1,1,0,0,1,0,1,0,0,1,1,1,0,0,1,1,1,0,1,0,1,0,1,0,0,0,1,1,1,1,1,0,1,1,0,1,0,0,1,1,0,1,1
1,1,1,1,1,1,1,1,1,1,0,1,0,1,0,1,0,0,1,1,1,1,1,1,1,1,1,1,0,1,1,1,0,0,0,0,1,1,1,1,0,0,0,0,1,1,0,0,0,0,0,1,0,0,0,0,0,1,1,0,1,1,1,0,0,0,1,0,0,0,0,1,0,1,1,0,1,1,1,1,0,1,0,0,0,1,0,0,1,0,0,0,1,0,0,0,1,0,1,1,0
1,1,1,0,1,0,1,1,1,1,1,1,0,1,0,0,0,1,1,0,1,0,1,1,0,0,0,0,1,0,0,1,0,0,0,1,1,1,1,0,1,1,1,1,0,1,1,0,0,0,0,1,0,1,1,1,0,0,1,1,0,1,1,1,1,1,1,0,0,1,0,1,0,1,0,0,1,1,1,1,1,0,0,0,1,1,1,1,1,0,1,1,0,0,0,0,0,0,0,1,1
1,1,0,1,1,1,0,0,0,0,1,1,0,0,0,1,1,0,1,0,0,0,1,0,0,1,1,1,0,0,0,1,0,0,0,0,1,1,0,1,1,1,1,0,0,1,0,1,0,1,0,1,0,0,0,1,1,0,0,0,1,0,0,0,0,1,1,0,0,0,1,1,0,1,1,0,1,0,1,0,0,1,1,0,1,1,1,1,0,0,1,1,1,1,0,1,0,1,1,0,0
0,0,0,0,1,0,0,0,0,0,1,1,1,1,0,1,1,1,1,0,0,1,1,1,1,0,1,0,1,1,0,0,0,0,1,0,0,1,0,1,0,0,0,1,1,0,1,0,1,1,0,0,0,0,0,1,1,1,1,0,0,1,1,0,0,0,0,1,0,0,1,0,0,1,0,1,1,1,0,1,0,1,0,1,1,1,0,1,1,1,0,0,0,1,0,1,1,1,0,1,0
1,0,1,1,1,0,0,0,1,0,1,0,1,1,1,0,0,0,1,0,1,1,1,0,1,1,0,0,1,0,0,1,1,0,1,0,0,1,0,0,1,1,0,1,1,0,0,1,1,1,1,1,0,1,1,1,1,0,1,1,0,0,1,0,1,0,1,0,0,1,0,0,1,1,1,0,0,0,0,0,1,1,0,0,0,1,0,1,1,1,1,0,1,1,0,1,0,0,1,0,1
1,1,0,0,1,0,1,0,0,1,0,1,1,0,0,1,0,0,0,1,1,0,1,0,0,0,0,1,0,0,1,1,1,0,1,0,1,0,1,1,0,0,1,1,1,1,1,1,0,1,0,0,1,1,1,1,0,1,0,0,0,0,0,0,1,0,0,1,0,0,0,1,1,0,1,0,1,1,0,1,1,1,1,1,0,0,0,1,1,0,0,1,0,1,1,1,1,1,0,1,1
1,1,0,1,1,0,0,1,0,0,1,1,0,1,0,0,0,0,1,0,1,0,0,0,1,0,0,1,1,1,0,1,1,0,0,0,1,0,1,0,1,0,1,1,0,1,1,0,1,1,0,1,1,0,0,0,1,1,1,1,1,0,1,1,0,0,0,1,1,1,1,1,1,0,0,0,0,0,1,0,1,0,1,1,0,1,1,0,1,0,0,1,0,1,1,1,1,1,0,1,1
1,0,1,1,0,0,0,1,1,1,1,0,0,0,0,1,1,0,1,1,1,0,1,0,1,1,1,0,1,1,1,0,1,1,1,0,1,0,0,1,0,1,0,0,0,0,0,0,1,1,0,1,0,0,0,0,0,0,0,1,0,0,0,1,1,0,1,0,1,0,1,0,0,0,1,0,1,1,0,0,1,0,1,1,0,1,0,1,0,1,1,0,1,1,1,1,0,1,0,1,1
1,0,0,0,1,1,0,0,1,1,0,1,1,0,1,1,0,1,0,0,1,1,1,0,1,0,1,1,0,1,0,1,1,1,0,0,0,1,0,0,1,1,0,1,0,0,1,0,0,0,0,0,1,1,0,1,1,1,1,1,1,0,1,0,1,1,1,0,0,1,0,0,0,1,0,1,0,1,1,0,1,0,0,1,0,1,1,1,1,0,0,1,0,0,0,0,1,0,1,1,1
1,0,1,1,0,1,1,0,1,1,0,1,1,1,0,1,1,1,0,0,1,0,0,0,0,1,1,1,1,1,1,0,0,0,0,1,1,1,1,0,0,0,1,0,0,0,1,1,0,1,0,0,1,0,1,0,1,1,0,1,0,1,1,0,1,0,0,1,0,0,0,0,0,0,0,0,1,0,0,1,0,0,0,1,0,0,1,0,1,1,1,0,0,1,0,0,1,1,1,1,1
0,1,1,1,0,1,0,1,0,0,0,1,1,1,1,1,1,1,1,1,1,1,0,1,1,0,1,0,0,0,0,1,1,0,0,0,0,1,0,0,1,1,0,0,0,0,0,0,1,0,0,0,0,1,1,0,0,1,0,0,1,1,1,1,0,1,0,0,0,0,0,0,0,0,1,1,0,1,0,1,1,0,0,1,1,1,1,0,0,0,0,1,1,0,0,0,0,1,0,0,0
1,0,0,0,0,1,1,1,1,0,0,0,0,1,1,1,1,1,1,0,0,0,0,1,1,1,1,1,0,0,0,0,1,1,1,0,0,1,0,1,0,0,0,1,1,0,0,0,1,1,0,1,1,0,0,0,0,1,0,0,0,1,0,1,1,1,0,0,0,1,1,1,0,1,0,0,1,1,0,1,1,0,0,1,0,0,0,0,0,0,0,0,1,0,0,0,1,0,0,0,0
1,0,0,0,1,1,1,0,0,0,1,1,1,1,1,1,0,0,0,0,0,1,1,1,0,1,1,1,1,0,1,1,1,0,1,0,1,1,0,1,1,0,0,0,0,0,1,1,1,0,1,1,1,1,1,0,1,1,1,1,0,0,1,1,0,1,0,0,1,0,0,1,0,0,0,0,1,0,0,0,1,0,1,1,0,1,1,1,1,1,0,0,1,0,0,0,1,1,0,0,1
1,1,1,1,0,0,0,0,0,0,1,0,1,0,1,1,1,1,0,0,1,0,1,1,0,1,0,0,0,1,1,0,0,0,1,0,1,0,1,0,1,1,0,0,0,1,1,1,1,1,1,1,0,1,0,1,1,0,1,1,1,1,1,1,0,1,1,0,0,0,0,0,0,1,0,1,1,1,0,1,1,1,1,1,1,1,0,0,1,0,1,0,0,1,0,1,1,0,0,0,1
1,1,0,0,1,0,1,0,1,1,1,1,1,1,0,0,0,1,0,0,1,1,1,1,1,0,0,0,0,1,0,0,1,0,1,1,0,0,0,0,1,1,1,1,1,1,1,0,0,0,1,1,0,1,1,0,1,1,1,1,1,0,0,1,0,0,0,1,0,1,1,0,0,0,1,0,1,1,0,1,1,1,0,1,0,0,1,1,1,0,1,0,0,0,1,0,0,1,1,0,1
0,0,1,0,0,0,0,0,1,1,1,1,1,0,0,0,0,1,0,0,0,0,1,0,1,1,1,0,1,0,0,0,1,0,1,1,1,0,1,0,0,1,1,1,0,0,0,1,1,1,0,0,1,0,0,1,0,1,1,1,1,0,0,0,0,0,0,0,0,0,1,0,1,1,0,0,0,0,1,0,1,1,1,1,1,0,1,1,1,0,1,1,1,0,0,1,1,1,0,0,1
0,0,1,0,0,0,0,1,1,0,1,1,0,0,0,0,1,1,0,1,0,1,1,0,0,0,0,0,0,0,0,0,1,1,1,0,0,0,0,1,1,0,0,1,1,0,0,1,1,0,0,1,1,0,0,0,0,0,1,1,1,0,1,0,0,0,1,0,0,1,1,0,1,0,0,0,1,0,0,0,1,0,0,0,1,0,1,0,0,0,0,0,1,0,0,1,1,0,0,1,1
0,0,0,1,0,0,0,0,0,0,1,0,0,0,0,1,0,0,1,1,0,0,1,0,1,1,1,0,1,0,1,1,0,0,0,0,0,1,0,0,0,0,1,1,0,1,1,0,0,0,1,0,1,0,1,0,1,0,1,0,0,0,0,0,1,0,0,0,0,0,1,1,1,1,1,1,1,1,0,1,1,1,1,1,0,1,0,0,1,0,0,1,0,1,1,0,1,0,0,1,1
1,0,1,0,0,1,1,1,0,1,0,0,1,1,0,0,1,1,0,1,0,1,0,1,0,1,0,1,1,0,1,1,1,0,1,1,1,1,0,1,1,1,1,0,1,1,1,0,1,0,1,0,1,1,1,1,1,1,0,0,1,0,0,0,1,1,1,0,0,0,0,0,0,0,0,0,0,0,1,1,0,1,0,1,1,1,1,0,0,0,1,0,0,0,1,0,0,1,1,0,1
1,1,1,0,0,0,0,1,1,0,0,0,0,1,0,1,0,0,0,0,1,0,1,1,1,0,1,0,0,0,0,0,1,0,0,1,1,1,1,0,1,1,0,1,0,0,0,0,1,1,1,0,1,1,0,0,1,1,0,1,1,1,1,0,1,0,1,1,1,1,0,1,0,0,0,0,1,1,1,0,0,0,1,0,1,1,0,1,1,1,0,0,1,1,1,1,1,0,1,0,1
1,1,1,0,0,0,1,0,0,1,0,0,1,1,0,1,0,1,1,1,0,0,1,0,0,1,1,1,0,1,1,1,1,1,0,1,1,1,0,1,1,0,1,0,1,0,0,1,1,1,0,0,0,1,1,1,0,1,1,1,1,0,0,1,1,0,1,1,0,1,1,1,0,0,1,1,1,0,1,1,0,1,1,1,1,1,1,1,0,1,1,0,1,1,1,0,1,1,1,1,1
0,1,0,0,0,1,0,0,1,0,0,1,1,1,1,0,0,0,0,1,1,0,0,1,0,0,0,0,0,1,1,1,1,0,1,0,1,0,0,1,1,0,0,0,0,1,0,1,1,1,0,0,1,0,0,0,1,1,1,1,0,0,1,0,0,1,1,0,1,0,0,1,0,1,0,1,0,0,1,0,1,0,1,1,1,1,0,1,0,0,0,1,0,0,0,0,1,1,1,1,0
0,0,0,1,1,1,1,0,0,1,1,0,1,1,1,1,1,1,0,1,1,1,0,0,0,0,0,1,1,0,1,0,0,1,0,1,1,1,1,0,0,1,1,0,0,1,1,1,0,1,0,1,0,1,1,1,0,0,0,0,1,1,1,0,1,1,0,0,1,1,0,0,1,1,0,0,0,1,0,0,0,0,0,0,0,0,0,0,0,0,1,0,1,1,1,1,0,0,1,0,0
0,0,0,1,0,0,0,0,1,0,0,0,1,0,1,0,0,0,1,1,0,0,0,1,1,1,1,0,0,1,0,1,1,0,0,1,1,1,1,0,1,0,0,1,1,1,1,1,0,1,0,1,1,0,0,0,1,0,1,0,0,1,1,1,0,1,0,1,0,0,0,0,1,0,1,1,1,1,1,0,1,1,1,0,1,0,0,1,0,1,1,0,0,1,1,0,0,0,1,0,0
0,1,0,1,0,1,0,0,1,0,0,0,0,1,0,1,0,0,1,0,1,0,1,0,0,0,1,1,1,0,1,0,1,0,1,1,0,0,1,0,1,0,1,1,1,1,0,0,1,0,1,1,1,1,1,1,0,0,1,1,1,1,1,1,0,0,0,0,1,1,1,1,1,1,1,0,1,1,0,1,1,0,0,1,1,0,0,0,0,1,0,1,1,0,0,1,0,0,1,0,0
0,1,0,1,0,1,1,1,0,1,1,0,1,0,1,0,0,1,0,0,0,1,0,0,0,0,1,0,0,1,1,0,0,1,1,0,1,1,1,1,0,1,1,1,1,0,0,1,0,1,0,0,0,0,1,1,0,0,1,0,0,0,0,0,1,1,1,0,0,1,1,0,0,1,1,1,1,1,1,1,1,1,1,0,0,1,1,0,1,0,1,0,0,1,1,1,0,1,0,0,0
0,1,1,1,1,1,0,0,1,1,1,1,0,1,1,0,0,0,0,0,0,0,0,0,0,0,0,1,0,0,1,0,0,1,1,0,0,1,0,1,0,0,0,0,0,0,0,1,0,0,1,1,1,0,1,1,0,1,0,0,1,0,0,1,0,1,1,0,0,1,0,1,1,0,0,1,0,0,1,1,1,0,0,1,1,1,1,0,1,0,0,1,0,0,0,0,0,0,0,1,1
1,1,0,0,0,1,1,1,1,0,0,0,1,0,0,0,0,0,0,1,0,1,0,0,1,0,0,1,0,1,0,1,1,0,1,1,0,0,0,1,0,0,0,1,1,0,1,1,0,1,1,0,0,0,0,0,0,1,0,1,1,0,0,0,0,0,1,1,0,1,1,0,0,0,1,0,1,1,0,0,1,1,0,0,0,1,1,1,1,1,1,1,1,1,0,1,1,0,1,0,1
0,1,1,0,0,0,1,0,0,1,1,0,0,1,1,1,0,0,1,1,0,1,1,0,0,1,0,1,1,1,0,1,0,0,1,1,1,0,0,1,1,0,1,1,1,0,1,1,1,1,1,1,0,1,0,1,0,1,1,1,0,1,1,1,0,0,0,1,1,1,0,1,1,0,1,0,0,0,1,1,0,1,0,1,0,1,1,1,0,1,1,1,0,1,0,1,1,1,1,0,1
1,0,0,1,1,0,1,0,1,0,0,0,1,0,0,0,1,0,1,1,1,0,0,0,0,0,0,1,0,0,0,0,1,1,1,1,1,0,0,0,0,1,1,0,1,0,0,0,1,1,1,0,0,1,0,1,1,0,0,1,0,1,0,0,1,0,1,0,1,1,0,1,0,1,1,0,1,1,0,1,0,0,0,1,0,1,1,1,0,0,1,1,1,0,1,1,0,0,0,0,0
1,1,0,1,1,0,0,1,1,0,1,1,1,1,0,0,1,1,0,0,1,1,0,0,0,0,1,0,0,0,1,0,0,0,0,1,0,0,1,0,0,1,0,0,1,0,0,0,1,1,1,1,0,1,1,1,1,0,1,1,1,0,1,1,0,1,1,1,0,1,0,1,0,0,1,0,0,0,1,1,1,1,0,1,0,1,1,1,1,0,1,1,0,0,0,1,0,0,1,0,1
1,0,0,1,0,0,0,1,0,1,1,0,0,0,0,1,1,0,0,0,1,0,1,0,1,1,1,1,0,0,1,1,0,0,0,0,0,1,1,1,0,1,0,0,0,0,0,0,0,0,0,0,0,0,1,0,1,1,1,0,0,0,0,1,1,0,1,0,1,0,0,0,0,0,1,0,0,0,1,0,1,1,1,0,0,0,1,1,1,0,1,1,1,0,1,1,1,0,1,0,1
0,1,1,0,0,0,0,1,1,1,0,1,0,1,0,0,1,1,1,1,0,1,0,1,0,1,0,0,1,1,1,1,0,0,0,0,0,1,1,1,1,1,1,0,0,1,1,1,1,0,1,0,0,0,1,0,1,1,0,0,0,0,0,1,1,1,0,0,1,0,0,0,0,1,0,0,1,0,0,1,0,1,1,1,0,0,1,1,0,1,1,1,0,0,0,0,1,1,1,1,1
0,1,0,0,1,1,1,0,0,0,0,0,1,0,1,0,1,1,1,0,1,0,1,0,0,0,1,0,0,0,0,1,1,1,0,0,0,0,1,1,1,1,1,0,0,0,1,1,0,1,1,1,0,0,0,1,0,0,0,0,0,1,0,1,1,1,0,1,1,0,0,1,0,1,1,1,1,0,0,0,0,0,1,1,1,0,1,0,0,1,0,0,1,1,0,0,0,0,0,0,1
1,1,1,1,1,0,1,0,0,1,0,1,1,0,1,1,1,1,1,0,0,0,0,1,1,1,0,0,0,0,1,1,1,1,1,1,0,0,1,0,1,0,0,1,1,1,0,1,1,1,1,0,1,1,0,0,1,1,1,0,0,0,0,0,0,0,0,0,0,1,1,0,1,0,1,0,0,0,0,1,1,0,0,1,1,1,0,0,0,0,1,0,1,1,0,0,1,0,0,1,1
1,1,0,1,1,0,1,1,0,1,1,1,1,0,0,1,1,0,0,0,1,0,0,1,0,0,1,0,1,1,0,1,0,0,0,1,0,1,0,0,0,0,0,1,0,0,1,0,1,1,1,0,1,0,1,0,1,0,1,1,1,0,1,1,1,0,0,1,0,1,0,0,0,0,0,1,0,0,1,1,0,1,1,1,0,0,0,1,1,1,1,1,0,0,0,0,0,0,0,0,0
1,1,0,0,0,0,0,0,1,1,1,0,1,1,0,0,0,1,0,0,1,1,0,1,1,0,1,0,1,1,0,0,1,0,1,0,1,1,1,0,0,1,0,0,0,1,1,0,0,0,1,1,0,0,0,1,0,1,0,0,1,0,0,0,0,0,1,0,0,0,1,0,0,1,1,0,1,0,1,1,1,1,0,0,0,0,1,1,1,0,1,1,1,0,1,0,0,0,0,0,1
1,0,1,0,1,1,0,0,0,1,0,0,1,0,0,0,1,0,0,0,0,0,0,0,1,0,1,1,0,0,1,0,1,1,0,0,1,0,1,0,0,1,0,1,1,0,0,0,0,1,1,1,0,0,1,0,1,0,1,0,1,1,1,0,1,0,1,1,0,1,0,1,0,0,1,1,1,0,1,1,1,1,1,1,1,0,0,0,1,1,0,1,1,1,1,1,0,1,0,1,1
1,1,1,1,0,0,0,0,0,0,1,1,1,1,1,1,0,0,1,0,0,0,1,1,0,0,0,1,0,0,0,1,1,1,1,0,1,1,0,0,1,0,1,0,1,1,1,1,1,1,1,0,0,0,1,0,0,0,1,1,0,0,1,0,1,1,1,1,1,0,0,0,1,0,0,0,1,0,0,1,0,0,0,1,0,1,1,0,0,1,0,1,1,1,1,1,1,1,1,1,1
0,1,0,1,0,1,1,0,1,1,0,1,0,1,1,1,0,0,0,0,0,1,1,1,0,1,0,0,1,0,0,0,1,0,0,1,0,0,1,0,1,0,1,1,1,0,0,1,1,0,1,0,0,1,1,0,0,0,1,1,1,0,0,1,0,1,0,0,1,1,0,0,1,1,1,1,0,0,0,0,1,1,1,0,1,0,0,0,0,1,0,0,1,0,0,0,0,1,0,0,0
0,1,0,0,0,1,0,1,0,1,1,0,0,0,0,1,0,0,0,1,1,1,1,1,1,1,0,1,1,0,1,1,1,1,0,0,0,0,0,1,1,0,0,0,1,1,0,1,1,1,1,1,1,1,0,1,1,1,0,1,1,1,1,0,0,1,1,0,1,0,0,0,1,0,1,1,0,1,1,1,1,1,1,0,0,1,0,0,0,1,1,0,0,0,1,1,0,1,0,0,1
1,0,0,1,1,1,0,0,1,1,0,0,0,1,1,1,1,0,1,0,1,1,0,1,1,1,0,1,0,0,1,0,1,1,1,0,1,0,1,1,0,0,1,0,0,1,1,1,1,1,0,0,1,0,0,1,1,1,0,0,0,0,1,0,0,0,1,0,0,0,0,0,0,0,0,1,1,0,1,0,0,0,1,1,0,1,0,0,1,0,1,1,0,1,1,0,0,0,1,1,1
0,0,0,0,0,0,1,0,0,0,1,0,1,1,1,1,1,1,1,0,0,1,0,1,0,1,0,1,0,0,1,1,0,1,1,1,0,0,1,0,1,1,0,1,0,1,0,1,0,0,0,0,0,1,1,0,1,1,1,0,0,1,1,0,0,0,1,0,1,1,1,0,0,1,1,0,1,1,0,0,1,0,0,0,0,1,0,0,0,0,1,1,1,0,0,1,0,1,1,1,1
1,0,1,1,1,1,1,0,0,1,0,0,1,1,1,1,0,1,1,0,0,0,0,1,0,0,0,0,1,1,0,1,0,0,1,0,0,0,0,1,0,1,0,0,0,0,1,0,1,1,0,0,0,1,1,0,0,1,0,1,0,0,1,0,1,0,0,1,1,1,0,1,0,0,1,0,0,0,1,0,1,1,0,0,0,0,0,0,1,1,0,1,0,1,1,1,1,1,1,1,1
1,1,1,0,0,1,1,1,1,0,0,0,0,0,0,0,1,0,0,1,0,0,1,1,0,1,1,0,0,1,1,1,1,1,0,1,0,1,1,1,1,0,0,0,1,1,1,1,0,0,1,1,0,1,1,1,0,0,0,0,1,0,0,1,1,1,1,0,1,0,0,0,0,1,0,1,0,0,0,0,0,0,0,1,0,1,0,1,0,0,1,0,1,1,0,1,0,0,1,1,1
0,0,0,0,1,0,1,0,0,1,1,1,1,0,0,1,0,1,1,1,1,0,1,1,1,0,1,1,1,0,0,0,0,0,1,0,0,0,0,0,1,1,0,0,1,0,1,1,0,1,0,1,1,0,0,1,0,1,0,1,0,0,0,0,0,1,1,0,1,0,0,1,0,0,1,0,0,1,1,0,0,0,1,1,0,1,0,1,0,0,0,0,0,0,1,0,1,1,1,0,1
1,1,1,0,1,1,0,1,1,0,1,1,0,1,0,0,1,1,0,1,0,0,1,1,0,1,1,0,0,1,0,1,0,0,0,0,1,0,1,0,1,0,1,1,1,0,0,0,0,1,1,1,1,1,0,1,0,0,0,0,1,0,0,0,1,1,0,1,0,1,0,1,1,0,1,1,1,1,0,1,0,1,0,1,1,1,1,0,0,0,1,1,1,0,0,1,0,0,0,0,1
0,0,0,0,0,1,0,0,0,1,0,0,0,0,0,0,1,0,0,0,1,0,1,1,0,1,1,0,0,1,0,1,0,0,1,0,1,0,0,0,0,1,1,1,1,1,1,0,0,1,1,1,0,0,1,1,0,1,1,0,0,0,0,0,1,0,1,0,1,0,0,0,0,1,1,0,1,1,0,1,1,0,0,1,0,1,0,0,0,1,0,0,1,0,0,0,0,0,0,0,0
0,0,1,1,1,1,1,1,0,1,0,0,1,1,0,0,0,1,0,0,0,0,1,1,0,1,0,0,0,1,1,1,1,1,0,1,0,1,0,0,1,1,0,0,0,1,1,1,0,1,0,1,1,0,0,1,1,1,0,1,1,0,0,1,0,0,0,0,0,0,0,0,1,1,0,0,0,1,0,1,0,1,0,1,1,0,1,1,1,1,0,1,1,1,0,1,0,0,0,1,1
1,0,1,0,0,1,0,1,1,0,1,0,1,0,1,1,1,0,0,1,1,0,0,0,1,0,0,1,0,0,1,1,0,0,0,0,1,0,1,1,0,1,0,1,0,0,1,0,1,0,1,0,0,0,1,1,0,0,0,0,0,0,1,0,0,1,1,1,1,1,0,1,0,1,0,1,0,1,0,1,1,0,0,0,1,0,0,0,1,0,0,0,0,1,0,1,0,1,0,0,1
0,1,1,0,1,1,0,0,1,0,1,1,0,0,0,0,1,0,0,1,1,1,1,1,1,0,1,1,0,0,1,1,1,1,0,1,0,1,0,1,1,0,1,0,1,0,1,0,1,1,1,0,0,0,1,0,0,1,1,1,1,0,1,0,0,1,0,0,0,1,1,1,1,1,1,0,0,1,0,0,0,1,0,1,0,0,0,1,1,0,1,0,1,1,0,0,0,1,1,0,1
1,1,1,0,1,1,0,1,0,0,0,0,1,0,0,1,1,0,1,1,1,1,0,1,0,1,0,1,0,0,0,1,0,1,0,0,1,1,0,1,0,1,0,0,1,0,1,1,1,0,1,1,0,1,0,0,0,1,1,1,1,1,0,1,0,0,0,0,0,1,1,0,1,0,0,0,1,1,0,1,1,0,0,1,1,1,1,1,0,0,1,0,0,1,0,1,0,1,0,1,1
1,1,1,0,1,1,1,1,0,1,1,1,0,0,1,0,0,0,0,0,1,0,1,1,0,1,1,1,1,0,0,0,0,0,0,0,0,0,0,1,1,0,1,0,1,1,0,1,0,1,1,1,1,1,1,1,0,1,1,1,1,0,1,1,1,1,1,1,0,1,0,1,0,0,1,1,1,1,1,0,1,0,0,1,1,0,1,1,1,1,1,0,0,0,0,1,0,0,0,0,0
1,0,1,1,1,0,1,1,1,0,1,0,0,0,0,1,0,0,1,1,0,0,0,1,1,1,1,1,1,0,0,0,1,1,1,1,1,0,0,0,0,1,1,0,1,0,1,0,0,1,1,0,1,1,1,0,1,1,0,1,1,1,0,1,0,0,0,0,0,1,0,0,1,0,0,0,1,1,1,0,0,0,1,1,0,1,0,1,0,0,1,1,0,0,0,1,0,0,0,0,1
1,0,0,1,0,1,0,1,0,0,0,1,1,1,1,1,1,1,0,0,1,0,0,1,1,0,1,1,1,0,0,0,0,0,0,1,1,0,1,0,0,1,0,0,1,0,1,0,0,0,1,1,1,0,1,0,1,1,1,0,0,0,0,0,0,1,0,0,0,1,1,0,1,0,1,1,1,1,1,0,1,0,1,0,0,1,0,0,1,1,0,1,1,0,0,0,0,1,1,1,0
1,0,1,0,1,0,0,0,0,1,0,0,0,1,0,0,0,1,1,0,0,1,1,0,0,0,0,1,1,1,0,0,0,0,0,1,0,0,0,0,1,1,1,0,0,1,0,1,0,1,1,1,1,1,0,1,1,1,1,1,0,0,1,0,1,1,0,0,0,1,0,1,0,1,0,1,0,1,0,0,1,1,0,1,0,0,1,1,0,0,1,0,1,1,0,0,1,0,1,1,1
0,1,0,1,0,1,1,1,0,1,0,0,0,1,0,1,0,0,1,0,0,0,0,0,0,0,1,0,1,1,1,1,0,0,0,0,0,1,1,1,0,0,1,1,0,0,1,0,0,0,0,0,0,0,0,1,1,0,1,0,1,1,0,0,0,1,1,1,0,0,0,1,0,1,0,1,1,0,1,1,1,1,1,1,1,1,0,0,0,1,1,0,1,1,0,1,1,1,1,0,0
0,0,1,1,1,1,1,1,1,1,1,1,1,0,0,0,0,0,1,1,1,1,0,1,0,0,1,0,0,1,1,0,0,1,0,0,0,0,1,0,0,1,1,1,1,0,0,0,1,1,0,0,1,1,0,1,0,0,0,1,0,1,1,1,0,1,0,1,1,1,0,1,0,0,1,0,1,0,0,0,1,0,1,0,0,1,0,1,1,0,1,0,1,1,1,1,0,1,0,0,0
1,0,0,0,0,0,1,0,1,1,0,0,1,1,1,1,1,1,0,0,1,1,0,0,0,0,0,1,0,0,0,1,1,0,0,0,1,1,0,0,0,0,0,0,0,1,1,0,0,0,0,0,0,0,0,1,1,1,0,1,1,1,0,1,0,1,1,1,1,1,0,1,0,0,1,1,1,0,1,1,0,0,1,1,0,0,1,1,1,0,0,1,1,1,0,0,0,0,1,0,0
0,0,0,0,1,0,0,0,0,0,1,1,1,0,0,0,1,1,1,0,1,0,0,1,0,0,1,0,1,0,1,0,0,0,0,0,0,0,0,1,1,0,0,1,0,1,0,1,0,1,1,0,1,1,0,1,1,1,1,0,0,0,0,0,0,0,1,1,1,0,1,0,0,0,1,0,1,0,0,0,1,0,0,1,1,1,0,1,1,0,1,1,1,0,1,1,1,1,1,0,0
0,1,0,0,0,1,0,1,0,1,1,0,0,0,0,0,0,0,0,1,1,1,0,1,1,1,0,1,1,0,1,1,0,1,1,0,0,1,1,1,1,0,0,1,1,0,1,0,1,1,0,1,0,0,0,1,1,1,0,1,0,0,0,0,0,1,0,0,0,0,1,1,0,0,0,0,0,0,1,1,1,0,0,0,1,0,0,1,1,0,1,1,0,0,1,0,1,1,1,1,1
0,0,1,0,0,1,1,0,0,1,0,1,0,1,1,1,0,1,0,1,1,0,1,1,0,0,0,0,0,0,1,0,1,0,0,1,1,1,0,1,1,1,1,1,0,1,0,0,0,0,1,0,1,0,0,1,0,0,0,0,1,0,1,1,1,0,1,1,0,1,0,0,1,0,0,0,0,0,0,0,1,1,1,1,0,0,1,0,0,0,0,1,1,0,1,1,1,1,0,1,0
1,1,0,0,1,0,1,1,1,0,0,1,1,1,1,1,0,1,1,0,1,0,1,1,1,0,1,0,0,1,0,1,1,1,0,1,1,0,1,0,0,0,0,1,0,0,1,0,1,1,1,0,1,0,1,0,1,0,1,0,0,1,1,0,1,0,1,1,0,1,1,0,1,1,1,1,0,1,1,0,0,1,1,1,1,0,1,1,0,0,0,0,0,0,1,1,0,1,1,1,1
0,0,0,0,1,1,0,0,1,0,1,0,0,0,1,0,0,1,1,0,1,0,1,1,1,0,1,0,0,1,1,0,1,0,1,0,1,1,1,1,0,1,1,1,0,1,1,1,1,0,0,1,0,1,1,0,1,1,1,0,0,0,0,1,0,0,1,1,1,0,0,0,0,1,0,1,1,1,0,1,0,1,1,1,0,1,1,1,0,1,1,0,1,1,1,0,1,0,1,0,0
0,0,0,1,0,0,0,0,0,0,0,0,1,1,0,1,0,0,0,0,1,1,0,0,1,1,1,1,0,1,0,0,0,0,1,0,0,0,1,1,1,1,0,1,1,1,1,1,1,1,1,0,0,1,0,1,1,0,1,0,0,1,0,0,0,0,1,1,1,1,0,0,0,0,1,1,0,1,1,1,1,0,1,1,1,1,1,1,1,0,1,1,0,0,1,1,1,0,0,0,1
1,1,0,1,1,0,0,1,1,1,0,0,0,0,0,0,0,1,1,0,0,0,0,0,1,0,1,1,1,0,1,1,1,0,0,1,1,1,1,1,0,0,0,0,1,1,1,0,0,1,1,1,0,0,0,1,1,0,0,0,1,1,0,0,0,0,0,0,0,1,0,1,0,0,0,1,0,1,0,1,0,0,0,0,1,1,0,1,0,1,0,0,0,0,0,1,1,0,1,0,1
1,1,0,1,0,0,1,1,1,0,0,0,1,1,0,0,1,1,0,1,0,1,1,1,1,0,1,1,0,0,1,0,1,0,0,0,0,0,0,0,1,1,1,0,0,1,0,0,1,1,1,0,1,1,1,1,1,1,1,0,0,0,0,1,1,0,0,0,0,0,0,1,0,1,0,0,1,1,0,0,1,1,0,1,0,0,0,0,0,1,1,1,1,0,1,1,0,1,0,0,1
0,1,1,0,1,1,0,0,0,0,0,1,1,0,0,1,1,0,1,1,1,0,1,0,1,1,1,1,1,1,1,1,0,0,1,0,1,1,1,1,1,0,0,1,0,1,0,0,1,0,1,1,1,0,1,0,1,1,0,0,0,1,1,0,1,0,0,0,1,0,1,1,1,0,1,0,0,1,0,1,0,1,1,0,0,0,0,1,1,1,1,1,1,1,1,1,1,0,0,1,1
0,0,1,1,0,1,0,0,1,1,1,0,1,0,0,0,1,1,0,0,0,1,1,1,0,1,1,0,0,1,1,1,0,1,1,0,0,0,1,1,1,0,0,0,1,0,0,1,1,0,0,1,1,0,1,1,1,1,0,0,1,1,1,0,1,0,0,0,0,0,1,0,1,0,1,0,1,0,1,0,1,0,1,1,0,0,1,1,0,1,0,1,0,1,1,0,1,1,0,1,1
1,1,1,1,0,0,1,1,1,0,0,0,1,0,0,1,1,0,1,1,0,1,1,1,1,1,1,0,0,0,0,1,1,0,0,0,1,0,1,1,1,0,1,0,1,1,0,1,0,1,0,1,0,0,1,1,1,1,0,0,1,0,0,0,1,0,1,1,1,1,0,0,1,1,0,1,1,1,1,0,0,1,0,1,0,1,1,0,0,1,0,0,0,1,1,1,0,0,0,0,0
1,0,1,1,0,1,0,0,0,1,0,1,0,1,1,0,1,0,0,1,1,1,0,0,0,0,0,1,1,1,0,1,1,1,0,0,0,1,1,0,1,0,1,0,1,1,0,1,1,1,0,0,1,1,1,1,1,0,0,1,1,1,1,1,1,0,1,1,0,1,0,1,1,1,0,1,0,1,0,1,1,0,1,0,1,1,1,1,1,0,0,1,1,1,0,0,1,0,1,0,1
1,1,0,1,0,1,1,1,0,0,1,0,0,0,1,1,1,1,0,1,1,0,1,0,1,1,1,0,1,1,1,1,0,1,0,1,0,0,1,1,0,0,0,0,1,1,0,0,1,0,0,0,1,0,0,1,1,1,1,1,0,1,0,0,0,1,0,1,1,0,0,0,1,0,1,1,1,0,0,1,1,0,0,0,1,1,0,0,1,0,0,1,1,0,0,1,0,0,1,0,1
0,1,0,1,1,0,1,1,0,1,1,0,1,0,1,0,0,1,0,1,1,1,0,0,0,0,0,0,0,1,1,0,1,1,0,0,1,0,1,0,1,1,0,0,0,1,0,0,1,1,1,0,1,1,0,0,0,0,1,0,1,1,1,0,1,1,1,0,0,0,0,1,0,0,0,1,0,1,0,0,1,0,1,1,0,1,0,1,0,1,1,1,0,0,1,1,1,0,1,0,1
1,1,1,1,0,1,1,1,1,1,1,1,1,0,0,0,1,0,1,1,1,1,1,1,0,0,0,1,1,0,1,1,0,1,0,1,0,1,0,1,1,0,1,0,1,0,1,0,0,1,1,1,0,0,1,0,1,0,0,1,1,0,1,0,1,1,0,1,0,0,1,1,1,1,1,0,0,0,0,1,1,1,0,0,1,0,0,0,0,0,1,1,0,1,0,0,1,1,1,0,1
0,1,1,0,1,1,0,1,0,0,1,0,0,1,1,1,0,0,0,0,1,0,0,0,1,1,0,1,1,1,0,0,0,1,1,0,1,1,0,0,1,1,1,1,1,1,1,0,1,0,1,0,0,0,1,0,1,1,0,0,1,0,0,1,1,0,0,0,1,1,1,1,0,1,0,1,0,1,1,1,1,1,0,0,1,0,0,0,1,1,0,0,0,1,0,1,0,0,1,1,1
0,1,0,1,0,0,0,1,0,1,1,1,1,0,1,1,0,0,1,1,1,0,0,1,1,0,1,0,0,1,1,0,0,1,0,0,1,0,0,0,0,1,0,0,1,1,1,0,0,0,1,0,0,1,1,1,1,0,0,0,0,1,0,1,1,0,1,0,1,0,1,0,0,1,1,1,1,0,0,1,0,0,0,0,1,0,0,1,0,1,1,0,0,1,0,0,0,1,0,0,0
1,0,0,0,0,0,0,0,0,1,1,0,1,1,0,1,1,0,1,0,1,1,1,1,1,0,0,1,1,0,1,0,1,0,0,0,0,0,1,0,0,0,0,1,0,0,0,0,1,0,1,1,0,1,1,0,1,0,0,0,0,0,1,0,0,1,1,0,0,0,1,0,0,0,1,0,1,1,1,1,0,1,0,1,0,0,1,0,0,1,1,1,1,1,1,1,0,1,0,0,1
1,1,1,1,0,0,0,1,1,0,0,0,1,0,1,0,0,0,1,0,0,0,1,1,1,0,1,0,1,1,0,1,0,1,1,0,0,1,0,0,1,1,1,1,1,1,0,0,0,1,1,0,0,0,1,1,0,0,0,0,1,0,0,1,0,0,0,1,0,0,0,0,1,1,0,1,0,1,0,0,1,0,0,1,1,1,0,1,0,0,0,0,0,1,0,0,1,1,0,0,0
1,0,1,0,1,0,1,0,0,1,0,0,0,1,0,0,1,0,1,1,1,0,0,0,1,0,0,1,0,0,1,1,1,0,0,1,1,0,1,1,1,0,1,1,1,1,0,1,0,0,0,0,0,0,1,1,0,0,0,1,1,0,1,1,0,1,1,1,1,0,1,1,0,1,0,0,0,0,0,0,0,0,1,0,0,0,0,0,0,1,1,0,0,1,0,0,1,0,1,0,1
1,1,1,1,0,0,1,0,1,0,0,0,1,0,0,1,1,1,0,1,1,1,1,0,0,0,0,1,1,1,0,0,0,1,0,0,0,0,1,0,0,0,1,1,0,1,1,0,1,1,1,1,1,0,0,0,1,0,1,1,0,1,1,0,0,0,1,0,1,1,1,0,1,1,0,0,0,0,1,1,0,1,1,0,1,0,1,1,1,0,0,0,0,0,0,1,1,0,0,0,1
0,1,0,1,1,0,1,1,1,1,0,0,1,0,0,1,1,0,0,0,1,1,1,0,1,1,0,0,1,1,1,1,0,1,1,0,0,0,1,1,0,0,1,1,0,0,1,1,0,1,1,0,1,1,1,1,0,0,1,0,0,0,0,1,0,0,0,0,0,1,0,0,1,0,1,0,0,0,1,0,0,0,1,1,1,0,0,0,1,1,0,0,0,0,0,1,0,1,0,0,1
1,1,0,1,0,0,0,0,0,1,0,1,1,0,1,1,0,1,1,0,1,1,1,0,0,1,1,1,0,0,0,0,0,1,0,1,0,1,0,1,1,0,0,0,1,1,1,0,1,0,0,0,0,0,1,0,1,1,1,1,0,1,1,0,1,0,1,0,0,1,0,0,1,1,1,0,1,0,1,1,1,1,0,1,0,0,0,1,1,1,1,1,1,1,1,1,1,0,0,1,1
0,1,0,0,1,1,1,1,0,0,0,0,0,0,0,1,1,1,0,0,1,1,0,0,1,1,1,1,1,1,1,0,0,1,0,1,1,1,0,1,0,0,0,1,0,1,1,0,0,0,0,0,0,0,0,1,1,0,0,1,1,0,0,1,1,1,0,0,0,1,0,1,0,1,1,1,1,1,0,0,0,1,1,0,1,0,1,1,1,1,1,0,1,0,0,0,1,0,0,0,1
1,0,1,0,0,1,1,1,1,1,0,1,1,1,1,1,0,0,0,1,0,0,0,0,0,0,0,1,1,0,0,0,1,1,1,0,1,0,1,1,0,1,1,0,0,1,0,1,1,1,1,0,0,0,1,1,1,1,0,0,0,0,0,0,0,1,0,1,0,1,0,0,0,1,1,1,1,1,1,0,0,0,1,1,1,0,1,1,1,0,0,1,1,1,0,0,0,1,0,1,1
0,0,1,0,1,1,1,0,1,1,1,1,0,0,1,1,1,0,1,1,0,1,1,1,1,1,1,1,0,0,1,0,0,0,1,0,1,1,1,0,0,0,1,0,0,0,0,0,0,1,1,1,1,1,1,0,1,1,1,1,0,0,1,0,1,1,1,0,0,1,1,1,0,0,0,1,0,0,0,1,0,1,0,1,0,1,0,1,0,1,1,0,0,0,1,1,1,0,0,1,0
1,1,1,1,1,0,1,1,0,1,1,1,0,0,1,0,1,1,0,0,1,0,0,0,0,0,0,0,1,1,0,1,1,1,1,1,1,0,0,1,1,0,1,1,1,0,0,1,0,1,0,0,1,1,0,0,1,0,1,1,1,1,0,1,0,1,1,0,0,1,0,1,0,0,0,1,1,0,1,0,1,0,0,0,0,1,0,0,1,0,1,0,1,0,1,0,0,0,0,0,1
0,0,0,1,0,1,1,1,0,1,0,1,1,1,1,0,0,1,1,0,1,0,0,0,0,0,0,1,0,1,0,0,0,0,1,1,0,1,1,1,1,1,0,0,1,0,0,0,0,0,1,0,1,0,0,1,1,0,1,1,1,0,1,0,0,0,1,1,0,0,1,1,0,0,0,0,0,1,1,1,1,1,1,1,1,0,1,1,0,1,0,0,1,1,0,1,1,1,1,1,0
0,0,0,1,0,1,1,1,0,0,1,1,0,0,0,0,1,1,1,0,0,0,0,1,0,0,0,1,1,0,1,1,1,1,0,1,1,0,1,0,0,1,1,1,0,1,1,1,1,0,1,0,0,0,1,0,0,1,1,1,1,0,0,1,0,1,0,0,1,1,0,0,1,0,0,1,0,0,0,1,1,1,0,0,0,0,1,1,1,0,1,0,0,0,1,0,1,0,0,1,0
1,0,1,0,1,1,1,0,0,1,0,0,1,0,0,0,0,1,1,1,0,1,0,0,0,0,1,1,1,1,1,1,0,0,0,1,0,1,0,0,1,0,0,1,0,0,0,1,1,0,1,1,1,0,0,0,0,0,1,0,1,1,0,1,1,0,0,0,0,1,0,1,0,0,1,1,0,1,0,0,0,1,0,1,1,1,0,0,0,0,1,0,1,1,1,0,0,0,1,1,1
1,0,1,0,1,0,0,0,0,0,0,1,1,1,0,1,0,1,0,1,0,0,0,1,1,0,0,1,0,1,1,1,1,0,0,0,1,1,0,1,0,1,0,0,0,0,0,0,0,0,1,0,0,1,0,0,0,1,1,1,0,1,0,1,0,0,0,1,1,1,1,1,1,1,1,0,0,0,0,1,1,1,1,1,1,0,1,1,0,1,0,1,0,1,0,0,1,0,0,1,1
1,0,0,1,0,1,0,1,0,1,1,0,1,1,0,1,0,1,1,1,1,1,0,1,0,1,1,1,1,0,1,0,0,1,1,1,1,0,1,0,1,1,0,0,1,1,1,0,1,0,1,0,0,0,1,1,0,1,1,1,0,1,0,1,0,1,0,0,1,0,1,1,1,1,0,0,1,0,1,1,0,1,1,1,0,0,0,0,1,1,1,0,1,0,1,0,0,0,1,0,1
0,0,1,0,1,0,1,0,0,0,1,1,0,0,1,1,0,0,1,1,0,1,0,0,1,1,1,1,0,1,0,0,1,0,0,1,1,1,0,1,1,1,1,1,0,0,0,0,1,1,0,1,1,0,0,1,1,0,0,1,1,1,1,1,0,0,0,0,0,1,1,0,1,0,0,1,0,0,0,0,0,0,1,0,0,0,1,0,0,0,1,1,1,0,1,1,0,0,1,1,0
0,0,0,1,0,0,1,1,0,1,0,0,0,0,1,0,0,1,1,0,1,0,0,0,1,1,0,0,1,1,0,0,1,1,0,1,0,1,1,0,0,0,1,0,0,0,1,0,1,1,1,1,0,0,0,0,0,0,0,0,1,1,1,1,1,1,1,0,0,1,1,0,0,1,1,1,1,1,0,0,1,1,1,1,1,0,0,0,0,1,0,1,1,0,0,1,1,0,0,0,1
1,0,0,0,0,1,1,1,0,1,0,0,1,1,1,0,0,0,1,1,0,1,1,1,0,1,0,1,0,1,0,1,1,1,1,0,0,1,1,0,0,0,1,0,0,1,0,0,1,0,1,0,1,1,0,1,0,0,1,1,1,1,0,0,0,0,1,0,1,0,0,0,0,1,1,1,0,0,0,0,1,0,1,1,0,0,1,1,0,1,0,1,1,1,1,0,1,0,1,0,1
0,0,0,0,0,1,0,1,0,1,0,0,0,0,0,1,1,0,0,0,0,1,1,0,1,1,1,1,0,1,1,0,0,1,0,1,1,0,0,0,0,0,0,0,0,1,1,1,0,1,0,1,0,1,1,1,1,0,0,1,0,1,0,0,0,0,1,1,0,0,0,0,0,1,0,1,1,1,0,0,1,0,1,0,0,0,0,0,1,1,0,1,0,0,0,1,1,0,1,1,1
1,1,0,1,1,0,0,1,0,0,1,1,0,0,0,0,1,1,1,0,1,0,0,1,1,0,1,1,1,1,0,1,1,0,0,1,0,1,1,0,1,1,0,0,1,0,0,0,1,1,0,0,0,1,0,1,1,1,1,0,0,1,0,0,0,0,0,0,0,1,0,1,0,1,1,1,0,1,0,1,1,0,0,0,0,1,1,1,1,0,1,1,0,1,0,1,0,1,1,1,1
0,0,1,0,1,1,0,0,1,1,0,0,0,1,0,0,1,0,1,0,1,0,1,0,1,0,1,0,0,0,0,0,0,1,0,0,0,1,1,1,0,1,1,0,1,0,1,1,1,1,0,1,1,1,1,1,0,0,1,0,1,1,1,0,1,1,0,1,0,0,1,0,0,0,0,0,0,1,0,1,1,0,0,1,0,0,0,1,0,0,0,0,1,1,0,0,0,0,1,1,1
0,1,0,0,0,0,0,0,1,1,0,0,0,1,1,0,1,1,0,1,1,0,1,0,0,1,1,1,0,1,1,1,1,1,0,0,1,0,1,0,1,0,1,0,0,0,0,1,1,0,0,0,0,0,0,1,0,1,1,0,0,0,1,1,1,0,0,0,1,0,1,0,1,1,1,0,0,0,0,1,1,0,1,1,0,0,1,0,1,0,0,0,0,1,1,0,1,0,0,0,1
1,1,0,0,1,1,1,1,0,1,1,1,0,0,0,1,0,0,1,1,1,1,1,1,0,0,0,1,0,1,1,0,0,0,1,0,1,1,0,1,1,0,1,1,1,0,1,1,0,0,1,0,0,0,1,1,0,0,0,1,0,0,1,0,1,0,1,0,0,1,1,0,0,1,1,0,0,1,1,1,1,1,0,1,0,0,0,0,1,1,1,1,0,0,0,0,1,1,1,1,0
1,1,1,1,0,0,1,1,1,0,1,0,0,1,1,0,0,0,1,1,1,1,0,1,0,1,0,1,1,0,0,0,0,0,0,1,0,1,1,1,1,1,0,1,0,0,1,1,1,0,0,1,0,0,0,0,1,0,0,1,0,0,0,0,1,1,1,0,0,0,0,0,1,0,0,0,1,0,1,0,0,1,1,0,0,1,1,0,0,0,0,1,0,1,0,1,0,1,0,1,1
1,1,1,1,1,0,1,0,0,1,1,0,1,0,1,0,1,1,0,1,1,1,0,1,0,0,0,0,1,0,0,1,0,1,1,1,1,1,1,0,0,1,0,0,0,1,1,0,0,1,1,1,1,0,1,0,1,1,1,0,0,1,0,0,1,0,1,1,0,0,0,0,0,1,1,1,0,1,0,0,0,1,1,1,0,1,0,1,0,0,0,0,1,1,0,1,0,1,1,1,1
0,1,0,0,1,0,0,0,0,1,1,1,0,1,0,0,1,0,1,1,1,1,0,1,0,0,1,0,0,1,0,1,0,1,1,1,0,0,1,1,0,1,1,0,0,0,1,1,1,0,1,1,0,0,1,0,1,1,1,1,1,1,1,1,0,1,0,0,0,0,1,1,1,1,1,0,1,1,1,1,0,1,0,0,0,0,1,1,1,0,0,0,1,1,0,1,1,0,1,0,1
1,1,1,0,1,1,0,1,0,1,0,1,0,0,1,1,1,1,0,1,1,1,1,1,0,1,1,1,0,1,1,0,0,1,0,1,0,0,1,0,1,1,1,0,0,0,0,1,0,1,1,0,1,0,0,1,0,1,0,1,0,0,0,1,0,0,1,0,0,1,0,0,0,0,0,1,1,0,0,1,0,1,1,1,0,0,0,1,1,1,1,0,0,1,1,1,1,1,1,0,1
0,0,1,0,1,1,1,1,1,0,0,1,1,0,0,1,1,1,1,0,0,1,1,1,0,1,0,1,1,1,1,1,1,1,1,0,0,1,0,1,1,0,1,0,1,0,1,1,0,1,0,1,0,0,1,0,1,0,1,0,0,0,0,1,1,1,0,1,0,0,1,0,1,1,1,1,0,1,0,0,1,0,1,1,1,0,1,1,0,1,0,0,1,1,0,0,1,0,0,1,1
1,0,1,0,1,0,0,1,1,0,1,1,0,0,1,0,1,0,0,1,1,0,0,1,0,1,0,0,0,1,1,0,1,0,0,0,1,1,1,1,0,0,1,1,0,1,1,1,0,1,1,0,0,0,0,1,0,1,0,1,1,1,0,0,1,0,1,0,1,0,0,1,0,1,0,0,0,1,0,0,1,1,1,1,1,1,0,1,0,0,0,0,1,1,1,1,1,1,0,0,1
0,1,0,0,1,1,0,0,0,1,0,1,0,1,1,1,1,1,1,0,0,1,1,0,1,0,0,1,1,1,1,1,0,0,1,1,0,1,1,1,1,0,1,1,0,0,0,1,0,0,0,0,1,0,0,0,0,1,0,1,1,1,1,0,0,1,1,0,0,1,1,0,1,1,0,1,0,1,1,0,0,1,0,1,1,0,1,0,0,1,1,0,0,1,1,0,1,1,0,0,1
1,1,1,0,1,1,1,1,1,0,1,1,0,1,0,1,0,0,1,1,1,0,1,0,0,0,1,0,1,1,1,1,0,1,1,0,0,0,1,0,0,0,0,0,1,1,0,0,0,0,1,0,0,0,0,1,0,1,1,0,0,1,1,0,0,0,0,1,1,1,1,1,0,1,1,1,0,1,0,1,0,1,0,0,1,1,0,1,0,0,0,1,1,1,1,0,0,1,1,0,1
0,0,1,1,0,0,1,1,1,0,0,0,1,1,0,1,0,1,1,0,0,1,0,1,1,1,0,0,0,1,1,1,0,0,1,0,1,0,1,0,0,0,1,0,0,1,1,1,1,1,0,0,1,0,0,0,1,0,0,1,1,0,1,0,0,1,1,1,1,0,0,0,1,0,1,0,0,1,1,1,1,1,1,0,0,0,0,0,1,0,1,1,1,1,0,0,0,1,1,0,1
1,1,1,1,1,1,1,0,1,0,1,1,0,0,1,1,1,0,0,0,1,1,1,0,1,0,1,0,1,1,0,0,1,1,0,1,0,1,0,0,1,1,1,0,1,0,1,1,0,0,1,1,0,1,0,1,0,1,1,0,0,0,0,1,0,1,1,0,1,1,1,1,1,0,0,1,1,0,1,0,1,0,0,1,0,1,1,0,1,0,0,1,1,1,1,0,1,1,0,1,0
0,1,1,1,0,1,0,0,0,1,1,0,0,1,0,1,0,0,0,0,1,1,0,1,1,1,0,0,1,0,0,0,1,0,1,1,1,0,0,0,0,1,1,0,1,0,0,0,0,1,1,0,0,1,1,0,1,0,0,0,1,0,1,1,0,0,1,1,0,0,0,1,0,0,0,0,1,0,1,0,0,0,1,1,0,1,1,1,1,0,1,1,1,1,0,0,0,1,1,1,0
0,0,0,0,0,0,1,0,0,1,0,0,1,0,0,0,1,0,0,0,1,1,1,0,1,1,1,0,1,0,1,1,1,1,0,0,1,0,0,0,0,0,0,0,1,0,1,1,1,1,1,1,1,1,0,0,0,1,1,1,1,1,0,1,0,0,0,1,0,1,0,1,0,1,1,0,0,1,0,0,1,1,0,0,1,0,1,1,0,0,1,0,1,0,1,1,0,1,1,1,1
1,0,1,1,0,1,1,1,1,0,1,0,0,0,1,0,1,0,1,1,1,1,1,1,0,0,1,1,0,0,1,1,1,1,0,1,0,1,0,1,0,0,1,0,1,1,1,0,1,0,1,0,0,0,1,1,0,1,1,1,1,0,1,1,1,1,0,1,1,0,1,1,1,1,1,0,1,0,1,0,0,0,1,0,0,1,1,1,1,0,0,1,1,0,0,1,0,0,1,1,0
0,0,1,0,0,1,1,0,1,0,0,1,0,1,0,1,1,1,0,1,0,0,0,0,0,1,1,0,1,1,1,0,1,0,0,0,0,0,1,1,0,1,0,1,1,1,0,0,1,0,1,0,0,0,0,1,1,0,0,1,1,0,0,0,1,0,1,0,1,0,0,0,1,1,0,0,0,0,1,0,1,0,0,1,1,1,1,0,0,0,0,0,0,0,0,0,0,1,1,1,0
0,0,0,1,0,0,1,0,0,1,0,1,1,0,0,1,0,0,0,0,0,1,0,0,1,1,0,1,1,1,0,0,1,0,1,0,1,1,1,0,0,1,1,0,0,0,0,1,1,1,0,1,1,0,0,0,1,0,0,1,1,1,0,1,1,1,0,0,0,1,1,0,1,0,1,1,1,0,0,1,0,1,1,0,0,0,1,1,0,0,1,1,0,0,1,0,1,1,0,1,1
1,1,0,1,1,1,1,1,1,0,0,1,0,0,0,1,0,1,1,1,1,0,0,0,1,1,1,1,0,0,0,0,0,0,0,1,0,0,1,0,0,1,0,1,1,0,1,0,0,1,0,1,0,1,0,0,0,0,1,1,1,0,0,1,0,0,0,0,0,1,0,0,0,0,0,1,0,0,0,0,0,1,1,1,1,0,1,0,1,1,1,1,0,1,1,1,0,1,1,1,1
1,0,1,0,0,0,1,1,0,1,1,1,0,0,1,1,1,0,0,1,1,0,0,1,1,1,0,0,0,0,0,0,1,0,0,1,1,1,0,1,1,0,1,1,1,0,1,1,1,1,0,1,1,0,0,0,0,1,0,0,1,1,0,1,0,0,1,1,1,1,0,0,0,0,1,1,1,0,1,0,0,1,0,0,0,0,0,0,0,0,0,1,1,0,0,1,0,1,0,0,1
0,0,1,0,1,0,0,1,1,1,0,0,1,0,0,1,0,1,0,1,0,0,1,1,0,1,0,1,0,1,1,0,0,1,0,1,1,1,1,0,1,1,1,1,0,0,0,1,1,1,0,1,1,1,1,0,0,0,1,0,1,1,0,1,1,1,0,0,0,1,0,1,1,1,1,1,0,0,1,1,0,1,1,0,1,0,0,1,1,0,0,0,1,0,0,0,1,1,1,1,1
0,0,0,0,0,0,1,0,1,0,1,1,0,0,0,1,0,1,0,0,1,0,1,0,1,0,0,1,0,0,0,0,0,1,0,1,0,0,0,1,1,0,0,0,1,1,1,0,1,0,1,0,0,0,0,0,1,0,0,0,0,0,1,0,1,1,1,0,1,1,0,0,0,0,1,1,1,0,1,1,1,0,0,1,0,0,0,0,1,0,0,1,0,0,0,1,0,0,1,1,1
0,0,1,0,0,1,1,0,0,0,1,0,1,1,1,1,1,0,1,1,0,1,0,1,0,1,1,1,1,1,1,0,0,0,0,0,1,0,0,1,0,0,1,0,1,0,1,0,1,1,0,1,1,0,1,1,0,0,1,0,0,1,0,1,0,1,1,0,1,0,0,1,0,0,0,1,1,0,1,0,0,0,0,1,1,1,0,1,1,0,0,1,0,0,1,1,1,0,1,0,0
1,0,1,1,0,1,0,0,1,1,0,0,0,1,0,0,1,1,1,1,1,1,0,1,1,0,0,1,0,0,1,0,1,1,1,1,0,0,1,1,0,0,0,1,1,0,0,0,1,1,0,0,1,0,1,0,0,0,1,1,0,1,1,1,1,1,1,1,0,1,1,1,1,0,0,0,1,0,0,0,1,0,0,0,0,1,0,1,1,0,0,0,0,0,1,0,1,0,0,0,1
0,0,1,0,1,1,0,0,1,0,1,0,1,1,0,1,1,0,0,1,0,1,1,1,1,1,0,1,0,0,0,0,1,1,1,0,1,1,1,0,1,0,1,1,0,1,1,0,0,0,0,1,1,0,0,1,1,1,0,1,1,1,0,1,1,0,0,1,0,1,0,0,0,1,0,1,0,0,1,1,1,0,0,1,1,1,1,0,1,0,0,1,0,0,0,0,1,0,1,1,1
0,1,1,0,0,0,0,1,1,1,1,1,1,1,0,1,0,1,0,0,1,0,0,0,1,0,0,0,1,0,1,0,1,0,0,0,1,0,0,0,0,1,1,0,1,1,1,1,1,0,0,1,0,0,0,0,0,0,1,1,1,0,0,0,1,0,1,0,0,1,0,0,0,1,1,1,1,1,1,1,1,0,0,1,1,0,0,1,0,1,0,1,1,1,0,1,1,1,1,1,1
0,1,1,0,1,0,0,0,0,1,1,0,1,0,0,0,1,1,0,0,1,0,1,0,1,0,1,0,1,1,1,1,0,1,1,1,0,1,0,0,1,1,0,0,0,0,0,0,1,1,1,0,0,1,0,1,0,1,1,1,1,0,1,1,1,0,1,0,0,0,1,1,1,0,1,1,0,0,1,0,1,0,1,1,1,0,1,0,0,0,0,1,1,0,0,1,1,0,0,0,1
1,1,0,1,0,1,0,1,0,1,1,1,1,1,0,1,0,1,1,1,0,0,0,0,0,1,0,0,1,1,1,1,1,1,1,0,0,0,1,0,1,0,1,0,1,1,1,1,0,1,1,0,0,1,1,1,0,0,1,0,1,1,0,0,0,1,0,0,1,1,0,0,1,1,1,0,0,1,0,0,0,1,0,1,0,0,0,1,0,1,1,1,0,1,0,0,0,0,1,1,1
1,1,1,0,1,0,0,0,0,0,1,1,0,0,1,0,0,1,1,1,0,0,1,0,1,1,1,1,1,1,1,0,1,1,1,0,1,0,0,0,0,0,1,1,0,1,1,0,1,1,0,0,1,0,0,1,1,1,1,0,1,1,0,0,0,0,0,1,1,1,1,1,0,0,1,0,0,0,0,0,0,0,0,0,0,1,0,1,1,0,1,1,0,0,1,0,0,0,0,1,1
0,0,0,0,1,0,0,0,0,0,0,1,0,1,1,1,1,0,1,1,1,0,0,0,0,0,1,0,0,0,1,0,0,0,0,1,1,1,1,1,0,1,0,1,0,1,1,0,0,1,0,1,0,0,1,1,1,1,0,1,1,1,1,1,0,1,1,0,0,1,1,1,0,0,0,0,1,0,1,0,0,1,0,1,0,0,1,0,0,0,0,0,1,0,1,0,1,1,0,1,0
1,0,0,0,1,0,1,1,0,0,1,0,1,0,1,1,0,1,0,1,0,0,0,1,0,1,0,0,1,0,0,1,0,0,1,1,1,1,1,0,1,1,1,0,1,0,1,0,0,0,1,0,0,1,0,0,0,1,1,0,0,0,1,1,1,1,1,0,0,0,0,0,0,0,0,0,1,1,0,1,0,0,0,0,1,0,1,1,1,0,0,1,0,0,0,0,0,1,1,0,1
0,0,1,1,1,0,1,0,1,0,1,0,1,0,0,1,1,0,1,0,0,1,1,0,0,0,0,0,1,1,0,0,0,0,1,0,1,0,0,1,1,0,1,0,0,0,0,0,1,0,0,1,0,1,0,0,0,1,1,1,0,0,1,1,1,1,0,0,0,1,0,1,0,1,0,1,0,1,0,1,0,0,0,0,0,1,0,1,1,1,1,0,1,1,0,0,0,1,1,1,0
1,0,1,0,0,1,1,0,1,1,0,0,1,1,1,0,1,1,0,0,1,1,0,1,0,1,1,1,1,1,1,0,1,1,0,1,0,0,1,1,1,1,1,0,0,1,0,1,0,1,1,1,1,1,1,1,0,0,1,0,1,0,0,0,1,0,1,1,0,1,0,0,0,1,1,0,0,0,0,0,1,0,1,0,1,0,0,0,0,1,0,1,1,0,1,1,1,0,1,0,1
0,0,1,1,1,1,1,1,0,1,1,1,0,1,0,0,0,1,0,0,1,1,1,0,1,1,1,0,1,1,1,0,1,0,0,1,0,0,1,0,1,0,0,1,1,1,1,1,0,1,1,0,0,1,1,1,0,0,0,0,0,1,0,1,1,1,1,1,1,0,1,1,1,0,1,0,1,1,0,1,1,1,0,1,1,1,0,0,1,0,1,0,1,1,1,0,0,0,1,0,1
0,0,0,0,1,0,1,1,1,0,1,1,0,0,1,1,1,1,1,0,0,0,0,0,0,0,0,1,0,0,1,1,0,1,1,0,1,1,0,1,0,0,0,0,0,0,1,0,1,1,0,1,0,1,0,0,1,0,1,0,1,0,1,0,1,1,0,0,1,0,1,0,0,0,0,1,1,1,1,0,1,0,1,1,0,1,0,1,0,1,1,0,0,0,1,1,0,0,1,1,1
1,0,0,1,0,0,1,0,1,1,0,0,0,0,1,1,1,1,1,0,0,1,0,1,0,1,0,0,0,0,1,0,1,0,1,1,1,1,1,1,1,1,1,1,1,0,1,1,1,0,1,1,1,1,1,0,1,0,1,0,1,0,0,1,0,1,0,1,0,1,1,1,1,1,0,1,1,1,0,0,1,1,1,1,0,0,0,0,1,0,1,0,0,1,0,0,1,1,1,0,1
1,1,0,1,1,0,0,1,0,1,1,0,1,1,0,0,1,0,0,1,0,0,0,1,0,1,0,0,0,0,0,0,0,1,0,0,1,1,1,1,1,1,0,0,0,0,0,0,0,0,0,1,1,1,0,0,1,1,1,0,0,1,1,1,0,1,1,0,1,1,1,0,0,1,0,1,1,1,1,0,1,1,0,1,1,1,0,1,1,1,1,0,1,1,1,0,1,0,0,0,1
0,1,1,0,1,1,0,0,1,1,0,0,0,1,1,1,0,0,1,0,1,1,0,0,0,1,0,1,0,0,1,1,1,0,0,0,0,0,1,0,1,0,1,0,1,0,0,1,0,1,0,0,0,1,1,0,0,1,1,1,0,0,1,0,0,0,1,1,0,0,1,1,0,1,0,1,0,0,0,0,1,0,1,0,0,1,1,1,1,1,0,0,1,0,0,0,1,0,1,1,1
1,0,1,0,0,0,0,1,0,1,1,0,1,0,0,0,1,0,1,0,0,1,0,1,1,0,1,1,0,0,1,1,0,0,0,0,0,1,0,1,0,0,1,1,0,0,0,1,1,1,0,0,1,1,1,1,0,0,0,1,0,1,0,0,1,1,1,0,1,0,1,1,0,1,0,1,1,1,0,1,0,0,0,0,1,1,1,0,1,1,0,0,0,0,0,0,0,1,1,1,1
0,1,0,1,1,1,0,0,1,1,0,0,0,1,0,1,1,0,1,0,1,0,1,1,1,0,1,0,0,0,1,0,1,0,0,1,0,1,1,1,1,1,0,0,0,0,0,1,0,1,0,1,0,1,1,0,1,0,1,1,0,0,0,1,1,0,0,0,0,0,1,1,1,0,1,1,0,0,0,1,0,0,1,0,0,0,0,0,0,0,1,1,0,1,1,1,1,0,1,1,1
0,1,1,0,1,1,0,0,0,0,1,0,1,0,0,1,0,1,1,0,0,1,1,0,0,1,1,1,1,1,0,0,1,1,1,0,0,1,0,0,0,1,1,1,0,1,1,1,0,0,0,1,0,1,1,0,1,1,1,0,0,0,1,0,1,0,0,1,0,0,0,1,0,1,1,1,1,0,0,0,1,0,1,0,1,1,1,1,0,1,1,0,0,0,1,1,0,0,1,0,1
0,0,0,0,1,1,1,1,0,0,1,0,1,1,0,1,0,0,0,0,1,0,0,1,1,1,0,0,1,0,1,1,0,1,1,1,0,0,0,1,0,0,0,0,0,1,0,1,1,0,1,0,0,1,1,1,1,0,1,1,0,1,0,1,1,0,0,1,1,0,0,1,1,0,1,0,0,1,0,0,0,0,1,0,0,0,1,0,0,1,1,0,0,0,1,0,1,0,0,0,1
0,0,0,1,0,1,0,1,1,1,0,0,1,1,1,0,1,1,1,0,1,0,0,0,0,1,0,0,1,1,0,1,0,1,0,1,1,1,0,0,0,0,0,0,0,0,1,1,0,0,1,0,0,0,1,1,0,1,0,0,1,0,1,0,0,1,1,1,0,1,1,0,1,0,1,1,0,1,0,0,0,0,0,0,1,1,1,1,1,1,1,1,1,0,0,0,0,0,0,1,1
0,0,0,1,1,0,1,0,1,0,0,1,1,1,0,0,0,0,0,1,0,0,0,0,1,1,1,0,1,1,0,1,1,1,1,0,1,0,0,1,0,0,1,1,0,0,1,1,0,0,0,1,1,1,0,1,1,0,0,1,1,1,1,1,1,1,1,0,0,1,0,0,0,0,0,0,0,0,0,0,0,1,0,0,1,0,1,1,0,0,1,0,1,0,0,0,0,1,0,0,1
0,0,0,0,1,1,0,1,0,1,1,0,1,1,1,0,0,0,0,1,1,1,0,1,1,0,1,0,0,1,1,1,1,1,1,0,1,1,0,0,1,1,0,1,1,1,1,1,0,1,0,1,0,1,1,0,0,1,1,0,1,1,1,0,0,0,0,0,1,0,0,0,1,0,0,0,1,0,0,1,1,0,1,0,1,0,1,0,1,1,0,0,0,0,1,1,0,1,0,1,1
1,0,1,0,0,0,0,1,1,1,0,1,1,0,1,0,1,0,0,0,1,0,1,1,0,1,0,0,0,1,1,1,1,0,1,1,0,1,1,1,0,1,1,1,1,1,0,0,0,1,0,1,1,1,1,1,1,0,0,0,1,0,0,1,0,0,0,0,0,0,1,0,1,0,1,1,0,1,1,0,1,1,1,1,0,0,1,0,0,0,0,1,1,0,0,1,0,0,1,1,1
0,1,0,1,0,0,0,1,1,0,1,0,0,0,1,1,1,0,1,0,1,1,1,0,1,0,0,1,0,0,1,0,0,1,1,0,1,1,0,1,1,0,1,1,0,1,0,0,1,1,0,0,0,0,0,1,0,1,1,1,0,0,0,0,0,0,0,0,1,1,1,0,0,0,0,1,0,1,1,1,0,0,1,1,1,0,0,0,0,1,1,1,0,0,0,0,1,1,0,1,0
0,0,1,0,1,0,1,1,0,1,1,1,0,1,0,0,1,1,0,1,1,1,1,1,1,0,0,1,0,1,0,1,1,1,0,0,0,0,0,0,1,0,1,0,1,0,1,1,0,0,0,1,1,1,1,0,1,1,1,1,0,0,1,0,0,0,0,1,0,1,0,1,1,1,1,0,0,0,1,0,0,1,1,1,0,0,1,1,0,1,1,1,0,1,1,1,1,0,1,1,1
1,1,0,0,1,0,0,1,1,1,1,1,0,1,1,0,0,1,0,1,0,0,0,1,1,0,1,1,1,0,0,1,1,0,0,1,0,1,0,0,0,1,0,1,1,0,1,0,0,1,0,1,0,1,1,1,0,0,1,1,1,0,0,1,0,0,0,1,0,0,0,0,1,1,0,0,1,1,0,0,1,1,1,0,1,0,0,0,0,0,1,0,1,0,1,1,1,0,1,1,1
1,1,0,1,0,1,0,0,1,1,1,1,0,0,1,1,1,0,1,0,0,1,0,0,0,0,1,0,1,0,0,1,0,1,0,0,1,0,1,0,0,1,1,0,1,1,0,1,1,0,1,1,0,1,0,0,1,1,0,1,0,0,0,0,1,0,0,1,1,1,0,1,0,0,1,0,0,0,0,0,0,1,0,0,1,0,0,0,0,0,0,1,0,0,0,1,0,0,0,0,0
1,1,1,0,1,1,0,1,1,0,1,1,1,1,0,1,0,1,0,1,1,0,1,0,0,0,0,1,1,0,0,0,0,1,1,1,1,1,1,0,1,0,0,0,1,1,1,0,1,0,1,0,0,1,1,0,1,0,1,0,0,1,0,1,1,1,0,0,1,0,1,1,0,1,0,1,0,0,0,1,0,1,0,0,0,1,1,1,0,0,0,1,1,1,0,0,0,1,1,0,1
1,0,0,0,0,0,0,1,1,0,0,0,0,0,1,1,1,1,0,1,1,0,0,1,1,1,0,0,0,1,1,0,0,0,1,0,0,0,0,0,1,0,1,0,1,0,1,1,0,1,1,1,1,0,0,1,1,0,0,1,1,1,1,1,0,1,1,1,0,1,1,0,0,1,1,0,1,0,0,0,0,0,1,1,0,0,0,0,0,0,0,1,0,1,0,0,0,0,1,1,1
1,1,1,0,1,0,1,1,0,0,1,0,1,0,1,1,0,0,1,0,0,0,0,1,0,0,0,1,1,1,0,1,1,1,1,1,1,0,1,0,1,0,0,0,0,0,1,0,0,1,1,0,0,0,0,0,0,0,0,1,1,0,1,1,1,0,0,0,0,0,1,1,0,0,0,1,1,1,1,0,0,1,1,1,1,1,1,0,1,0,1,0,0,0,1,0,0,0,1,1,1
1,1,1,1,1,1,1,0,1,0,1,0,1,1,0,0,1,1,1,0,1,1,0,1,0,0,1,0,1,0,1,0,0,0,1,0,1,1,1,0,1,0,1,0,1,0,1,0,1,0,0,0,0,1,0,0,0,1,0,0,1,1,0,0,0,0,0,0,1,1,0,0,0,0,1,0,0,1,1,0,1,0,1,0,1,0,0,1,1,1,1,0,0,0,0,1,1,1,1,0,0
0,1,1,0,0,1,0,0,0,1,0,0,1,1,1,0,1,0,0,0,0,1,0,0,0,1,0,1,1,0,1,1,0,0,1,1,1,0,1,0,0,1,0,1,1,1,0,0,1,1,0,1,0,1,0,1,0,1,0,1,1,0,0,1,0,1,1,0,0,0,0,1,1,0,0,1,0,1,0,1,1,1,1,1,1,0,0,1,0,0,1,0,0,1,1,0,1,1,1,1,0
0,1,0,0,1,1,1,1,1,0,0,1,1,1,0,1,0,0,1,1,1,0,1,0,0,0,1,0,0,0,1,0,0,0,0,0,0,0,0,1,1,1,1,1,1,0,1,0,0,1,1,1,0,1,0,0,1,0,0,1,0,1,0,1,0,1,1,0,1,0,1,1,0,1,0,0,1,0,1,0,1,0,1,1,1,1,0,0,0,0,0,1,0,0,1,0,1,0,0,1,0
0,1,0,0,1,1,1,0,1,1,1,1,1,0,1,1,0,0,1,0,0,1,1,1,1,1,1,0,0,0,0,0,1,1,1,0,0,0,1,1,1,0,1,1,0,0,0,0,1,1,0,1,1,0,0,1,0,1,1,1,1,0,1,1,0,1,1,1,1,0,0,0,1,0,1,0,1,1,1,1,0,0,0,1,1,1,1,0,0,0,0,1,1,1,1,1,1,0,1,1,1
0,0,1,0,0,1,1,1,0,1,1,1,1,1,1,1,0,0,1,1,1,1,1,1,1,1,1,1,0,0,1,0,0,0,1,0,0,1,1,0,0,1,0,1,0,1,0,0,0,1,1,0,0,0,0,0,0,0,0,1,1,1,1,1,0,1,1,0,1,1,1,1,0,1,1,1,0,1,0,1,1,0,1,0,0,1,0,1,1,0,0,0,1,1,0,1,0,1,0,1,0
1,0,1,0,1,0,0,1,0,0,1,0,0,0,0,0,0,1,0,0,1,0,1,1,0,0,0,0,0,0,1,1,1,1,1,1,1,0,1,1,0,0,1,1,0,1,1,0,0,0,1,0,1,1,0,1,1,1,1,0,0,1,0,0,0,0,1,0,1,1,1,0,1,0,1,0,1,0,1,0,0,0,0,1,1,1,1,1,0,0,1,1,0,0,1,1,1,1,1,0,1
1,0,0,0,1,1,0,0,0,1,1,0,0,1,1,0,0,0,1,0,0,0,1,0,0,0,1,0,0,0,1,0,1,0,0,1,1,0,0,0,0,0,1,1,0,0,1,0,1,0,0,1,0,1,0,1,1,0,1,1,1,1,1,0,0,1,1,1,1,1,0,1,0,1,1,0,0,0,1,1,1,1,1,1,0,0,1,0,1,0,1,1,0,0,1,0,1,0,0,1,1
0,1,0,1,1,1,0,0,1,0,1,1,1,0,0,0,0,1,1,1,0,0,0,1,1,0,0,0,0,1,1,1,1,1,1,0,1,1,0,1,0,1,0,1,0,1,0,1,1,1,0,0,1,0,0,1,0,0,0,1,1,0,0,0,1,1,1,0,1,1,1,1,0,0,0,1,0,1,1,0,1,0,0,0,1,0,1,0,0,0,1,0,0,1,1,1,1,1,0,1,1
1,1,0,1,1,0,0,1,1,0,0,0,0,0,0,0,1,0,1,1,1,1,1,0,1,0,1,1,1,0,0,1,0,1,1,0,1,1,1,1,1,1,0,1,1,1,0,1,0,0,1,0,0,0,1,0,0,0,0,1,1,1,0,1,1,0,0,0,1,0,0,1,0,0,1,1,0,0,1,0,1,0,1,0,1,1,1,1,1,1,1,1,0,0,0,1,1,0,1,1,1
0,0,0,0,0,0,1,1,1,0,1,0,0,1,1,1,0,0,0,0,1,0,1,1,0,0,0,1,1,0,0,1,1,1,1,1,0,1,1,1,0,0,0,0,1,0,0,1,1,1,1,0,0,0,0,0,0,1,0,1,1,0,1,0,1,0,0,0,1,0,0,1,0,0,1,0,1,1,0,1,1,0,0,0,1,0,1,1,1,1,1,0,1,0,0,0,0,0,1,1,1
0,0,0,1,0,1,1,0,1,1,0,0,1,0,1,1,0,1,0,0,1,0,1,1,1,0,0,0,1,0,0,1,1,0,1,0,1,0,0,1,0,1,0,1,0,0,0,1,0,1,1,0,1,1,1,1,1,0,0,1,1,0,1,1,1,1,1,0,0,0,1,0,0,1,1,1,1,1,1,0,0,0,0,1,1,1,1,1,0,1,1,0,1,0,0,1,0,1,0,1,0
1,1,1,0,0,0,0,0,1,1,0,1,1,1,1,0,0,1,0,1,0,0,1,0,0,0,0,0,0,0,0,1,0,0,0,1,0,1,0,1,0,1,0,1,0,0,1,1,1,0,1,0,0,0,0,1,0,1,0,0,0,1,1,0,1,1,1,1,1,0,0,0,0,1,1,1,1,1,0,1,1,1,1,0,1,1,1,0,1,1,1,1,1,1,0,1,0,0,1,1,1
1,0,0,1,0,0,1,0,0,0,1,0,1,1,1,1,1,0,1,0,0,0,1,0,1,1,1,1,0,1,1,0,1,1,1,0,1,0,0,1,1,1,1,0,1,0,0,0,1,1,1,0,1,0,1,0,0,0,0,0,0,0,0,1,1,0,1,0,1,0,0,1,0,0,1,0,0,1,0,0,0,0,0,0,1,1,1,0,0,1,0,1,1,1,0,1,0,1,0,0,0
0,0,1,0,0,0,0,1,1,0,1,0,1,1,0,1,1,1,0,0,1,0,0,0,0,0,0,1,0,1,1,0,1,0,1,1,0,0,1,0,0,1,1,1,1,0,0,1,1,0,0,0,0,0,1,0,0,0,1,1,0,0,1,0,1,1,1,0,0,0,1,1,1,1,1,0,1,1,1,1,1,0,1,0,0,0,1,0,0,1,1,0,1,1,1,0,0,1,1,0,1
1,0,1,1,1,1,1,0,0,0,1,1,0,0,0,1,1,0,1,0,1,0,0,0,1,1,0,1,0,0,0,0,0,1,0,0,0,0,1,0,0,0,0,0,1,0,1,0,0,0,0,1,1,0,0,0,1,0,0,1,0,0,1,0,0,0,1,0,1,0,0,1,0,0,0,1,0,0,0,1,1,1,0,1,0,0,1,0,0,1,0,1,1,0,1,1,0,1,0,1,1
0,0,0,1,1,1,1,0,0,0,0,0,0,0,0,1,1,0,0,0,0,1,0,0,1,1,0,1,1,0,1,1,1,0,1,0,1,0,1,1,0,0,1,0,1,0,1,1,0,1,0,1,0,1,0,1,1,1,0,1,1,0,0,0,0,1,1,1,1,0,0,0,1,0,1,0,1,1,0,0,0,1,1,0,0,1,0,0,0,1,0,0,0,0,1,0,0,0,1,0,1
1,0,1,0,0,0,1,0,1,1,0,0,1,1,1,0,0,1,0,1,1,1,1,0,0,1,0,1,1,0,1,0,1,0,1,1,1,0,0,0,1,0,0,1,1,1,0,0,0,0,1,1,1,0,0,1,1,1,0,0,0,1,1,0,0,0,1,1,0,0,1,1,1,1,1,0,1,0,0,1,1,1,1,1,1,1,1,1,0,1,0,0,0,1,1,0,0,0,0,0,1
0,1,1,1,0,0,1,0,1,1,0,0,0,1,1,1,0,0,1,0,1,1,0,0,1,1,1,1,0,1,1,1,1,1,1,0,1,0,1,1,1,0,0,0,0,1,1,1,1,1,0,1,1,1,1,0,0,1,0,0,0,0,1,0,0,1,0,1,1,0,1,1,1,0,0,0,0,1,0,1,0,0,1,0,0,1,0,1,0,0,0,1,1,1,1,1,1,1,1,1,1
0,0,0,0,0,1,1,1,1,0,1,0,0,0,1,1,0,0,0,1,0,1,0,1,0,1,1,0,1,1,0,0,1,0,0,1,1,0,0,1,1,1,0,1,0,1,0,1,1,0,1,0,0,1,0,1,0,1,1,0,1,0,0,0,0,1,0,0,0,1,1,0,0,0,1,1,1,1,1,1,1,1,0,1,1,1,0,1,1,1,0,0,1,0,1,0,1,0,1,0,0
1,0,1,1,1,1,1,1,0,1,1,1,0,0,0,0,0,0,1,0,1,0,1,1,1,0,1,0,1,0,0,0,1,0,1,1,1,0,1,1,1,1,0,0,1,1,1,0,0,0,1,1,1,1,0,1,0,1,1,1,0,1,0,0,1,0,0,1,1,1,0,0,1,1,0,0,1,0,0,0,1,0,0,0,1,1,1,0,1,0,0,1,1,1,1,1,0,1,1,0,1
1,1,0,1,0,0,0,1,1,0,1,0,1,1,0,0,1,1,1,0,1,0,1,1,0,0,0,0,0,0,0,1,0,1,0,0,0,0,1,1,1,0,1,0,0,0,1,0,0,0,1,0,1,0,1,0,1,0,1,1,1,0,0,0,1,1,1,0,0,0,0,1,0,1,1,0,0,0,1,1,1,1,1,0,0,1,0,1,0,0,1,0,0,1,1,0,0,1,1,0,1
1,1,0,0,1,1,1,0,1,0,1,1,1,0,0,1,0,0,0,0,1,1,0,0,1,1,1,1,1,0,1,1,1,1,0,1,0,0,0,0,1,1,1,1,1,1,1,1,0,1,1,1,1,1,1,1,0,0,1,1,1,1,1,0,1,0,1,0,0,0,0,0,1,0,0,0,1,1,0,0,0,0,0,0,0,0,1,0,1,0,0,0,1,0,1,0,1,1,0,1,1
0,1,0,1,0,0,1,0,0,0,1,0,1,0,1,0,0,0,1,0,0,1,0,0,0,1,1,1,1,0,1,1,0,0,1,0,0,1,1,0,1,0,0,0,0,1,0,0,0,0,1,1,0,0,0,0,1,0,0,1,1,1,0,0,0,1,0,1,1,0,1,1,1,0,1,1,0,0,1,1,0,0,0,1,1,0,0,1,1,0,0,1,0,1,0,1,1,1,1,1,0
1,0,0,0,1,0,0,0,0,0,1,0,1,0,1,0,0,1,0,0,0,1,1,0,0,0,1,0,1,1,1,0,1,0,0,0,1,0,1,0,0,0,0,0,1,0,1,0,1,1,0,1,0,0,1,0,1,0,0,1,0,1,0,1,0,0,1,1,0,0,0,0,0,1,1,1,0,0,0,0,0,1,0,1,0,0,0,0,0,0,0,0,1,0,1,0,1,0,0,1,1
1,0,0,0,0,0,0,0,1,0,0,0,0,0,1,1,1,1,0,0,0,1,0,1,1,1,1,0,0,1,1,1,1,1,0,1,0,1,0,1,0,1,1,0,1,1,0,0,1,1,1,0,0,1,0,1,1,1,0,0,1,1,1,0,1,0,0,0,1,0,1,0,0,1,0,0,1,1,1,1,0,1,1,0,1,0,1,1,0,0,0,1,0,0,0,1,1,1,0,1,1
1,1,1,0,0,1,0,0,1,0,0,0,0,1,1,1,1,1,1,1,1,0,0,1,1,1,1,0,1,1,0,1,1,0,1,0,1,0,0,0,1,0,1,0,0,0,0,1,0,0,0,0,0,1,1,1,0,0,0,1,0,1,1,1,0,1,0,1,0,0,0,0,1,1,1,0,1,0,0,0,1,0,1,0,0,0,0,1,1,0,0,0,0,0,1,0,0,0,0,1,1
1,1,0,1,0,0,0,1,1,0,1,0,1,1,0,0,0,1,0,1,1,0,0,0,1,1,1,1,0,1,0,0,1,0,1,0,1,1,0,1,1,1,0,0,1,0,0,1,1,0,1,0,1,1,1,1,1,1,0,0,0,1,1,0,1,0,1,1,0,0,0,0,0,1,1,1,1,1,1,0,1,1,1,1,0,1,0,1,1,1,0,1,0,0,1,0,0,1,0,0,1
1,1,0,1,1,0,0,1,0,1,1,1,0,1,0,0,0,0,1,0,1,0,0,0,1,1,0,0,0,0,1,0,0,0,0,0,1,1,0,0,0,1,1,0,1,0,0,1,1,0,1,1,1,0,1,0,0,1,1,1,0,1,0,0,1,1,1,0,0,1,0,0,1,1,1,1,0,1,1,1,1,0,0,1,0,1,0,1,1,1,1,0,0,0,1,1,1,1,0,1,1
0,1,1,1,1,0,0,0,0,0,0,0,0,0,0,1,1,0,1,1,0,0,0,0,0,1,0,1,0,1,0,0,1,0,0,1,0,1,1,1,1,0,1,0,0,0,0,1,1,0,0,1,1,1,0,1,0,0,0,1,1,1,0,0,1,1,1,0,0,1,1,0,0,0,0,0,0,1,1,1,0,1,1,0,1,0,0,0,1,1,0,1,1,1,1,0,0,0,1,0,1
0,1,0,1,0,1,0,1,1,1,0,1,1,1,1,1,1,1,0,0,0,1,0,1,0,0,1,1,1,0,1,1,1,0,0,1,1,0,0,1,1,1,1,0,0,1,1,0,1,0,1,0,0,0,0,1,1,0,0,1,1,0,0,1,0,1,0,1,0,0,1,1,1,1,1,0,1,0,0,1,0,1,1,1,0,1,0,0,0,0,1,0,0,0,0,0,0,1,1,1,0
0,1,1,1,1,0,1,1,1,1,1,1,1,1,0,0,1,1,1,1,0,1,1,1,0,1,0,0,1,0,1,1,0,0,0,1,0,1,0,0,1,1,0,1,1,0,0,1,1,1,0,1,0,0,0,0,1,0,0,0,1,1,1,1,1,1,0,0,1,1,1,1,1,1,1,1,1,1,1,0,1,1,1,1,1,0,0,1,0,1,0,1,0,0,1,1,0,0,0,0,1
1,0,0,1,0,0,0,1,1,1,1,0,0,0,1,1,0,1,1,1,0,1,1,0,0,0,0,0,0,0,0,0,0,0,1,0,0,0,0,0,0,1,1,0,1,0,1,0,0,1,1,1,1,0,0,0,0,0,0,0,1,0,0,0,1,0,0,0,1,1,0,0,0,1,0,0,1,1,1,0,1,1,1,0,0,0,0,0,1,0,0,1,0,0,1,0,0,0,1,1,0
1,1,0,1,1,0,1,1,0,1,0,0,1,1,1,0,0,0,0,0,0,1,0,0,0,0,1,0,0,0,1,0,1,0,0,1,1,1,0,0,0,1,0,1,1,0,0,0,0,0,0,1,0,0,1,1,1,0,1,0,0,1,0,1,1,1,1,0,1,0,0,1,0,1,1,1,1,0,1,1,0,1,0,1,1,1,1,0,1,0,0,1,0,0,0,1,1,1,1,0,0
0,0,0,0,0,1,1,0,1,0,0,1,1,0,1,1,0,1,0,0,1,0,0,0,1,1,0,0,1,0,1,1,1,1,0,1,0,0,1,1,0,1,1,0,1,0,0,0,1,1,1,1,0,1,1,0,0,1,1,0,0,0,0,1,0,0,0,1,0,0,1,1,1,1,1,1,0,0,1,0,0,0,0,0,0,1,1,0,1,0,1,0,0,1,1,0,1,0,1,1,1
1,0,0,1,1,1,0,1,1,0,1,0,0,0,0,1,0,1,0,0,0,1,1,0,1,0,1,0,0,1,0,1,0,0,1,1,0,1,0,0,0,0,1,1,1,0,0,0,1,1,0,0,1,0,0,1,0,0,1,0,1,0,0,1,1,0,1,1,0,1,0,0,0,0,1,1,0,0,1,0,0,0,0,1,1,0,1,1,1,1,1,1,1,0,0,0,0,1,0,0,1
0,1,0,0,1,0,0,1,0,0,1,0,1,1,1,1,1,1,1,0,1,1,0,1,1,0,1,1,1,0,0,1,1,1,0,1,1,1,1,0,0,1,0,1,0,1,0,1,0,1,0,1,0,1,0,1,1,1,1,1,1,0,1,0,0,0,0,1,0,1,1,0,0,0,0,0,1,1,0,1,1,0,1,1,1,1,1,0,1,1,1,1,0,0,0,0,0,1,0,0,0
1,0,1,1,0,1,1,0,1,0,0,0,1,1,0,0,1,0,0,0,0,0,1,1,0,0,0,0,1,1,1,1,0,1,0,1,1,1,1,1,1,1,1,0,0,1,1,1,0,0,0,0,1,1,0,0,0,0,1,1,0,0,0,1,0,1,0,1,0,0,0,0,1,1,1,1,0,1,0,0,1,1,1,0,1,0,0,1,1,1,0,1,1,1,1,0,0,1,1,0,1
1,1,0,1,1,1,0,1,0,0,0,1,1,1,0,0,0,1,0,0,1,0,1,0,0,0,1,1,0,0,0,1,1,0,0,0,1,0,1,0,0,1,0,0,0,0,1,0,0,1,1,1,1,1,0,0,1,0,1,1,1,0,1,0,1,0,0,0,1,1,0,0,0,0,0,1,1,1,1,1,0,0,1,0,0,1,0,0,0,0,0,0,0,1,1,1,0,0,1,1,1
0,1,0,1,0,1,1,0,1,1,1,0,1,1,1,0,0,1,0,0,0,0,0,1,1,1,1,1,1,0,0,1,0,0,1,0,0,1,1,1,1,1,0,0,1,1,1,1,0,1,0,0,0,1,1,0,0,1,0,0,0,0,1,0,1,1,1,0,0,1,0,0,1,0,0,0,0,0,1,0,1,1,1,1,0,0,0,1,1,1,0,1,1,0,0,0,0,1,1,1,0
0,0,1,0,1,1,1,0,1,0,1,0,1,0,0,0,0,0,1,1,0,0,0,1,0,1,1,0,1,0,1,1,0,1,0,1,0,0,0,1,1,1,1,1,0,0,0,1,0,1,0,1,1,0,1,0,0,0,1,1,1,0,1,1,1,1,1,0,1,0,1,1,0,1,0,1,1,0,0,1,0,0,0,0,0,1,0,0,1,0,0,0,1,1,1,0,1,1,0,1,1
0,0,1,1,1,1,0,1,1,1,0,1,0,1,0,0,1,0,1,1,0,0,1,0,0,1,1,1,1,0,0,0,1,1,0,1,0,0,0,1,1,0,1,1,1,0,1,0,1,1,1,1,1,0,1,1,1,0,0,0,0,1,0,1,0,1,0,1,1,0,1,0,1,0,0,1,0,1,1,0,1,0,0,0,0,0,0,1,0,0,1,1,0,1,0,1,0,1,1,1,1
1,1,0,1,0,1,1,1,1,1,1,1,0,0,0,1,1,0,1,1,1,0,0,0,1,1,1,1,0,1,1,0,1,1,1,0,1,1,1,1,0,1,1,1,0,1,0,1,1,1,0,0,0,1,0,0,1,1,1,1,0,0,0,0,0,1,0,0,0,1,0,0,1,1,0,0,1,0,1,0,0,0,1,0,1,1,1,1,0,0,0,1,1,1,0,0,0,1,1,0,0
1,1,0,0,0,1,1,1,0,0,0,0,1,1,0,0,0,1,1,1,1,1,0,1,1,1,0,0,1,1,1,1,1,1,0,1,0,1,0,1,1,1,0,1,1,0,1,1,1,0,1,0,0,0,0,0,0,0,0,1,0,1,0,0,1,1,0,0,0,0,0,0,1,1,1,0,1,1,0,1,1,0,1,1,0,0,0,1,0,0,0,1,0,0,0,1,0,0,1,0,1
0,1,0,0,0,1,1,0,1,1,0,0,0,0,0,0,1,0,0,0,1,0,0,1,0,0,0,1,0,1,0,1,0,1,1,1,0,1,0,1,0,0,0,1,1,0,1,1,1,1,0,1,0,1,1,0,0,1,1,0,0,0,1,1,0,1,1,0,1,1,1,0,0,1,0,1,0,1,0,0,0,0,0,0,0,1,1,0,1,0,0,1,1,1,0,1,0,0,1,0,0
0,1,1,1,0,0,1,0,1,1,0,0,0,1,0,1,1,1,0,0,0,1,0,1,0,0,1,0,0,1,1,0,1,1,1,0,0,1,0,1,0,0,0,1,1,1,1,0,0,0,1,0,1,1,1,0,0,0,1,1,1,0,1,1,1,0,0,1,1,0,0,1,1,1,0,1,0,1,0,1,1,0,1,1,0,1,0,1,1,1,1,0,0,1,0,1,0,0,0,0,0
1,0,1,1,0,1,0,0,1,1,1,1,1,1,0,0,0,0,0,0,0,0,1,0,1,1,0,1,1,1,0,0,1,0,0,0,0,0,0,1,1,0,1,0,0,1,0,1,0,0,1,0,1,1,0,0,0,0,0,1,1,0,1,1,1,0,1,1,1,0,0,1,0,1,1,1,1,0,1,1,1,1,0,1,0,1,0,1,1,1,0,0,0,0,0,1,1,1,1,1,1
1,1,1,0,0,0,0,0,0,1,0,0,1,1,1,1,1,0,1,1,0,1,0,1,0,0,1,1,1,1,1,0,1,1,1,0,0,1,1,1,0,1,0,1,1,0,0,0,1,0,1,1,0,0,0,0,1,1,0,1,1,0,1,1,1,1,0,1,0,0,0,1,0,1,0,0,0,1,1,1,1,1,0,1,0,1,0,1,1,1,1,0,1,0,1,1,1,1,0,1,0
0,1,1,1,1,0,1,1,1,0,1,0,1,0,0,0,0,1,0,0,1,0,1,0,1,1,0,1,1,0,1,1,0,0,0,1,1,0,0,1,1,0,0,1,1,1,1,1,0,1,0,1,1,0,0,1,0,1,1,1,1,1,0,0,1,1,1,1,1,0,1,1,1,0,0,0,1,1,1,0,0,0,0,1,0,1,1,0,0,1,1,1,0,0,0,0,0,1,1,1,1
1,1,1,0,0,0,1,0,0,1,0,1,1,1,1,0,1,0,1,1,0,0,0,0,1,0,0,1,1,1,1,0,0,1,1,0,1,0,1,1,1,1,0,1,1,1,1,0,1,0,0,0,0,1,1,1,0,1,1,0,1,0,0,1,1,0,0,1,0,0,0,1,1,0,1,1,0,1,0,0,0,1,0,0,0,1,1,1,1,0,1,0,1,1,0,0,0,0,0,1,1
1,1,0,0,0,1,1,1,1,0,0,1,1,0,0,1,1,0,0,1,1,1,0,1,0,0,0,1,0,0,1,0,0,1,1,0,1,0,0,1,1,0,1,1,0,0,1,1,0,1,0,0,0,1,0,1,1,1,0,0,0,0,0,1,0,0,0,1,1,0,1,0,1,1,0,0,1,0,0,1,1,1,0,1,0,1,1,1,0,1,0,0,0,0,0,0,1,0,1,0,1
0,1,0,1,1,1,1,0,1,1,1,1,1,1,1,0,1,1,0,0,1,0,1,0,1,0,0,1,1,1,0,0,0,0,1,0,1,0,0,0,0,0,0,1,1,0,0,1,1,0,0,1,1,0,0,0,1,1,1,0,1,1,0,1,0,0,1,1,1,0,1,1,0,0,0,0,1,0,1,1,1,0,1,0,1,0,1,1,1,1,1,0,0,0,0,1,1,1,1,1,0
1,0,0,1,0,0,1,0,0,0,1,1,1,1,0,0,0,0,1,1,1,1,0,0,0,1,1,0,0,1,1,0,1,1,0,0,1,1,0,1,1,0,1,1,0,1,0,0,0,1,0,1,1,0,1,1,0,1,0,0,0,1,1,0,0,0,1,1,0,1,1,0,1,0,1,0,0,0,1,1,1,1,1,0,1,1,0,1,1,0,1,0,0,0,0,1,1,0,1,0,0
0,1,0,0,1,1,0,1,0,1,1,1,1,1,0,0,0,0,0,1,0,0,0,0,0,1,0,0,1,1,1,0,1,0,0,0,1,0,1,1,1,1,1,0,1,0,1,1,0,0,1,0,1,0,1,0,1,1,0,1,1,1,0,1,0,1,1,0,0,0,1,1,0,0,0,0,1,1,1,1,1,1,0,0,1,0,0,1,0,1,0,1,1,1,0,0,0,0,0,0,1
1,1,1,0,0,1,0,1,0,0,1,1,1,0,0,1,1,1,0,1,1,0,0,0,0,1,1,0,0,1,0,0,1,0,1,1,0,1,1,0,1,1,0,1,0,1,0,0,1,1,0,1,0,0,0,1,1,1,0,1,0,0,1,0,0,1,0,0,0,0,0,1,0,1,0,1,1,1,0,0,0,0,0,0,1,1,0,0,0,0,0,1,1,1,0,1,1,1,0,0,1
0,1,0,1,0,1,0,0,0,1,0,0,0,1,0,0,1,1,1,1,1,0,0,0,1,1,1,1,0,0,0,0,0,1,1,1,1,0,1,1,0,0,0,0,0,0,0,1,0,1,0,0,1,1,1,0,0,1,1,0,1,1,0,0,1,0,1,0,0,0,0,0,0,0,0,1,1,0,0,1,1,1,0,1,0,1,1,0,1,1,1,0,0,0,1,1,0,1,0,1,1
0,0,1,1,0,0,0,1,0,1,0,1,1,1,0,1,0,0,1,0,0,0,0,0,0,0,1,0,0,0,1,1,0,0,0,1,0,0,1,0,0,1,1,0,1,0,1,1,0,0,0,0,1,0,0,0,1,0,0,0,0,1,0,0,0,0,1,0,1,1,1,0,0,1,1,1,0,1,1,1,0,0,1,1,1,1,1,1,0,0,1,1,1,0,1,1,1,1,1,1,1
1,1,1,1,1,1,1,0,1,0,0,1,0,1,0,1,1,1,0,0,1,1,1,0,0,1,0,0,1,1,1,0,1,0,0,1,0,1,1,1,0,1,0,1,0,1,1,1,1,1,1,0,0,0,0,0,0,1,1,0,1,1,0,0,0,0,0,0,0,0,0,1,1,1,0,1,1,0,1,0,0,1,0,0,0,1,1,1,0,0,1,1,1,0,0,0,0,0,0,1,1
0,0,1,1,0,0,0,1,1,1,1,0,0,0,1,0,1,0,0,0,1,0,1,0,0,1,1,1,1,0,0,1,0,1,0,0,0,0,0,0,1,0,0,1,1,0,0,1,0,1,1,1,1,1,0,0,1,0,1,1,1,1,0,1,0,0,0,0,1,1,1,0,1,0,1,0,1,1,0,1,0,0,0,1,1,0,0,0,0,1,0,0,1,1,0,1,1,1,1,0,0
1,1,0,1,1,0,1,1,1,1,0,0,0,0,0,1,1,1,1,1,0,0,0,0,1,0,1,0,1,0,0,0,0,1,1,1,0,0,0,1,1,0,0,1,0,0,0,1,1,1,1,1,0,0,0,0,1,1,1,0,0,0,1,1,0,0,1,0,1,1,0,0,1,1,1,0,0,1,0,0,0,1,0,0,1,0,0,1,1,0,0,0,0,1,1,0,1,0,0,1,1
1,1,0,0,0,1,0,0,0,0,0,1,0,0,0,0,0,1,1,0,1,0,1,0,1,1,0,1,1,0,0,0,0,1,1,0,1,0,1,0,0,1,0,1,1,0,0,1,1,1,1,1,0,1,1,1,0,0,1,1,0,0,0,1,0,1,1,1,0,1,1,0,0,1,1,1,0,0,1,0,1,1,1,0,1,1,1,1,1,1,1,1,1,0,1,1,0,1,0,0,1
0,1,1,1,0,0,1,0,0,0,0,1,1,0,0,0,0,1,0,0,1,1,1,0,0,1,0,1,1,1,1,1,1,0,1,1,1,1,0,0,1,1,0,1,0,0,0,0,1,0,0,0,0,0,0,1,1,1,0,1,1,1,1,1,0,0,1,1,0,1,0,0,1,0,1,0,1,0,1,0,0,1,0,1,0,0,1,0,1,0,0,1,0,1,0,0,1,0,1,1,1
1,1,0,1,0,0,1,1,1,1,1,1,0,1,0,1,0,0,1,1,1,0,0,1,1,0,0,1,0,0,1,0,1,1,0,1,0,0,0,0,1,0,0,1,1,0,1,1,1,1,1,1,0,0,1,1,0,0,1,0,1,0,1,0,1,0,0,0,1,0,0,0,1,0,1,0,1,1,0,0,1,1,1,0,1,0,0,0,1,1,1,0,0,1,0,1,1,1,1,0,1
1,1,1,0,0,0,0,1,0,1,0,1,1,0,1,1,1,1,0,1,0,1,0,1,1,1,1,1,1,0,0,0,1,0,1,0,1,0,0,1,0,0,1,0,1,1,0,1,1,1,0,0,1,1,0,1,1,0,1,0,0,0,0,1,1,1,0,1,1,1,0,0,0,1,1,0,0,1,0,0,0,1,0,0,1,1,1,1,0,1,0,1,1,1,0,0,0,1,1,1,1
0,1,1,0,1,0,0,0,0,0,0,0,0,1,0,0,1,0,0,0,0,0,0,0,0,1,0,1,1,0,0,1,0,0,0,1,1,0,0,0,1,0,1,1,1,0,0,0,0,0,0,1,0,1,1,0,1,0,0,0,1,1,0,1,0,1,1,1,0,0,1,1,0,1,0,0,1,0,1,1,1,0,1,0,1,0,1,1,1,0,1,0,1,1,1,1,0,0,0,0,1
0,0,0,0,1,1,1,1,1,1,0,1,0,0,0,1,0,0,0,0,1,1,0,1,1,1,1,0,0,0,1,0,1,0,1,0,1,1,1,0,0,0,1,0,0,0,0,0,0,0,0,1,0,1,1,0,1,0,0,1,0,0,1,1,0,0,0,1,0,0,0,0,1,0,1,1,1,0,1,0,1,0,0,1,0,0,1,0,0,0,1,0,1,0,1,0,1,0,1,1,1
0,0,0,0,0,1,1,0,1,0,1,1,0,1,0,0,1,1,1,0,0,0,1,1,0,0,0,0,0,1,0,1,1,1,1,0,0,1,0,1,0,0,0,1,1,0,0,0,1,0,1,0,1,1,1,1,0,0,1,1,1,0,1,0,0,1,0,1,1,0,0,0,0,1,1,1,1,0,0,1,1,1,1,0,1,1,0,1,1,1,0,0,1,0,0,1,0,0,1,0,0
0,0,0,0,0,0,1,0,0,0,1,0,1,0,1,1,1,0,0,0,0,0,0,1,1,1,0,0,1,1,1,0,1,1,1,1,0,1,1,0,0,1,1,0,1,1,0,0,1,0,1,0,1,1,0,1,1,0,0,1,0,1,0,1,0,0,1,0,0,1,1,0,1,1,0,1,0,1,1,0,1,1,0,1,0,0,0,0,0,0,0,1,0,1,0,0,1,1,1,1,1
0,0,1,1,1,1,0,0,0,0,0,0,0,1,1,0,1,1,1,0,0,1,1,0,0,0,1,1,1,0,0,0,1,0,0,1,0,0,1,0,0,1,0,0,0,0,1,1,0,0,1,1,1,0,1,0,0,0,0,1,0,0,0,0,1,0,0,0,0,0,0,0,0,0,1,0,1,0,1,1,0,0,1,1,1,1,1,0,0,1,1,0,0,1,0,0,1,0,1,1,1
0,0,0,0,0,1,0,0,0,1,0,1,0,0,0,0,0,0,1,0,0,1,0,0,0,1,0,0,1,0,1,0,1,1,0,1,1,1,1,1,1,1,1,0,0,0,1,0,1,1,0,0,1,0,1,0,1,0,1,0,0,0,1,1,0,1,1,1,1,1,1,0,0,1,1,1,0,1,1,1,0,1,0,0,0,1,1,0,0,1,1,0,0,1,1,1,1,1,0,0,1
1,0,0,1,0,0,0,0,1,0,1,0,0,0,1,1,1,0,0,0,1,0,1,1,0,1,0,0,1,0,0,0,0,1,0,1,1,0,1,0,1,0,1,0,0,1,1,0,1,1,0,0,0,0,0,1,0,0,1,1,1,1,1,1,1,0,1,1,0,0,1,1,1,0,1,1,1,0,0,0,1,0,1,1,1,0,1,0,0,0,0,0,0,0,0,1,0,0,1,1,0
0,0,1,0,0,1,1,1,0,0,0,1,0,1,0,0,1,0,1,1,1,1,0,1,1,1,1,1,1,0,1,0,0,0,0,0,0,0,0,1,0,1,1,1,1,0,0,0,1,1,1,1,0,1,0,0,0,1,0,1,1,1,1,1,0,0,1,1,0,1,0,1,0,0,0,0,0,0,0,1,0,1,1,0,1,0,0,1,0,1,1,1,1,0,0,1,0,0,1,1,0
1,1,1,1,1,0,0,1,0,0,0,1,1,1,1,1,1,0,1,0,1,1,0,0,0,1,0,0,0,1,0,1,0,1,1,1,0,1,1,0,1,0,1,0,1,1,1,0,1,0,1,0,1,1,1,1,1,1,1,0,1,1,0,0,1,0,1,1,0,1,1,0,0,0,0,1,0,1,0,0,1,0,1,0,0,1,0,0,0,0,0,1,1,1,1,0,0,1,0,1,1
1,0,1,1,1,1,0,0,1,1,0,1,0,1,1,0,0,1,0,1,1,0,0,0,0,0,0,0,1,1,0,0,0,0,1,1,0,0,0,1,1,0,1,0,0,0,1,0,1,1,1,0,0,0,1,1,0,1,0,1,1,0,1,0,0,0,1,1,1,1,1,1,1,1,0,0,1,0,0,0,1,1,1,1,1,1,1,1,0,0,0,0,1,0,1,0,1,0,0,1,1
0,0,1,0,1,1,1,0,1,1,0,0,1,0,0,0,1,0,1,1,0,0,0,1,0,0,1,0,1,1,0,0,1,1,0,0,1,0,1,0,0,0,1,0,1,1,0,0,1,1,1,1,0,1,1,1,1,0,1,1,0,0,0,0,0,0,0,1,0,0,0,0,1,0,1,0,0,1,0,1,0,0,1,1,0,1,1,0,0,1,1,0,1,1,1,0,0,1,1,0,0
1,0,1,1,0,1,0,1,0,0,0,0,1,0,0,0,0,1,0,1,0,1,1,1,1,0,0,1,0,1,0,0,0,1,1,1,1,0,1,1,0,0,1,0,1,0,1,0,1,1,0,0,0,0,1,1,0,0,0,1,0,0,0,0,0,0,1,0,0,0,1,0,1,0,1,0,0,1,1,0,1,0,0,1,1,1,1,1,1,0,1,1,0,1,1,1,0,0,1,0,1
0,0,0,1,1,0,1,1,1,1,0,1,0,0,1,0,0,0,0,0,1,1,1,1,1,0,1,1,1,0,0,0,0,0,1,0,1,1,0,0,1,0,0,1,0,1,1,1,0,1,1,1,0,0,0,0,0,1,1,0,0,1,1,0,1,1,0,0,0,1,0,1,0,0,0,0,1,1,1,0,0,1,0,1,1,1,0,0,0,1,1,0,1,0,0,1,1,0,1,1,0
1,0,1,1,1,1,0,1,1,0,0,1,1,1,0,0,1,0,1,0,0,1,1,1,0,1,1,1,1,0,1,1,1,0,0,0,1,1,0,1,1,1,0,1,0,1,1,1,0,1,1,0,1,1,1,0,1,1,0,0,1,0,0,1,1,0,0,1,0,1,0,0,1,0,0,1,0,1,0,1,1,1,1,0,0,1,0,1,1,0,1,1,0,0,0,1,1,1,0,0,1
0,1,1,1,1,1,1,1,1,1,1,1,1,1,0,1,1,0,0,1,0,1,0,0,0,0,0,1,0,1,1,0,1,1,1,1,1,1,0,1,0,1,1,0,1,0,0,0,1,0,1,0,0,0,0,0,1,1,1,0,0,0,1,0,1,1,0,1,1,0,0,0,1,0,0,1,0,0,0,0,0,1,0,1,0,1,1,1,1,1,0,1,1,1,0,0,1,1,0,0,0
1,1,1,0,1,0,1,1,1,0,0,0,1,0,1,1,1,0,0,1,1,0,0,1,0,0,0,0,0,1,1,1,1,1,0,1,0,1,0,0,0,0,0,1,0,1,0,1,1,0,0,1,0,1,1,0,0,0,1,0,1,0,0,0,0,0,1,1,1,1,0,1,1,1,0,0,1,1,1,1,1,0,0,1,0,0,0,0,0,1,1,1,0,1,0,1,1,0,1,1,1
1,0,1,1,1,0,0,1,1,0,0,0,1,1,0,0,0,0,0,0,0,1,0,0,1,0,0,0,1,0,0,0,0,1,0,0,0,0,1,1,1,1,1,0,0,1,0,1,0,1,0,0,1,1,1,1,1,0,0,1,0,1,1,0,1,1,1,0,0,1,0,0,1,1,0,0,0,0,1,0,1,0,1,0,1,1,1,0,0,0,1,1,0,0,0,0,0,0,0,0,1
0,0,1,1,0,1,0,1,0,0,1,0,0,0,0,0,0,1,0,1,1,0,1,1,1,0,0,1,1,0,1,0,0,1,1,1,0,1,0,1,0,0,0,1,1,1,0,1,1,1,0,1,1,0,0,0,0,1,1,0,0,0,0,0,0,1,1,0,1,0,0,0,0,1,1,1,0,0,1,1,0,0,0,1,1,1,0,0,0,1,0,1,0,1,1,0,0,0,1,1,1
0,1,0,0,1,0,0,0,0,0,1,1,0,1,0,0,0,0,0,0,0,1,1,0,1,0,0,1,0,1,0,1,0,1,0,0,0,0,0,0,0,1,0,0,0,1,0,1,0,1,0,0,0,1,0,0,1,1,0,1,0,1,0,0,1,1,1,1,1,0,0,0,1,1,1,0,1,1,0,1,1,0,0,1,1,0,1,1,0,0,1,0,1,1,1,1,1,1,0,0,1
0,1,0,0,0,0,0,0,0,1,1,0,1,1,1,0,1,0,0,1,1,0,0,1,1,1,0,0,1,0,1,0,0,0,0,0,1,0,1,1,1,0,1,0,0,0,1,0,0,0,0,0,0,1,1,0,0,1,0,1,0,1,1,0,0,0,1,0,1,1,1,1,1,0,1,0,1,0,1,0,1,1,0,1,1,1,0,1,0,1,1,1,0,0,0,1,1,1,1,1,1
0,0,0,0,0,0,0,1,1,0,1,0,1,1,0,0,1,0,1,1,0,1,1,0,1,0,1,0,1,1,1,1,1,0,0,0,1,0,1,0,1,1,1,0,1,1,0,1,0,1,0,1,1,1,1,0,1,1,0,1,1,0,0,0,0,1,0,0,0,0,0,0,0,1,0,0,1,1,0,0,1,1,1,1,1,1,1,1,1,1,1,0,0,1,0,0,0,1,0,1,0
1,0,0,1,0,0,0,1,0,0,0,0,1,1,1,0,1,0,0,1,0,0,0,0,0,1,1,0,1,1,1,1,1,1,0,0,1,1,0,0,1,1,1,0,0,1,0,1,1,0,0,0,1,1,0,0,0,1,0,1,0,0,1,1,0,0,1,0,0,1,0,1,0,0,1,0,1,1,0,1,0,1,0,1,0,1,0,0,0,1,1,0,0,1,0,1,0,1,0,1,1
1,1,0,0,1,1,0,1,1,0,1,0,1,0,0,1,0,0,0,1,0,1,0,0,1,0,0,1,1,1,0,1,1,1,1,0,1,0,0,1,1,1,0,1,0,0,0,1,0,1,1,1,1,0,0,1,1,0,0,1,0,1,1,1,1,1,1,0,0,1,0,0,0,0,0,0,1,0,1,1,1,1,1,0,1,0,1,0,0,0,1,0,0,1,1,0,1,1,0,1,1
0,0,1,0,1,0,0,0,0,0,1,1,1,0,1,0,0,0,1,0,0,0,1,1,1,1,1,1,1,1,1,0,1,0,1,1,1,1,1,0,1,1,1,0,1,0,0,0,0,1,1,0,0,1,1,1,1,0,0,1,0,0,0,1,0,0,0,1,1,1,1,1,0,0,1,1,0,1,0,1,1,0,1,0,0,0,1,1,0,0,0,1,0,0,1,0,1,1,1,0,1
0,1,0,0,0,1,0,0,0,0,0,0,1,1,0,0,1,1,1,1,0,0,0,1,0,1,0,1,1,1,0,0,0,0,1,1,1,1,0,0,1,1,0,1,0,0,0,0,0,1,1,0,1,1,1,0,1,1,0,0,0,1,0,0,0,1,0,1,0,1,0,0,0,1,0,0,0,1,1,0,0,1,1,1,0,0,1,1,0,1,0,0,1,1,1,0,0,1,0,0,0
0,0,1,0,1,1,1,0,1,0,1,0,0,1,1,1,0,0,1,0,1,0,0,0,1,1,0,1,1,0,0,1,1,1,1,1,0,0,1,1,0,0,0,0,0,0,0,0,1,1,1,1,0,1,1,1,0,0,1,0,0,1,1,1,0,1,0,0,0,1,0,0,0,0,0,1,0,0,1,1,1,1,0,0,1,0,0,1,0,0,1,0,1,0,1,0,1,1,1,1,1
0,1,1,0,0,1,0,0,1,0,0,1,1,1,0,1,0,1,1,1,1,0,1,0,0,1,0,1,1,1,1,1,1,0,1,1,0,0,0,0,1,1,0,1,1,1,1,1,0,0,0,0,1,1,1,0,0,0,1,0,0,1,0,0,1,1,0,1,1,1,1,0,1,0,1,0,0,0,1,1,0,0,1,0,0,0,1,0,0,0,0,0,0,0,0,1,0,0,0,1,1
1,1,0,0,1,1,1,0,1,0,1,0,1,0,0,1,1,0,0,0,0,0,1,1,0,0,0,1,0,1,1,0,1,1,0,0,1,1,1,1,1,0,0,1,1,1,0,0,1,1,1,0,0,0,1,1,1,0,0,0,1,0,1,0,1,1,0,0,1,0,0,0,0,1,0,0,1,0,1,0,1,0,1,1,1,1,0,0,0,0,0,0,1,1,0,1,0,0,1,1,0
1,0,1,0,1,1,1,1,0,1,0,1,0,1,0,1,1,1,0,0,1,1,1,0,0,1,1,0,1,0,0,0,1,1,1,0,0,0,1,0,1,0,1,1,1,0,0,0,1,1,1,0,0,1,1,1,1,1,1,0,1,0,1,1,0,1,0,1,0,1,0,1,0,0,0,0,1,1,0,0,1,1,0,0,0,1,0,0,1,1,1,0,1,0,1,1,0,0,0,0,1
1,1,0,0,0,0,1,0,0,1,0,1,1,0,0,1,1,1,0,0,0,1,0,1,0,0,0,1,1,1,1,0,0,1,1,0,1,0,1,0,1,1,1,1,0,0,1,1,1,1,1,1,0,0,0,1,0,1,1,0,0,1,0,0,0,1,0,0,0,0,0,0,1,0,1,1,1,1,0,0,0,0,0,1,0,0,0,1,1,0,1,0,0,0,1,1,1,0,1,1,1
1,0,0,0,0,0,1,1,1,0,0,0,0,0,1,1,1,1,1,1,1,1,1,1,1,1,0,0,1,0,0,0,0,1,0,0,0,1,1,1,1,0,1,1,0,1,0,1,0,1,0,1,0,1,0,1,0,1,1,1,1,1,1,0,0,1,0,0,0,1,1,0,1,0,1,1,0,1,0,0,0,0,1,1,1,0,1,0,1,1,0,1,1,0,0,0,0,0,1,1,1
0,0,1,0,1,0,0,0,1,0,0,0,1,1,1,0,1,0,0,0,1,1,1,0,0,1,1,0,1,0,0,1,0,0,0,0,1,0,0,0,0,1,1,0,1,1,0,1,1,1,0,0,0,1,1,1,0,1,1,0,1,1,1,0,1,0,0,1,1,1,1,1,0,1,1,1,1,1,1,1,1,0,1,1,1,1,0,0,1,0,0,1,1,0,0,0,0,0,1,0,0
0,1,0,0,1,1,1,1,0,1,1,0,0,1,1,0,0,0,1,1,1,1,0,0,0,1,0,0,0,1,0,1,1,0,1,0,0,1,1,1,0,1,0,1,0,1,1,1,1,1,0,0,0,1,1,1,0,1,0,0,0,0,0,1,1,1,0,1,1,0,0,1,1,0,0,1,1,1,0,0,0,1,1,1,1,0,0,0,0,1,0,0,0,1,0,0,1,0,1,0,1
1,1,0,0,0,0,0,1,1,1,0,0,0,0,0,1,0,1,1,0,0,1,0,0,1,0,1,0,0,1,0,0,1,1,1,1,0,0,0,1,0,0,1,0,0,0,1,1,0,0,0,1,1,1,1,1,0,1,0,0,0,0,0,1,0,0,1,1,1,0,1,1,0,1,1,1,1,1,1,1,1,0,1,0,1,1,0,1,1,0,1,0,1,1,1,0,1,1,0,1,1
1,1,0,0,0,1,1,0,0,0,0,1,0,0,0,1,1,0,0,0,1,0,0,0,1,0,0,1,0,0,0,0,0,1,1,0,1,1,1,1,0,0,0,0,0,1,1,1,0,0,1,0,0,1,1,0,1,1,0,1,0,1,1,0,1,0,0,0,1,0,1,1,1,0,1,0,0,0,1,0,0,1,0,1,0,1,1,1,1,1,1,1,1,0,0,1,0,0,1,1,1
0,1,0,1,0,0,1,1,0,1,0,0,0,1,1,0,1,1,1,1,0,0,1,0,1,1,0,0,1,0,0,0,1,0,1,1,1,1,0,0,0,1,0,0,0,1,1,1,0,1,1,1,1,0,0,1,1,1,1,1,0,0,0,1,1,1,0,0,0,1,0,0,1,1,0,1,0,1,1,0,0,1,1,0,1,0,1,1,0,0,0,1,1,0,1,0,0,1,1,0,1
0,0,0,1,0,0,1,0,1,0,1,1,0,0,0,0,0,0,0,1,0,1,1,0,1,1,0,0,0,1,0,1,0,1,1,0,1,1,0,1,1,0,0,0,0,1,0,1,0,1,1,1,0,0,1,0,1,1,0,1,1,0,0,0,0,1,1,0,0,1,1,1,0,0,0,1,1,1,0,0,1,1,1,0,1,0,0,1,1,0,0,0,0,0,0,1,1,1,1,0,1
1,1,1,1,0,1,1,1,0,0,0,1,1,1,1,1,0,1,1,1,0,0,0,1,0,0,0,1,0,0,1,1,1,0,1,0,1,0,0,0,1,1,0,0,0,0,1,1,1,1,0,1,0,0,0,1,1,1,1,0,1,0,1,0,1,0,1,1,0,0,0,1,0,0,0,1,1,0,1,0,1,1,0,1,1,1,1,0,1,0,0,1,1,0,1,0,0,1,0,1,1
1,0,1,1,1,0,0,0,1,0,0,0,0,1,1,0,1,0,1,1,1,1,1,1,1,1,1,1,0,1,1,0,1,0,1,1,0,1,1,0,1,1,1,0,1,0,1,0,0,1,1,0,1,1,1,1,1,1,0,1,0,1,1,0,0,0,0,0,0,1,1,0,1,1,1,1,1,1,0,1,0,0,1,1,1,1,1,1,1,1,0,0,0,1,1,0,0,1,1,0,1
0,0,0,0,0,1,0,1,0,0,0,0,0,1,1,0,1,0,0,1,0,1,1,1,1,0,0,0,1,1,0,0,1,0,1,1,0,0,0,1,0,1,0,1,1,1,0,1,0,0,0,0,0,0,0,1,0,0,0,0,1,0,1,1,0,1,0,1,0,1,0,0,0,1,1,1,0,0,1,0,0,0,1,1,0,0,0,1,0,1,1,0,1,0,1,1,0,0,0,1,0
1,0,1,0,1,1,1,1,0,1,1,1,0,0,1,0,0,1,1,0,0,1,0,1,1,0,1,0,1,1,0,0,0,0,1,0,0,1,0,0,0,1,1,0,1,1,0,0,0,0,1,0,1,1,0,0,0,1,1,0,1,1,0,1,0,0,1,0,0,1,1,0,0,1,1,0,1,0,1,1,0,0,1,0,1,0,0,0,0,0,1,0,1,0,1,0,1,0,0,0,0
1,0,1,1,1,1,1,1,1,0,1,1,1,1,1,1,1,1,1,0,0,0,0,1,1,0,0,1,1,0,0,0,0,1,1,1,1,1,1,1,1,1,0,1,0,0,1,1,0,0,1,0,0,0,0,1,0,1,1,0,1,1,1,1,1,0,1,1,1,0,1,1,0,0,0,0,0,0,0,0,0,0,1,0,0,0,0,1,1,0,0,0,0,1,0,0,1,1,1,1,1
1,0,0,1,1,0,0,1,1,1,0,1,0,1,1,0,1,0,0,0,0,0,1,0,1,1,0,1,1,1,1,0,0,0,0,1,0,1,1,1,1,0,1,0,0,1,0,1,1,1,0,1,1,0,0,0,1,0,0,1,1,0,0,0,0,0,0,0,1,0,1,0,0,0,0,0,1,1,0,1,0,0,0,1,0,0,1,1,0,1,0,0,1,0,1,0,0,0,0,1,1
1,1,0,1,1,0,0,1,0,1,0,0,1,1,1,1,1,1,0,1,0,0,1,0,1,0,1,1,1,1,1,0,0,1,0,0,1,1,1,0,0,1,0,1,1,1,1,1,1,0,1,0,0,1,0,1,1,0,1,0,1,0,0,1,0,0,0,1,1,1,0,1,0,0,1,1,0,1,1,1,0,1,0,0,0,0,1,0,1,1,1,0,0,0,1,1,1,1,1,0,1
1,0,0,1,1,0,1,0,1,1,0,1,1,0,0,0,0,0,1,1,1,0,1,0,0,0,1,0,0,1,1,1,1,1,1,1,0,1,1,1,0,0,1,1,0,1,1,1,0,0,1,0,0,1,0,0,0,0,0,0,1,0,1,1,0,1,1,1,0,0,0,1,1,0,0,0,1,1,1,1,1,1,1,0,0,0,1,1,0,0,0,1,0,1,1,1,1,1,1,1,1
1,0,0,0,1,1,1,0,1,1,0,0,0,0,1,0,0,1,1,1,0,0,0,1,0,0,0,0,1,1,1,0,1,1,0,1,1,1,1,1,1,0,0,0,1,0,0,0,0,1,0,1,0,0,1,1,1,0,1,1,1,1,0,0,0,1,0,1,1,0,0,0,0,0,0,0,0,1,1,1,0,1,0,0,1,0,1,1,1,0,1,1,1,1,0,0,0,0,1,1,1
1,1,0,0,0,0,0,0,0,0,1,0,1,1,1,1,1,1,0,0,0,1,0,0,0,0,0,0,0,1,1,0,1,0,0,0,0,0,1,0,0,1,1,0,0,0,0,1,1,0,1,1,1,0,0,1,1,0,0,0,0,1,1,1,0,1,0,0,1,1,0,0,0,1,0,1,0,0,1,1,1,1,0,0,1,0,0,1,0,1,0,0,0,0,1,1,0,1,0,1,1
1,1,0,0,0,0,1,0,0,0,1,1,1,1,0,1,1,0,0,1,0,0,1,0,1,1,0,1,0,1,1,0,0,0,0,0,1,1,1,0,1,0,1,1,0,0,1,0,1,0,0,0,0,1,0,0,1,0,0,1,1,1,0,0,0,1,0,0,1,1,1,1,0,1,1,1,0,1,1,1,0,0,1,0,1,0,1,1,1,0,1,0,1,0,0,1,1,0,1,1,1
0,0,1,0,0,0,0,0,0,1,1,1,1,0,0,0,1,1,1,1,1,1,0,1,0,1,1,0,0,1,0,1,0,1,0,1,1,1,0,1,0,1,1,0,1,1,1,1,0,1,0,1,1,0,1,0,1,1,1,1,1,1,0,0,1,1,1,0,0,0,1,1,1,0,1,0,0,0,1,1,0,1,1,0,0,1,1,1,0,0,1,0,0,1,0,1,0,0,1,0,0
0,1,0,1,0,0,0,0,0,1,0,1,0,0,1,1,1,0,0,1,0,1,0,1,1,1,0,1,0,1,1,1,0,0,1,1,0,1,0,0,1,0,1,0,1,1,1,0,0,1,1,1,0,1,1,1,1,1,1,0,1,0,1,1,1,1,1,0,1,1,0,0,1,1,1,0,1,1,1,1,0,1,0,0,1,0,1,1,1,1,0,1,0,1,0,1,0,1,0,1,1
1,1,0,1,0,1,0,0,0,0,1,1,0,0,1,0,1,0,0,1,0,1,0,1,0,1,1,1,0,0,1,0,0,0,1,0,1,1,0,1,0,0,1,0,0,0,0,1,1,0,1,0,1,1,0,1,0,1,1,0,0,0,1,1,1,0,0,0,0,1,0,1,1,1,0,0,1,0,1,1,0,1,1,0,0,0,0,1,1,0,1,0,1,0,0,1,0,0,0,0,0
1,1,0,1,1,0,1,0,0,0,1,1,1,0,0,0,1,1,1,1,1,1,1,0,0,0,0,0,0,1,1,1,0,1,0,0,0,0,0,1,1,1,0,0,1,1,1,1,1,0,0,1,0,0,1,1,0,1,0,1,0,1,0,0,1,0,0,1,1,0,0,1,1,0,1,1,0,0,1,0,1,1,0,0,0,1,0,0,1,0,0,0,1,0,1,0,0,1,0,1,1
1,1,1,0,1,0,1,0,1,1,1,0,1,0,0,0,0,0,0,1,1,1,0,0,1,0,1,1,1,0,1,0,0,1,1,0,0,0,1,0,1,1,0,1,1,0,0,0,1,1,0,1,1,1,1,1,0,0,1,1,0,1,0,1,1,1,1,0,0,1,0,1,0,0,0,0,1,0,0,0,1,0,0,1,0,0,0,0,0,0,1,0,1,1,1,0,1,0,1,0,1
1,1,1,1,1,0,0,1,0,0,0,0,1,0,1,0,1,1,1,0,1,1,1,1,1,0,0,0,1,1,0,1,0,1,1,1,0,0,1,1,0,1,0,1,1,0,0,1,1,0,1,1,0,1,1,0,0,0,0,0,0,0,1,1,1,0,1,1,0,1,0,1,1,1,1,0,1,1,1,1,1,1,1,1,1,0,1,0,1,1,1,0,0,1,0,1,0,1,0,1,1
1,1,1,0,1,0,1,0,1,0,0,1,1,1,1,1,1,1,1,1,0,1,1,0,1,0,1,0,0,0,0,1,1,1,1,0,1,1,0,1,1,1,0,0,1,1,0,1,0,1,1,1,0,0,0,0,1,0,1,0,1,0,1,0,0,0,1,1,1,0,0,1,0,0,0,0,0,1,1,0,1,1,0,1,1,0,0,0,0,0,0,0,0,1,0,0,0,1,0,1,1
1,0,0,1,0,1,0,0,0,1,0,0,0,0,1,0,0,1,0,0,0,0,0,0,0,1,1,1,1,0,1,1,0,1,0,0,0,0,1,0,0,1,1,0,0,1,0,0,1,0,0,1,0,1,1,0,0,1,1,0,0,0,1,0,1,1,0,0,0,1,0,1,0,0,0,0,1,0,0,0,1,1,0,1,0,1,1,1,1,1,1,1,1,1,1,0,0,0,0,1,1
1,0,1,1,1,0,0,1,0,0,0,0,1,1,1,1,0,0,1,1,0,0,1,1,0,1,1,1,0,0,0,0,1,1,0,0,1,0,1,1,0,1,1,1,1,1,1,0,0,1,0,1,0,0,1,1,1,1,0,1,1,1,1,1,0,0,1,1,0,0,0,0,0,0,1,1,0,0,1,1,0,0,0,0,0,1,0,1,1,0,0,0,0,0,0,0,0,1,0,1,0
1,0,0,0,0,1,0,1,1,1,0,0,0,0,0,0,1,1,1,1,1,1,1,0,0,0,0,0,0,1,0,0,1,0,0,1,1,0,0,0,1,1,1,0,1,1,0,0,1,0,1,0,1,0,0,1,0,1,0,1,0,1,0,0,0,0,1,1,0,0,0,0,1,1,1,0,1,0,0,1,1,1,1,0,0,1,0,0,0,1,0,0,0,0,0,0,1,1,1,1,0
0,1,1,0,0,0,0,1,1,0,0,1,0,1,0,1,1,1,0,1,0,0,0,1,1,1,1,0,0,1,0,1,0,1,1,1,0,0,0,0,0,0,0,1,1,0,0,0,0,0,1,0,1,1,0,1,0,0,0,1,0,1,1,0,1,1,1,0,0,0,0,0,0,0,0,0,1,0,0,1,1,0,1,0,1,1,0,1,1,0,1,0,0,0,0,1,1,1,1,0,1
1,1,0,1,1,1,0,1,1,1,0,1,1,0,0,1,0,1,1,1,1,0,0,1,1,0,0,0,1,1,0,0,1,1,0,0,1,0,0,0,0,0,1,0,1,1,1,1,1,0,1,1,0,0,0,1,0,0,0,0,1,0,0,0,1,1,0,0,0,0,1,0,0,1,0,0,0,0,1,0,0,0,1,1,1,1,1,1,1,0,1,0,0,1,1,1,1,1,0,0,1
1,0,1,0,0,1,0,0,1,1,1,0,1,0,0,0,1,0,0,1,1,1,0,1,1,0,1,1,0,0,1,0,1,1,1,0,1,1,1,0,1,0,1,0,0,1,1,0,0,0,0,1,0,1,1,1,1,0,1,0,1,1,0,1,0,0,0,1,1,0,1,1,0,0,0,1,1,0,1,1,1,0,0,1,0,1,0,0,1,1,1,0,1,0,0,1,0,1,0,1,1
0,1,0,0,1,0,1,0,0,1,1,1,0,1,1,1,1,0,0,1,1,1,1,1,0,1,0,0,1,0,1,1,1,1,0,1,0,1,1,0,0,0,1,0,0,1,0,0,1,0,1,0,0,0,0,1,1,1,0,1,1,0,1,1,1,0,0,0,0,1,1,0,1,0,1,1,0,0,1,1,0,0,1,0,0,0,0,1,0,0,0,0,1,0,1,1,0,1,0,1,1
0,1,1,0,1,0,0,1,1,1,0,0,1,0,0,0,1,1,0,1,0,1,1,1,1,1,0,1,1,0,1,0,1,1,1,1,1,0,1,1,0,1,0,0,1,1,1,0,1,0,0,1,0,1,0,1,0,1,1,0,1,1,0,1,1,0,1,0,0,1,0,0,0,1,1,1,1,1,1,1,0,0,1,0,1,0,1,0,1,1,1,0,0,1,0,0,1,1,1,1,1
0,1,1,0,0,0,1,1,1,0,0,0,1,1,1,0,0,0,1,0,1,1,1,0,0,1,1,0,0,1,0,1,1,1,0,1,1,0,1,0,1,0,1,1,0,1,1,1,0,1,0,1,1,1,0,1,1,0,1,0,1,0,1,1,0,0,0,1,1,1,1,0,0,0,0,0,0,0,1,0,0,0,1,1,1,1,0,1,1,1,0,0,0,0,1,0,0,0,1,1,1
1,1,1,1,0,0,0,1,1,1,1,0,1,0,0,1,0,1,0,0,0,0,0,1,1,1,1,1,0,1,0,0,1,1,0,0,0,0,0,1,0,0,1,0,1,1,1,0,1,1,1,1,1,0,1,1,0,0,0,1,0,0,0,1,0,1,0,1,1,1,0,1,1,1,0,0,1,0,1,1,0,1,0,0,0,0,0,0,0,1,1,0,1,1,0,1,1,1,1,0,1
0,1,1,0,1,0,0,0,0,1,1,1,1,1,0,1,1,0,1,0,1,1,0,1,0,1,0,0,0,1,0,1,1,0,0,1,1,0,0,0,0,0,0,1,0,0,1,0,1,0,1,1,0,0,0,1,0,0,0,0,0,1,0,0,1,1,1,1,1,1,0,1,1,1,1,1,1,1,0,0,0,0,1,0,0,0,0,1,1,0,0,1,1,0,1,1,0,0,0,1,0
0,0,1,1,0,1,1,0,0,0,1,1,0,1,1,0,1,1,1,1,0,1,0,1,1,0,1,1,0,1,0,0,1,0,0,1,1,0,0,1,0,1,0,0,1,1,1,0,1,1,0,1,1,1,0,1,0,0,0,0,0,0,0,0,0,0,1,1,1,0,1,1,0,1,1,1,1,1,0,0,0,1,1,0,1,0,0,0,1,0,1,1,0,0,0,0,1,0,1,0,0
0,0,0,1,1,1,0,0,0,1,1,1,1,0,1,0,0,1,0,1,0,0,0,1,1,1,0,0,1,1,1,1,0,0,1,0,0,1,1,0,1,1,1,1,1,1,0,0,1,1,0,0,1,1,1,0,0,0,0,1,0,1,0,0,1,0,0,0,1,0,0,1,0,1,0,1,1,0,1,0,1,1,0,1,1,1,0,1,0,1,0,1,1,0,1,0,1,1,1,1,1
1,1,0,0,1,0,0,0,1,1,1,1,1,0,0,1,0,1,1,1,0,1,1,0,0,1,1,1,1,0,0,0,0,0,1,1,0,0,1,1,1,0,1,1,1,1,1,0,1,0,1,1,0,1,0,0,0,0,0,1,0,0,0,0,0,1,0,1,1,0,1,0,0,1,0,1,0,0,0,0,1,1,0,0,1,1,1,1,1,0,0,0,0,1,1,0,1,1,1,1,1
0,1,1,0,0,1,0,1,0,0,0,1,1,0,1,0,1,1,0,1,1,1,0,1,1,0,1,0,0,1,0,1,1,0,0,1,0,0,1,1,1,1,0,0,1,1,1,1,0,1,1,0,0,1,0,0,1,1,0,1,1,1,1,0,0,0,1,0,0,1,1,1,1,0,0,0,0,1,0,0,1,0,1,1,0,1,1,0,0,0,0,1,1,1,0,0,0,1,1,0,1
1,1,0,0,1,0,0,1,0,1,1,0,1,1,0,1,1,0,1,0,0,1,0,1,1,0,1,1,0,1,1,1,1,1,1,1,1,1,0,0,1,1,1,0,0,1,1,1,1,1,0,0,0,1,0,0,1,1,1,1,0,1,1,0,0,0,0,0,0,0,1,1,1,0,0,0,0,0,1,1,1,1,0,1,0,1,1,0,1,1,0,1,1,1,1,1,1,0,0,1,1
1,0,0,0,1,0,1,0,1,1,0,1,1,0,1,0,0,1,1,1,0,0,0,0,0,0,1,1,0,0,0,1,0,0,1,1,1,1,0,1,1,0,1,0,1,1,1,0,1,0,0,0,0,1,1,1,1,0,1,0,1,1,1,1,1,0,1,0,0,1,1,0,0,0,1,0,1,1,1,0,0,1,1,1,1,0,1,0,0,1,1,1,1,0,0,1,1,0,1,0,1
1,0,1,1,0,0,0,0,1,0,1,1,0,1,1,1,0,1,0,0,1,0,1,1,1,1,0,0,1,0,0,0,0,0,1,1,1,1,0,0,1,1,1,1,1,1,1,1,1,0,0,0,1,1,0,0,1,0,0,0,1,0,0,1,0,1,1,0,1,0,1,0,1,1,1,1,0,0,0,1,1,1,1,0,1,1,0,0,0,0,1,0,0,0,0,1,0,0,1,1,1
1,0,1,1,0,0,1,1,0,1,1,1,0,0,0,0,1,1,1,0,1,1,0,1,1,1,0,1,0,1,1,0,0,0,1,1,1,0,1,1,1,1,0,1,1,1,0,1,0,1,0,1,0,0,0,0,1,0,1,0,1,0,1,0,0,1,1,1,1,0,0,1,1,1,0,0,0,0,1,0,1,1,0,1,0,1,1,1,1,0,0,0,0,1,0,1,1,1,0,1,1
0,1,0,0,1,1,0,1,1,1,0,1,0,1,0,0,0,1,0,1,0,1,1,0,0,1,0,1,1,1,0,0,0,0,0,1,0,1,0,1,0,0,1,0,1,1,1,0,0,0,1,1,0,0,0,0,1,0,0,1,0,1,0,1,0,0,0,1,1,1,1,0,0,1,1,1,0,0,0,0,0,1,0,0,1,1,1,0,1,1,1,1,1,0,0,1,1,0,1,1,1
1,1,0,1,1,0,1,1,1,0,0,1,0,0,1,0,1,1,0,1,1,1,1,1,1,1,1,1,1,1,1,0,1,0,1,1,0,1,1,0,0,1,0,0,0,0,1,0,0,1,1,1,1,1,0,0,0,1,0,1,0,1,0,0,1,0,1,1,1,0,1,0,1,0,0,0,0,0,1,1,0,1,0,0,1,1,1,0,1,0,1,1,0,0,0,1,1,1,0,1,1
0,0,0,0,0,0,1,0,0,1,1,1,0,0,0,0,1,1,0,1,0,1,1,0,1,1,1,1,0,0,1,1,1,0,0,0,1,1,1,0,1,0,0,0,0,0,1,1,0,1,1,1,0,1,0,0,0,0,1,0,1,0,0,1,1,0,0,1,0,1,1,1,0,0,1,1,0,1,0,1,1,1,1,0,0,0,1,0,0,1,1,1,1,1,0,0,0,1,0,0,1
1,1,0,1,0,1,0,0,1,0,0,1,0,1,0,0,1,0,0,1,0,1,0,0,0,1,1,0,1,0,1,0,0,0,1,1,1,0,1,0,1,0,0,0,0,0,0,0,1,0,0,0,1,0,0,0,1,1,1,1,1,1,0,1,0,1,0,0,0,1,1,1,0,0,0,1,0,1,1,1,1,0,0,0,1,1,0,0,0,1,0,1,1,1,1,1,1,1,0,1,1
1,0,1,1,1,1,1,1,0,1,0,1,0,0,1,0,1,1,1,0,1,1,0,0,1,0,0,1,0,0,0,0,0,1,0,0,1,0,0,1,1,0,1,1,0,1,0,1,1,0,0,0,1,1,0,1,1,0,0,1,1,1,0,0,1,0,0,0,0,1,0,0,1,0,1,1,0,1,1,1,0,0,1,0,1,0,0,0,1,0,1,1,1,0,0,1,1,0,1,0,0
1,0,1,1,0,1,1,0,1,0,0,1,1,0,1,1,0,1,0,1,0,0,0,0,0,1,0,0,1,1,0,0,0,0,0,0,1,0,1,0,1,0,1,1,0,1,0,1,1,0,0,0,1,0,1,0,1,0,0,0,0,0,0,1,0,0,1,1,1,0,1,1,1,0,0,1,0,1,1,1,0,0,0,1,0,0,1,0,1,0,0,0,1,0,1,1,1,1,0,0,0
0,1,1,0,1,1,1,1,1,0,1,0,0,0,0,1,1,1,1,1,0,0,0,1,0,0,1,0,1,1,0,1,1,0,1,0,0,0,1,0,1,1,1,1,0,0,0,0,1,0,0,1,0,0,1,1,1,1,1,0,0,0,1,1,0,0,1,1,1,0,0,0,1,0,0,1,0,1,0,1,1,1,1,0,0,0,1,0,1,0,0,1,0,1,0,0,0,0,1,0,1
1,1,1,1,1,1,1,0,1,0,0,0,0,1,1,0,0,1,0,0,0,0,0,0,0,1,1,1,1,1,0,0,0,0,1,1,1,0,0,0,0,0,1,1,1,1,1,0,0,0,1,1,0,0,0,0,0,0,1,0,0,0,1,0,0,1,0,1,1,0,1,0,0,1,0,1,0,1,0,0,1,0,1,0,0,1,0,1,0,1,0,0,1,1,0,0,0,1,1,1,0
0,1,0,1,0,0,0,1,0,0,1,1,0,1,0,0,0,1,0,0,0,1,1,0,1,0,1,0,0,0,0,0,0,1,1,1,1,1,1,1,1,1,0,1,1,0,0,1,0,0,1,1,0,0,1,1,0,1,0,0,1,0,0,0,1,0,0,1,0,0,0,0,0,1,1,0,0,1,1,1,1,1,1,0,1,1,1,1,1,0,1,0,1,1,1,1,1,1,0,1,1
1,1,0,1,0,1,0,1,1,0,1,1,1,1,1,1,1,0,0,1,1,0,0,0,0,1,0,0,0,0,0,1,0,1,0,1,0,0,1,0,0,1,1,1,1,1,1,1,1,0,1,0,1,0,0,0,0,1,0,1,0,1,1,0,0,0,1,0,1,1,0,0,1,1,1,1,1,1,1,0,1,0,0,1,1,1,0,1,1,1,0,1,1,1,0,1,1,1,1,0,1
1,1,1,1,0,1,0,0,1,0,1,0,1,1,0,0,0,0,1,1,1,1,0,0,1,1,0,1,1,0,1,1,1,0,1,1,1,1,0,1,1,0,0,1,0,1,1,0,1,1,1,1,1,1,1,1,1,1,0,1,0,1,1,0,0,0,1,1,1,0,0,1,1,0,0,1,0,1,0,1,1,0,0,1,0,1,1,0,1,0,1,1,1,1,1,0,1,0,0,1,1
0,0,1,0,0,1,0,0,1,1,1,1,0,1,1,0,0,1,0,0,0,1,1,0,0,0,1,1,1,1,0,1,1,0,0,1,1,1,0,0,0,0,0,1,0,1,0,0,0,0,1,0,0,0,0,1,0,0,1,0,1,1,1,1,0,1,0,0,0,1,0,0,0,0,0,1,0,0,1,1,0,1,0,1,0,0,0,1,0,0,1,1,1,1,1,0,0,1,1,1,0
1,1,1,0,0,0,0,1,1,0,1,1,0,1,0,1,1,0,1,1,0,0,1,1,0,1,1,1,0,0,1,1,0,1,0,1,1,0,1,0,0,1,1,0,1,1,1,1,0,1,1,1,0,0,0,0,0,1,0,0,0,0,0,0,0,0,1,0,1,1,0,1,1,1,1,1,0,0,0,0,0,1,1,0,1,1,0,0,1,1,1,0,0,1,1,1,1,0,0,1,1
1,0,1,0,0,0,1,1,1,0,1,0,1,0,1,0,1,0,1,0,1,1,0,0,0,1,0,1,1,1,1,1,1,1,1,1,1,0,1,0,0,0,1,1,0,0,1,0,0,0,1,0,1,0,1,0,0,0,0,1,0,0,0,0,0,1,0,0,0,1,0,0,1,1,1,0,0,1,0,0,1,1,1,0,0,0,0,1,0,0,1,0,0,1,1,1,1,0,0,0,1
1,1,1,0,1,1,1,1,0,1,0,1,1,0,1,0,1,0,1,0,0,0,0,0,1,0,0,0,1,1,0,1,0,1,0,1,0,1,0,0,0,1,1,0,0,1,0,1,0,1,1,1,1,0,1,0,1,1,1,1,1,0,1,0,1,0,0,0,0,1,1,0,0,0,1,1,0,0,1,1,0,1,1,0,0,1,0,0,0,0,0,1,1,0,0,0,0,0,0,1,1
0,0,1,0,1,1,1,0,0,1,0,1,1,0,1,1,1,1,1,1,1,0,1,1,0,1,1,1,0,0,1,0,0,0,0,0,0,0,0,0,1,1,1,1,1,0,0,1,1,0,0,0,1,1,0,0,0,1,0,1,1,0,0,1,1,0,1,0,0,1,0,0,1,1,1,0,0,0,0,0,0,1,1,0,1,1,1,0,1,1,0,1,1,1,1,1,0,1,0,0,0
1,0,1,0,0,1,1,0,1,0,0,0,0,1,1,1,0,0,0,1,1,1,1,0,0,0,0,1,1,1,0,1,0,1,1,1,1,1,1,1,0,1,1,0,1,0,0,0,0,0,0,0,1,0,0,1,1,0,1,1,1,0,1,0,1,0,0,0,0,1,0,0,1,1,1,1,1,1,0,0,1,0,1,1,0,0,0,0,1,0,0,1,1,0,1,0,0,0,0,1,0
0,0,1,1,1,1,1,0,0,0,1,0,0,1,0,1,0,1,1,0,1,0,0,0,1,1,1,0,0,0,1,0,1,1,1,1,1,1,0,0,1,1,1,1,0,0,0,1,0,1,0,1,0,0,0,0,0,1,0,1,0,1,0,0,1,0,0,1,1,1,0,1,0,0,0,1,1,0,0,0,1,1,1,0,1,1,0,0,1,0,0,0,0,1,0,1,1,0,1,1,1
1,0,1,0,1,0,0,0,1,1,1,0,0,0,1,1,1,1,1,0,1,0,0,1,1,1,1,0,1,0,0,1,0,0,1,1,0,1,0,0,1,0,0,1,0,1,1,0,1,0,1,0,0,1,1,0,0,0,1,1,0,1,1,1,0,0,0,0,1,0,1,1,0,1,1,0,0,0,1,0,0,0,0,0,1,1,1,1,1,0,0,0,1,1,1,0,1,1,0,1,1
1,1,0,0,0,1,1,1,1,0,1,0,1,1,1,1,0,1,1,1,0,0,0,1,1,1,0,1,0,0,1,0,0,0,1,0,1,0,0,1,0,1,1,0,0,0,1,1,1,0,0,0,0,0,1,1,0,0,0,0,1,0,1,0,1,1,1,1,1,1,1,1,1,1,1,1,1,0,0,1,1,0,0,1,1,1,1,1,0,0,1,1,0,0,0,0,1,0,1,1,1
0,0,0,0,0,1,0,0,0,0,1,1,0,1,1,1,1,0,0,1,0,1,0,1,1,0,1,0,1,1,0,1,1,1,1,0,0,1,1,1,1,0,1,1,1,0,1,1,0,0,0,0,1,1,0,0,1,0,0,0,0,1,0,1,0,0,1,1,1,1,1,0,0,1,0,0,0,1,0,1,1,1,1,1,0,0,1,1,0,1,1,0,1,1,0,1,1,0,0,1,1
1,1,1,1,1,0,0,1,0,1,0,0,1,1,1,1,0,0,0,1,1,1,1,0,0,0,1,1,1,0,0,0,1,0,0,0,1,1,1,0,1,1,1,1,1,0,1,0,0,1,1,1,1,0,0,0,1,0,0,1,1,1,0,1,1,1,0,1,0,0,1,0,1,1,0,0,0,0,0,1,1,0,0,0,0,1,1,1,0,1,0,1,0,1,0,0,0,0,0,0,1
1,1,0,1,0,0,0,0,0,0,1,0,0,0,0,0,0,1,0,1,1,1,0,0,0,1,0,0,1,1,1,0,0,1,0,1,1,1,1,1,0,0,1,0,0,1,1,1,0,0,0,1,1,0,0,0,0,1,1,1,0,1,1,0,1,1,1,1,1,1,1,1,0,0,1,1,1,1,1,1,0,1,1,0,0,0,0,0,0,0,1,1,1,1,0,0,0,1,0,1,1
1,0,1,1,1,0,0,0,1,1,0,0,0,0,1,0,0,0,0,0,0,1,1,1,0,1,0,1,1,1,1,0,0,1,0,0,0,1,1,1,0,0,1,1,0,0,0,1,0,1,0,1,1,0,1,1,1,1,1,1,0,0,1,0,1,1,0,1,1,0,0,0,1,0,0,0,1,0,0,0,0,0,1,0,0,1,0,0,0,1,1,1,0,1,1,1,0,0,0,0,1
0,0,0,1,0,0,1,1,0,1,1,0,1,0,0,0,0,1,0,1,0,1,0,1,1,0,1,1,1,0,1,1,1,0,0,0,1,1,0,0,0,1,0,1,1,1,1,0,1,1,0,0,1,0,0,1,1,1,0,0,0,0,1,1,0,1,1,1,0,1,0,1,1,0,1,0,0,0,0,0,1,1,1,1,0,0,0,0,1,0,0,1,0,0,1,0,1,0,1,1,0
0,0,0,0,0,1,0,0,0,1,1,0,1,0,1,1,1,1,0,1,0,1,0,1,0,0,0,1,1,0,0,0,1,1,0,1,1,1,0,0,0,0,1,1,1,1,0,0,1,0,0,1,0,1,1,0,1,0,1,1,1,0,1,1,1,1,0,1,1,0,1,0,0,1,1,1,1,0,1,0,1,1,0,1,1,1,0,0,0,1,1,1,0,1,1,0,1,1,1,0,0
0,0,0,1,1,0,1,1,0,1,0,1,0,0,1,1,0,0,1,1,0,1,0,1,1,0,0,0,0,1,1,1,1,1,1,1,1,1,1,1,1,0,0,1,0,0,0,0,1,0,1,0,1,1,0,1,0,0,1,0,0,0,1,0,0,0,0,0,0,1,1,0,0,1,0,1,1,0,0,0,0,1,0,0,0,0,1,0,0,1,0,1,1,1,1,0,0,1,1,1,1
1,0,1,0,1,1,0,0,0,0,1,1,1,0,0,0,0,1,0,1,1,1,1,1,0,1,0,1,0,0,0,1,0,1,0,1,0,0,0,1,0,1,1,1,0,1,0,0,1,1,1,0,0,1,0,1,1,1,0,0,1,0,1,0,0,0,1,0,0,1,0,0,1,1,0,0,0,0,0,1,0,1,1,0,0,1,0,0,0,1,1,1,0,1,0,0,0,0,1,1,1
1,1,1,0,0,1,1,1,1,0,1,1,0,0,1,1,0,1,1,1,0,1,1,1,1,1,1,0,1,1,1,0,1,1,1,0,1,0,1,1,1,0,0,0,0,1,0,1,0,1,1,1,1,0,1,0,1,0,1,1,0,0,0,0,0,0,1,0,0,0,0,0,1,1,0,1,1,0,1,1,0,1,0,1,1,0,1,1,1,0,0,1,0,1,0,1,0,1,0,1,1
0,0,1,1,1,0,0,0,0,0,1,1,1,1,1,0,1,1,0,0,1,1,1,1,1,0,1,1,0,1,1,0,0,1,1,0,1,0,1,0,0,0,0,1,1,1,1,1,1,1,0,1,1,0,0,0,1,0,0,1,1,1,1,1,0,1,1,1,0,0,1,0,0,1,1,1,1,0,0,0,1,1,1,0,1,0,1,1,0,0,1,0,0,0,1,0,0,0,0,1,1
1,0,0,0,0,0,1,1,1,1,1,1,0,0,0,0,1,1,1,1,0,0,1,1,0,1,0,1,0,0,1,1,0,0,1,1,1,0,1,1,0,0,1,0,1,1,1,1,0,0,0,1,0,0,1,1,0,1,1,1,0,0,1,0,1,0,1,1,0,1,0,0,0,1,1,0,0,0,0,0,1,0,0,1,1,0,1,0,0,1,0,0,0,1,0,1,1,1,1,0,1
0,1,1,0,1,1,0,0,1,0,1,1,1,1,0,0,1,0,0,1,0,1,1,0,0,1,0,0,0,0,1,0,1,0,1,1,0,0,0,1,0,0,1,1,0,0,0,1,0,0,0,0,1,0,1,1,1,1,1,0,0,0,0,1,0,0,1,1,1,0,0,0,1,0,1,0,0,1,0,1,0,1,1,0,0,0,0,0,1,0,0,0,1,1,0,0,1,0,1,1,1
0,0,0,1,1,0,1,0,1,1,1,1,0,1,0,0,0,0,0,0,0,1,0,1,1,0,1,1,1,1,1,1,1,0,1,0,1,0,0,1,0,1,1,1,0,1,1,0,0,1,1,1,0,1,0,1,0,0,0,1,0,0,0,1,1,1,1,0,1,1,0,0,0,0,1,1,0,1,1,1,1,1,0,1,1,0,1,0,1,0,1,1,1,0,1,0,0,1,0,0,0
0,1,0,0,1,1,1,0,0,1,0,1,1,0,1,0,0,0,1,1,1,0,0,1,0,0,0,1,1,1,0,1,0,0,0,1,0,0,0,0,0,0,1,1,0,1,0,0,0,1,0,0,1,0,0,0,1,0,0,1,1,1,1,1,1,0,1,0,1,0,0,1,0,0,0,1,1,1,1,0,1,1,0,1,0,0,1,1,0,0,1,0,0,0,0,1,0,0,0,1,0
0,0,1,0,0,1,1,1,0,0,0,1,0,0,0,1,0,0,1,1,0,0,1,1,1,0,1,0,1,0,1,1,1,1,1,1,0,0,0,0,0,0,1,0,1,0,0,1,1,1,1,1,1,1,0,1,0,0,1,1,1,0,1,1,1,0,0,0,0,1,1,1,0,1,0,1,0,0,1,1,1,0,0,1,1,1,0,0,1,1,0,1,1,1,1,0,0,0,0,0,1
1,0,1,0,0,1,0,1,0,1,0,0,1,0,0,1,1,0,0,0,1,1,0,0,0,1,0,1,0,0,0,1,1,1,1,0,0,0,1,0,1,0,0,0,1,0,0,0,0,0,1,1,1,1,1,0,0,1,1,1,1,1,0,0,1,0,1,1,1,0,1,0,1,0,1,1,1,0,1,1,0,1,0,0,0,1,1,0,0,0,0,1,0,0,0,0,1,1,1,1,1
1,1,0,0,1,0,1,0,1,1,1,0,0,0,1,1,0,1,1,1,0,0,1,1,1,0,1,1,0,1,1,1,1,1,1,0,0,0,1,0,0,1,0,1,1,0,1,1,0,0,1,1,1,0,0,0,0,1,0,1,0,1,1,1,1,0,1,1,0,1,0,0,0,1,1,1,0,1,0,1,1,1,0,0,1,0,0,1,0,1,1,1,0,1,1,1,0,0,0,1,1
0,0,1,1,1,0,0,1,0,1,0,0,1,1,1,1,1,0,1,1,0,1,1,0,1,0,0,0,0,1,0,1,0,1,1,1,1,1,1,1,0,1,0,1,1,0,0,0,1,1,0,0,1,1,1,0,0,1,0,1,1,1,1,0,0,0,1,0,0,0,0,0,1,1,0,1,0,0,1,1,1,0,0,1,1,1,1,0,1,0,0,1,1,1,1,0,0,1,1,0,1
1,0,0,1,0,0,0,1,0,1,0,1,1,1,1,0,0,1,0,0,1,0,0,0,1,1,0,1,0,0,0,0,0,0,0,1,0,1,0,1,0,1,1,1,1,1,1,0,1,0,1,1,1,1,0,1,1,0,1,1,1,1,1,1,1,0,1,1,0,1,0,1,0,1,1,0,0,0,1,1,1,1,1,1,1,1,0,1,0,0,0,0,0,1,1,1,1,1,1,1,1
1,1,0,0,0,1,1,1,0,0,1,0,1,0,1,1,1,0,1,0,0,0,1,0,0,1,1,0,0,1,0,1,0,1,1,0,1,0,1,1,0,1,1,1,0,0,1,0,1,0,1,1,0,0,0,0,0,1,0,1,0,1,1,1,1,1,0,1,0,1,0,1,0,0,1,1,1,0,1,0,0,1,0,1,0,0,1,1,1,0,1,1,1,0,0,1,0,1,1,1,0
1,1,1,0,0,1,0,0,1,0,0,1,1,0,1,0,1,0,0,0,1,1,0,1,0,1,0,0,1,0,1,1,1,1,0,0,1,1,1,0,1,1,1,0,1,0,0,0,0,0,0,1,1,0,1,0,0,0,1,0,1,0,0,1,1,0,1,1,1,1,1,1,0,0,1,1,1,1,0,1,1,0,1,1,0,1,0,1,0,1,1,0,1,0,1,0,0,1,1,1,0
0,0,0,1,0,1,0,1,0,0,1,0,0,0,0,0,0,1,1,1,1,0,1,0,1,1,1,0,1,0,0,1,0,1,1,1,0,0,0,1,1,0,0,0,0,1,0,0,0,0,1,0,1,1,1,0,0,0,0,1,1,1,1,0,1,0,1,1,1,1,0,1,0,1,1,1,0,1,0,0,1,0,0,1,1,0,0,1,1,1,0,0,0,1,1,0,0,0,1,0,1
1,1,0,1,0,0,0,1,1,1,0,1,1,0,1,0,0,1,1,1,0,1,1,0,1,1,1,1,0,1,0,0,0,1,0,1,0,1,1,1,1,0,0,0,0,0,1,1,0,1,0,0,1,1,0,0,1,1,1,0,0,0,1,1,1,0,0,0,0,0,0,1,0,1,0,0,0,1,0,0,0,0,0,1,0,1,1,1,0,1,1,0,1,1,0,1,0,1,0,1,1
1,1,1,0,1,1,0,1,1,0,0,1,1,0,0,0,1,0,1,0,0,0,0,1,1,1,1,1,1,1,1,0,1,0,0,1,1,0,1,1,1,0,0,1,0,0,0,1,0,1,1,0,1,0,0,1,1,1,0,1,0,0,1,0,0,1,0,1,1,0,1,1,1,1,1,1,1,1,1,0,0,0,1,0,1,0,1,1,0,0,1,1,1,0,0,0,0,1,0,1,1
0,1,1,0,1,1,1,1,1,1,1,1,0,1,1,0,0,0,0,0,1,1,0,1,1,0,0,1,0,0,1,0,1,1,1,1,1,1,1,1,0,0,0,1,0,1,0,0,1,0,1,1,1,1,0,0,1,0,1,0,1,0,0,0,1,0,1,1,1,0,1,1,0,0,0,1,0,1,0,1,1,1,0,1,0,1,0,1,1,1,1,0,1,0,1,0,0,0,0,1,1
1,1,0,1,1,1,1,1,0,0,0,1,0,1,1,1,1,0,1,0,1,0,0,0,1,0,1,0,0,0,1,0,1,0,0,0,0,0,1,1,0,0,0,0,1,0,0,1,1,1,1,1,1,0,0,1,0,1,0,1,0,1,1,1,0,1,1,0,0,1,0,0,1,0,1,0,1,1,0,1,0,1,1,0,0,1,1,0,0,1,0,1,1,1,0,0,1,0,1,0,0
1,0,0,1,0,1,0,1,1,1,1,0,1,0,1,0,0,0,1,1,1,1,0,0,0,0,1,1,0,0,1,0,1,1,0,1,1,0,1,0,1,1,0,1,1,1,0,1,1,0,1,1,1,0,0,1,1,1,1,0,0,0,1,0,1,0,0,0,1,0,0,1,0,1,0,0,1,0,0,0,1,0,1,1,0,1,1,1,1,1,1,0,0,1,0,1,1,0,1,1,0
1,1,1,0,0,0,1,1,0,1,0,1,0,1,0,1,1,0,0,1,1,0,1,1,0,1,1,0,0,1,1,1,0,1,0,1,1,1,1,0,1,1,1,0,1,1,1,0,0,1,1,0,1,0,1,1,1,1,1,0,1,0,0,0,1,1,1,0,0,1,1,1,0,1,1,0,0,1,0,0,1,0,0,1,0,0,0,1,1,1,0,0,1,1,0,0,0,0,1,1,1
1,1,1,1,0,1,1,1,0,1,0,0,1,0,1,0,1,0,0,0,0,0,0,0,0,0,1,1,1,1,0,0,0,0,0,0,0,0,1,1,0,1,1,0,0,0,1,1,1,0,0,0,0,0,0,0,1,1,0,1,0,1,0,1,1,1,1,0,1,1,0,0,1,0,0,0,0,0,1,0,1,0,0,1,1,0,1,0,1,0,1,0,0,0,1,0,1,0,1,1,0
1,0,0,0,1,1,0,1,0,0,1,1,1,1,1,1,1,1,0,0,0,0,0,0,1,1,0,1,0,1,1,1,0,1,0,1,0,1,0,0,1,1,0,1,1,0,0,0,1,0,1,0,0,0,0,1,0,1,0,0,1,1,1,1,0,1,0,1,1,0,1,0,1,1,1,0,1,0,0,0,1,0,1,0,0,0,0,0,0,0,1,0,0,1,1,1,0,1,0,0,1
0,0,0,1,0,1,1,0,1,0,0,1,1,0,0,1,0,0,1,1,1,1,0,0,0,1,0,1,0,0,1,0,1,0,1,0,1,0,1,0,1,0,0,1,1,0,1,0,0,1,1,1,1,0,1,0,0,1,1,1,1,1,1,0,0,1,1,1,1,1,0,1,1,1,0,0,0,0,0,0,0,0,0,1,0,0,1,0,0,0,0,1,0,1,0,0,1,0,0,0,0
1,0,1,1,1,1,0,0,1,1,0,0,0,1,0,0,0,0,0,0,0,0,0,0,0,1,1,0,1,1,0,0,1,1,1,0,0,0,1,0,1,0,1,1,1,1,0,1,1,0,1,0,0,1,0,0,1,1,1,0,1,0,1,0,1,0,1,1,0,0,1,0,0,0,0,1,0,1,0,1,0,0,1,1,0,1,1,1,1,0,1,0,1,1,0,0,1,0,0,1,1
0,0,0,1,1,1,0,0,0,0,1,0,0,0,1,0,1,1,0,1,1,1,1,0,0,0,1,1,1,1,0,1,0,1,1,1,1,0,0,1,0,0,0,1,1,0,1,1,1,0,0,1,0,1,0,1,1,0,1,1,0,0,0,1,0,1,0,1,1,1,1,0,0,0,0,1,0,0,0,0,0,1,1,1,0,1,0,1,1,1,0,0,1,0,0,1,1,1,1,1,0
0,0,1,0,0,1,0,1,0,1,0,1,1,0,1,1,0,0,1,1,0,1,0,0,1,0,0,1,0,1,0,1,0,1,0,0,1,0,0,0,0,0,0,0,0,0,0,0,0,0,1,0,0,0,1,0,0,1,1,1,1,1,0,0,1,1,0,0,0,1,0,0,1,0,1,1,0,0,0,1,1,1,0,1,0,1,0,1,1,1,0,1,0,0,0,0,0,0,1,0,0
0,0,1,1,0,1,1,1,0,1,0,1,0,1,1,0,0,0,1,0,1,0,0,1,1,0,0,1,0,1,0,1,1,1,0,1,1,1,1,1,0,1,0,1,1,1,0,0,0,0,1,1,1,1,0,0,0,0,1,0,1,1,0,1,0,0,1,1,1,0,1,0,0,0,1,1,0,1,0,1,1,0,1,0,0,0,0,1,1,0,1,1,0,0,1,1,1,0,1,1,0
1,1,0,1,1,0,0,1,1,0,1,0,0,0,1,1,1,0,0,1,1,0,0,0,0,0,0,0,0,0,1,0,0,0,1,1,0,0,0,1,1,1,0,0,0,0,0,1,1,1,0,1,0,0,1,0,1,1,1,0,1,0,1,1,0,1,0,0,0,0,0,1,1,1,0,0,0,0,0,1,0,0,1,0,0,1,1,1,1,1,0,1,0,0,1,1,1,0,0,0,1
1,0,1,0,1,0,0,0,1,0,0,0,0,0,1,1,0,0,0,1,0,1,1,1,0,0,0,1,1,1,0,0,1,1,1,1,1,1,0,1,0,1,0,0,1,1,0,1,1,1,0,1,0,1,0,0,1,1,1,1,1,0,0,1,1,1,0,1,1,1,1,1,1,0,1,0,0,0,1,0,1,1,1,1,1,1,0,0,0,0,0,0,0,0,0,0,1,1,1,0,1
1,1,0,0,1,0,0,0,0,1,1,1,1,1,0,0,0,1,1,1,0,0,1,0,0,0,0,1,1,1,0,0,0,0,0,0,1,0,1,0,1,1,0,1,0,0,0,1,0,1,0,1,0,0,0,0,1,0,1,1,1,1,1,1,0,1,1,1,1,1,1,0,1,1,0,1,0,0,0,0,0,0,0,1,0,1,1,0,0,1,1,0,1,0,0,1,1,0,0,0,1
0,0,1,1,0,1,1,0,1,0,0,1,1,1,0,1,1,0,1,1,1,1,1,1,1,0,0,1,0,0,0,1,1,0,1,0,1,1,0,0,1,0,0,1,0,1,0,0,1,1,1,0,0,1,0,1,0,0,1,1,1,0,1,0,1,1,0,1,0,0,0,1,1,1,1,1,0,0,1,0,0,0,0,0,1,0,0,0,1,0,0,0,0,1,1,0,1,1,1,1,0
0,1,0,0,1,0,0,1,1,0,0,0,1,0,1,1,1,0,1,1,0,0,1,0,0,1,0,0,0,0,0,1,1,1,1,1,0,1,0,0,0,0,1,1,0,1,0,0,1,1,1,1,1,0,0,0,0,0,1,0,1,1,0,1,0,0,0,0,0,1,0,1,1,0,0,1,0,1,0,0,1,1,1,1,0,1,1,1,1,0,0,1,1,1,1,1,1,1,0,1,1
1,0,1,1,1,1,0,1,1,1,0,0,1,0,0,0,1,1,1,0,0,0,0,0,0,1,0,0,0,1,0,0,0,0,0,0,1,0,1,1,1,1,0,0,0,1,0,0,1,1,0,1,1,1,0,0,0,1,0,0,1,0,1,1,0,1,0,1,0,0,0,0,0,0,0,1,0,0,1,1,1,1,0,1,1,0,0,1,1,0,0,0,0,1,1,1,1,1,1,1,1
1,0,0,1,0,0,1,1,1,1,1,0,1,0,1,0,1,1,1,0,1,0,1,0,0,1,1,0,1,1,1,1,1,0,1,0,1,0,1,1,1,0,0,1,1,1,1,0,0,1,1,1,0,1,0,1,0,0,0,1,0,0,1,1,1,0,0,1,1,0,1,1,0,0,1,0,0,1,1,0,1,0,0,1,0,0,1,1,0,1,0,0,0,0,1,1,0,0,1,1,0
1,0,0,1,1,0,0,0,0,0,0,1,0,1,1,0,1,0,1,1,0,1,1,1,1,0,1,1,0,1,0,1,0,1,0,0,1,0,1,0,1,0,0,0,1,1,1,1,0,0,1,0,0,0,0,1,0,1,1,0,0,0,0,0,1,0,1,0,0,1,1,1,1,0,1,1,0,0,1,0,1,1,0,0,0,1,1,1,1,0,1,1,1,1,1,0,1,1,0,1,0
1,0,1,0,0,1,1,1,0,0,1,1,0,0,1,1,0,0,0,1,1,0,0,0,0,0,1,1,1,0,0,1,1,0,0,0,1,1,1,1,0,1,1,0,1,0,0,1,1,0,0,0,0,0,0,0,0,1,0,1,0,1,0,0,0,0,1,0,0,1,0,1,1,0,0,1,0,1,1,0,0,1,0,0,1,1,0,0,1,1,1,1,0,0,1,0,1,0,1,1,0
0,1,1,0,0,1,0,0,1,0,1,1,1,1,0,1,1,1,0,1,0,1,0,0,0,1,0,0,1,0,1,0,0,0,1,1,1,0,0,0,1,0,1,0,1,1,0,0,0,0,1,0,0,1,1,1,1,1,0,0,1,0,1,1,1,1,0,0,0,1,0,1,0,1,1,0,1,0,0,0,0,1,0,0,1,1,0,0,1,1,1,1,0,1,0,1,0,0,1,0,1
1,0,0,1,0,1,0,0,1,1,0,1,0,1,1,0,1,1,1,1,1,1,0,1,1,1,1,0,0,0,0,1,0,1,1,0,1,0,1,0,0,0,1,1,0,1,1,0,0,1,0,1,1,0,0,1,0,0,0,0,0,0,1,0,1,1,1,0,0,0,0,1,1,1,0,1,1,1,1,0,1,0,0,0,0,0,0,1,1,1,0,0,0,0,1,0,1,0,1,1,0
0,0,1,1,1,0,1,0,1,1,0,1,0,1,1,0,0,0,1,0,0,0,1,0,1,0,0,0,0,1,1,1,1,1,1,1,0,1,1,0,1,0,1,0,0,1,0,0,0,0,1,1,0,1,1,0,0,0,1,1,0,0,1,0,1,1,0,0,1,1,0,1,0,0,0,1,0,1,1,0,1,1,1,0,1,0,0,1,0,1,1,0,1,0,0,1,1,1,0,0,1
1,0,0,1,0,0,1,0,1,1,0,0,0,0,0,0,0,1,0,0,1,1,1,1,1,0,0,0,0,1,0,1,1,0,0,1,1,0,1,1,1,0,0,1,0,0,0,0,0,0,0,0,0,1,0,1,1,1,0,1,1,0,1,0,1,0,1,1,0,0,1,0,0,1,1,0,0,0,1,0,0,0,1,0,0,0,1,1,1,1,1,1,1,1,1,0,0,1,1,1,1
1,1,1,0,1,1,0,0,1,0,1,0,0,1,1,1,0,0,1,1,1,0,1,1,0,1,1,1,1,0,1,0,1,0,1,1,1,0,1,1,0,1,0,0,1,0,1,1,0,0,1,1,0,0,1,0,0,0,1,1,1,1,1,0,1,0,1,1,1,1,1,1,0,0,1,0,0,0,1,0,1,1,0,0,0,0,1,0,1,0,1,1,0,0,1,0,0,0,1,0,1
1,0,0,0,1,1,1,1,0,1,0,1,1,1,0,1,1,0,0,0,0,1,1,1,0,1,1,0,1,1,1,1,1,0,1,1,1,0,1,0,0,1,0,1,0,0,1,1,0,0,0,1,1,0,1,0,0,1,0,0,1,1,0,1,0,1,0,0,0,1,1,1,1,1,0,0,1,1,0,1,0,1,0,0,0,0,1,0,0,1,1,1,1,0,0,1,0,0,0,1,1
1,1,0,0,1,0,0,0,0,0,0,0,1,1,0,1,0,1,0,1,1,0,0,0,1,0,1,1,0,1,1,1,1,0,0,0,1,1,0,1,0,1,0,1,0,0,0,1,0,1,0,1,0,1,0,0,1,0,0,0,0,1,0,0,0,1,1,0,0,1,1,1,1,1,0,0,0,0,0,0,1,0,0,0,0,1,1,1,0,1,0,0,1,0,0,1,0,0,1,0,1
1,1,1,0,1,0,0,0,0,0,1,0,1,1,1,1,1,1,1,0,0,0,0,1,1,1,0,1,1,0,1,0,1,1,1,0,1,0,1,0,1,0,0,1,0,0,1,0,0,0,1,1,1,1,1,1,1,0,1,0,0,0,0,0,1,0,1,0,0,0,1,0,1,1,1,0,1,1,0,0,1,1,1,1,1,1,0,0,1,1,1,1,1,1,1,0,1,0,1,0,1
1,1,0,0,1,0,0,0,1,0,1,1,1,0,1,1,1,1,1,1,1,1,0,1,1,0,0,1,0,0,0,1,0,1,1,0,1,1,1,1,0,0,0,0,1,1,0,0,0,1,0,0,1,1,1,1,1,1,0,1,0,1,0,0,1,1,1,1,0,1,0,1,0,1,0,1,0,1,0,0,1,0,1,0,1,0,0,1,0,0,0,0,1,1,0,1,1,0,1,0,0
1,0,1,1,1,1,1,0,0,0,0,1,1,1,1,0,1,1,1,1,1,0,0,1,1,0,0,0,0,1,1,1,1,0,0,0,1,0,1,0,1,0,1,0,1,1,1,0,1,1,0,0,1,1,1,0,1,0,0,1,1,1,1,0,0,1,1,0,0,1,0,1,1,0,1,0,0,1,0,0,1,0,1,1,1,0,0,1,1,1,0,1,1,1,1,1,1,1,1,1,1
0,0,0,1,1,1,0,0,0,0,1,0,0,1,0,1,1,0,0,1,0,0,1,1,0,0,1,1,1,1,0,1,0,0,1,0,0,1,0,0,0,0,1,1,1,1,1,0,0,1,0,0,0,1,1,0,1,1,1,1,1,1,1,1,0,0,0,0,1,0,0,1,1,1,1,0,0,0,0,0,0,1,0,0,1,1,0,1,1,0,0,0,1,1,0,1,1,0,1,0,0
1,1,0,0,0,0,0,0,1,0,1,1,0,1,1,0,1,0,1,0,0,0,0,1,1,1,0,1,0,0,1,1,0,1,1,0,0,0,1,0,1,1,0,1,1,0,0,0,0,1,1,0,1,1,1,0,1,1,1,0,1,0,1,1,1,1,0,0,1,1,0,0,0,1,1,0,0,0,1,0,1,1,0,0,1,1,1,0,0,1,1,1,0,1,0,0,0,0,0,1,1
0,0,0,0,1,1,0,1,0,0,0,1,0,0,1,1,0,1,1,0,0,1,0,0,1,0,1,1,0,1,1,0,0,1,0,0,0,0,0,0,1,1,1,0,0,0,0,1,1,0,1,1,0,0,0,0,1,1,0,0,1,0,0,1,0,0,1,1,0,1,0,1,1,1,0,1,1,1,0,0,0,0,1,0,1,1,1,1,0,1,1,0,1,0,0,1,0,0,1,1,1
0,0,1,0,1,0,0,0,0,1,0,0,1,0,1,0,0,0,1,1,0,1,0,1,0,0,0,0,0,1,1,0,0,1,0,0,1,1,1,1,1,0,0,0,0,1,1,0,0,0,1,0,1,1,1,0,1,0,1,0,0,0,0,1,1,1,0,1,1,1,1,0,0,0,1,1,0,1,1,1,1,1,1,0,1,1,0,1,1,0,0,0,1,0,1,1,0,1,1,1,1
0,0,1,0,0,0,1,1,0,0,1,0,0,0,0,0,0,1,1,1,0,0,0,0,1,0,0,1,1,0,0,1,1,1,0,1,0,0,0,1,0,1,0,0,1,0,0,1,0,0,1,1,0,1,0,0,1,0,0,0,1,0,1,0,1,1,1,1,1,0,0,0,1,1,1,1,0,0,0,0,1,0,0,0,1,0,1,0,0,1,0,1,0,0,1,1,1,1,1,0,1
0,1,0,1,1,0,0,1,1,0,1,1,1,1,0,1,1,1,0,1,1,1,0,1,1,1,1,1,1,0,1,1,1,0,1,0,1,1,0,0,1,1,0,0,0,1,0,0,0,1,0,1,0,0,1,0,1,0,0,1,0,1,1,0,0,1,0,0,0,1,1,0,1,0,0,1,0,0,0,1,0,0,0,1,1,1,0,0,1,0,1,1,0,0,0,1,1,1,1,0,1
0,1,0,0,0,1,1,1,0,0,1,0,0,0,0,1,0,1,0,1,0,0,1,1,0,1,0,0,0,0,1,0,1,0,1,1,0,1,1,1,1,1,0,1,0,1,1,1,1,0,1,0,0,0,1,1,1,0,1,1,0,1,1,1,0,1,0,0,0,1,0,1,1,1,1,1,0,1,1,0,0,0,1,0,1,0,1,1,1,1,1,0,0,1,1,0,0,0,0,0,1
0,1,1,1,0,0,1,1,1,1,1,1,0,0,1,0,1,0,1,1,0,0,0,1,0,1,1,1,0,1,0,0,0,0,0,0,1,0,0,0,1,0,0,1,1,0,1,1,0,0,1,1,1,1,1,1,0,1,1,0,0,1,1,0,0,1,1,0,0,1,0,0,1,0,1,0,1,1,1,1,1,0,0,0,0,0,1,1,0,1,0,1,1,1,0,0,1,1,0,0,0
1,1,0,1,1,0,1,0,0,0,0,1,1,0,1,0,1,1,0,1,0,0,1,1,0,0,1,0,0,0,1,1,1,1,1,1,0,0,1,1,0,1,0,1,0,1,1,0,1,1,1,1,1,0,0,0,0,0,1,1,0,0,0,0,1,0,0,0,0,1,1,1,1,0,1,1,0,1,0,0,0,1,0,0,0,1,1,0,1,0,1,0,1,0,0,0,1,0,1,1,1
1,0,0,0,1,1,1,1,1,0,0,1,0,1,0,1,0,1,0,1,1,1,0,1,0,1,0,1,0,1,1,0,0,1,0,0,0,0,0,1,0,0,1,0,0,0,0,1,0,0,0,0,0,1,0,1,0,0,0,1,1,1,0,1,0,0,0,1,0,1,0,1,1,1,1,1,0,0,1,1,1,0,1,1,0,1,0,1,1,1,0,0,0,0,0,0,1,0,1,0,1
0,0,0,1,1,0,0,1,0,1,1,1,1,0,0,1,0,1,1,1,0,0,1,0,0,0,1,1,1,1,1,0,0,0,1,1,0,1,1,0,1,1,1,0,0,1,0,1,1,0,0,1,0,0,0,1,1,0,1,0,0,1,1,0,1,0,0,1,1,0,0,1,1,1,0,0,1,0,1,0,0,1,1,1,0,1,0,1,1,1,1,1,0,1,1,0,0,0,1,1,1
0,1,0,0,0,1,1,0,0,0,1,0,1,0,1,1,1,1,1,0,1,0,1,0,1,0,1,0,0,0,0,0,1,0,0,1,1,1,0,1,0,1,0,0,0,0,0,1,1,1,1,1,0,1,1,1,0,1,1,0,1,1,0,1,1,1,1,0,0,0,0,0,0,1,1,1,0,0,1,1,0,0,0,0,1,0,0,1,0,0,1,1,0,1,1,1,0,0,0,0,0
1,1,0,1,0,1,1,0,0,0,1,1,1,0,1,0,0,0,0,0,1,1,0,1,0,1,0,1,0,1,1,1,1,1,0,1,1,1,0,0,1,0,1,0,0,1,1,0,0,0,0,1,0,1,1,0,1,1,1,0,1,1,1,0,0,0,0,0,1,0,1,0,1,1,0,1,1,0,0,1,0,1,0,0,1,0,1,0,0,1,0,1,1,0,0,1,0,1,0,1,0
1,0,1,0,1,0,1,0,0,0,0,0,0,0,0,1,1,0,1,1,1,0,0,1,1,0,0,0,1,0,0,1,0,0,1,0,1,0,1,0,1,1,0,0,1,1,1,0,1,1,1,1,1,1,0,1,1,1,0,1,1,1,1,1,0,0,1,0,1,0,0,0,1,1,0,1,1,0,0,0,0,0,0,1,1,1,1,0,0,1,1,0,1,1,0,0,1,0,1,0,1
0,1,0,0,1,1,0,0,0,1,1,0,1,0,1,0,0,0,0,0,0,0,0,0,0,0,1,1,0,1,0,0,0,0,0,0,1,0,0,0,0,1,1,1,1,1,0,0,1,0,0,0,1,0,0,1,1,0,0,0,0,0,0,0,0,0,0,1,1,1,1,1,0,1,1,0,0,1,0,1,0,0,0,1,0,1,0,1,1,1,0,1,0,0,1,0,1,1,1,1,0
0,1,1,0,1,1,1,1,0,0,0,0,1,1,1,0,0,1,1,0,0,1,0,1,0,0,0,1,1,1,1,1,1,1,1,0,1,1,1,0,1,0,0,0,1,0,0,0,0,1,1,0,0,1,0,0,0,1,1,0,0,0,1,1,0,1,0,0,0,0,0,1,0,0,1,0,1,1,1,1,0,1,1,0,0,1,1,1,1,1,1,1,1,0,0,0,1,1,1,1,1
1,1,1,1,1,1,1,1,1,1,0,1,1,0,1,1,0,1,0,0,1,1,1,1,0,1,1,0,0,1,1,1,0,0,0,0,0,0,0,0,1,1,1,0,0,1,0,1,0,1,1,1,0,1,0,0,1,0,1,0,0,1,0,1,1,1,1,1,1,0,1,0,0,0,0,0,0,1,1,1,0,1,1,0,1,1,0,0,1,0,0,0,0,1,0,0,0,0,1,0,1
0,1,1,1,0,1,0,1,1,1,1,1,1,1,0,0,0,1,1,1,0,0,0,1,1,0,0,1,0,1,0,0,0,0,0,1,0,1,1,0,1,0,0,0,0,1,0,0,0,0,0,0,1,1,0,0,0,0,0,0,0,0,1,0,0,0,1,0,0,0,0,0,1,1,0,1,0,1,1,1,0,1,0,0,0,1,0,1,0,1,1,0,0,0,1,1,1,0,1,1,1
0,1,0,0,1,0,0,1,0,0,1,1,1,1,0,0,0,0,1,0,0,0,1,1,0,0,1,1,1,1,0,1,1,1,0,0,0,1,0,1,1,0,1,1,1,0,0,0,0,0,1,1,0,1,0,1,0,0,0,1,1,0,0,1,1,0,0,1,0,0,0,1,0,1,1,0,1,1,1,0,1,1,1,0,0,0,1,0,0,0,1,1,1,0,1,0,0,1,1,0,0
0,1,1,1,0,1,1,0,1,1,1,1,0,1,1,1,1,0,0,0,1,1,1,0,1,0,1,0,1,1,0,1,0,1,0,0,0,1,0,1,0,1,1,1,1,0,0,0,1,0,0,0,1,1,1,0,1,0,0,1,0,0,1,1,0,1,1,1,1,0,0,0,0,0,0,1,1,0,0,1,0,1,1,0,0,1,1,0,1,0,0,0,1,0,1,1,1,1,0,0,0
1,1,0,0,1,0,1,0,0,0,1,0,1,0,1,1,0,0,0,1,1,1,0,0,1,1,0,0,0,1,1,0,1,0,1,0,1,0,1,1,1,1,0,0,1,0,0,0,0,1,1,1,1,0,0,0,1,1,0,1,1,0,0,0,0,1,0,0,1,1,0,0,1,1,1,0,0,0,1,0,1,0,0,1,0,0,0,1,0,0,1,0,1,0,1,0,1,0,0,0,1
0,1,0,1,0,0,0,0,1,0,1,1,1,1,0,1,1,1,0,1,0,0,1,0,1,0,0,1,0,1,0,0,0,0,0,0,1,0,0,1,0,1,0,0,0,1,0,0,0,1,0,0,0,1,0,1,0,1,1,0,0,1,1,1,0,0,0,0,1,1,1,1,1,1,1,1,1,0,0,0,1,1,0,1,0,1,0,0,1,1,0,1,0,0,0,1,1,0,0,0,0
1,1,0,0,0,0,1,0,0,0,0,1,1,0,0,1,0,0,1,0,1,1,1,1,0,0,0,0,1,1,0,0,0,0,1,1,1,1,0,1,1,1,0,0,0,1,1,0,1,0,0,1,0,0,0,0,1,1,1,1,1,0,1,0,1,1,0,1,1,0,1,1,1,1,0,0,0,1,1,1,0,1,0,0,1,1,0,0,1,0,0,1,0,0,0,1,1,0,0,0,0
0,1,0,0,0,0,1,0,1,1,1,0,0,1,1,1,1,0,0,0,0,0,1,0,1,0,0,0,0,0,1,1,0,1,0,0,0,0,1,1,0,1,1,1,0,0,1,1,1,1,0,1,0,1,0,0,0,0,0,1,0,0,0,1,0,1,1,1,0,0,0,0,1,1,1,1,1,1,1,1,1,1,1,0,0,1,0,0,0,0,1,0,0,1,0,1,1,1,0,0,1
1,1,1,1,1,0,1,1,0,0,0,1,0,0,0,0,0,0,1,0,1,1,1,0,0,0,0,1,0,1,1,0,0,1,0,1,1,0,1,0,0,0,1,0,0,1,0,1,0,0,1,0,1,1,1,1,1,1,1,1,0,0,1,1,0,0,0,0,1,0,1,0,1,0,1,0,1,1,0,0,0,0,1,0,1,1,1,0,1,0,1,1,0,0,1,1,1,1,1,1,1
0,1,0,0,0,0,1,0,1,0,1,1,0,1,1,0,0,0,1,0,1,1,0,0,1,0,0,1,1,0,1,1,0,0,0,0,0,0,0,0,1,1,0,1,0,0,1,0,1,0,1,0,0,1,0,1,1,0,1,0,1,1,1,0,0,1,1,0,0,0,1,1,1,0,0,0,1,0,1,0,1,0,0,1,0,1,1,0,0,0,1,1,0,1,0,1,1,1,0,0,0
0,0,0,0,1,0,0,0,0,0,0,1,1,0,0,0,0,1,0,0,0,1,0,0,0,1,1,0,0,0,0,1,0,0,1,1,1,0,0,0,0,0,1,0,0,0,1,1,0,1,1,0,0,0,1,0,0,1,0,1,0,1,0,1,1,1,1,0,1,0,1,0,0,1,1,0,1,0,1,0,0,0,1,0,0,0,1,1,1,0,0,1,1,0,1,0,1,1,1,1,1
1,0,0,1,1,0,1,1,1,1,0,1,0,1,0,0,1,0,1,0,0,0,0,1,1,0,0,1,1,1,1,0,0,0,1,1,1,1,1,0,0,1,1,1,1,1,0,1,0,0,0,0,0,1,1,0,0,1,1,1,1,1,0,1,0,1,0,0,0,1,1,0,0,0,0,1,0,1,1,0,0,1,0,1,0,0,1,0,1,0,1,0,1,1,0,1,1,1,1,1,0
0,1,1,1,0,1,1,1,0,0,0,1,0,1,0,0,0,0,0,0,1,0,1,1,1,1,0,1,1,0,0,0,1,1,1,1,1,1,0,0,1,1,0,1,1,0,0,1,1,0,1,0,0,1,1,0,1,1,0,0,1,0,1,1,0,0,1,1,0,1,1,1,1,1,1,0,0,1,0,1,0,1,0,0,0,0,0,0,0,0,1,0,1,0,0,0,1,1,0,0,1
0,1,1,0,1,0,1,0,0,1,0,0,0,1,1,1,1,0,1,1,0,1,1,1,1,0,0,1,1,1,1,0,0,1,1,0,0,1,0,0,1,1,1,1,0,1,1,1,0,1,1,0,0,1,0,1,1,1,1,1,0,1,1,1,0,0,0,0,1,1,1,1,0,1,1,0,1,0,1,1,0,0,0,0,1,1,0,1,1,0,0,1,0,0,0,0,0,0,1,1,1
1,0,0,1,0,0,1,1,1,0,0,1,0,1,1,1,1,0,1,0,1,0,1,0,1,1,0,0,1,0,1,0,0,0,0,1,1,0,0,0,0,0,0,1,0,0,1,0,0,0,0,0,0,0,1,0,0,1,1,1,0,0,1,0,1,0,0,1,0,1,0,0,0,1,0,0,1,1,1,0,1,0,1,1,1,0,0,0,0,1,1,0,1,0,0,1,1,1,0,0,0
0,0,0,0,0,0,0,0,1,1,1,0,0,0,1,1,0,1,1,1,0,0,1,0,0,0,0,1,0,0,1,0,1,1,0,1,1,0,1,1,0,1,0,1,1,1,1,1,1,1,1,0,0,0,1,0,0,1,1,1,0,1,1,1,0,1,0,1,0,1,1,1,1,1,1,0,0,1,0,1,1,1,1,1,1,0,1,0,1,1,0,1,0,1,0,1,1,1,0,1,1
1,1,0,0,1,1,0,0,0,1,1,0,0,0,0,1,0,1,0,0,0,0,0,0,1,1,1,0,0,1,0,1,1,1,0,1,1,0,0,1,1,0,0,0,1,1,0,0,0,1,0,0,1,0,0,1,1,1,0,0,1,1,0,1,1,0,1,0,1,0,1,0,0,0,0,1,0,0,0,0,1,0,1,0,0,1,1,1,1,1,1,1,1,0,1,1,0,0,0,0,1
1,1,1,0,0,0,0,1,0,0,0,1,0,0,0,1,0,0,1,1,1,1,0,1,1,1,1,0,1,0,1,0,0,0,1,0,1,1,0,1,1,0,0,1,1,0,1,0,1,1,1,1,0,1,1,1,1,0,1,0,1,0,0,0,1,1,1,1,0,0,1,1,1,1,1,0,1,1,0,1,0,0,1,1,0,0,0,1,0,0,1,0,1,0,0,1,1,0,1,0,1
0,1,1,0,0,0,0,0,0,1,1,0,1,0,0,0,1,0,1,0,0,1,0,0,0,0,1,1,0,0,1,0,0,1,0,0,0,0,0,0,1,0,1,1,1,0,0,1,1,0,0,0,1,1,1,1,1,1,1,0,1,0,1,0,1,1,1,1,1,0,0,1,0,1,1,0,1,1,1,0,0,0,0,1,0,1,1,0,1,0,0,1,0,1,0,0,0,0,0,0,0
0,0,0,1,0,0,1,1,0,0,0,1,1,0,0,1,1,0,0,0,1,0,1,1,0,0,1,0,1,0,0,0,0,0,0,0,0,1,0,0,1,1,0,1,1,0,0,1,0,0,1,0,0,0,1,0,1,1,1,0,0,0,1,0,0,0,0,1,0,1,1,0,0,0,0,1,1,1,1,0,0,1,1,0,1,1,0,0,0,1,1,1,0,1,0,1,0,0,0,1,0
1,1,0,0,1,1,1,1,1,0,1,1,0,1,0,1,1,0,1,0,1,0,1,1,0,1,1,0,0,0,0,0,1,0,1,0,0,1,0,0,1,0,1,0,1,0,0,0,1,0,1,1,0,1,1,0,0,1,0,1,1,0,0,1,0,1,1,1,1,1,1,0,0,1,0,0,0,1,1,1,1,0,1,0,0,0,1,0,0,0,0,1,0,0,0,1,1,0,1,0,0
1,0,1,0,1,1,1,1,0,1,0,0,0,0,1,1,0,0,0,1,1,1,0,1,0,1,0,0,0,0,1,0,0,1,0,0,0,0,1,1,0,1,0,1,0,0,0,0,1,1,0,0,0,1,1,0,1,0,1,0,1,0,1,1,1,1,1,1,1,1,0,1,1,0,1,1,1,1,0,1,0,0,1,1,0,1,1,1,0,1,1,1,0,0,1,1,1,1,1,1,1
1,0,0,1,1,0,0,1,1,0,1,1,1,1,1,1,0,0,0,0,0,1,1,0,0,1,1,1,1,0,0,0,1,1,0,0,1,1,1,1,0,1,0,0,1,0,0,1,0,0,0,0,1,1,1,1,1,1,0,0,1,0,0,1,1,1,0,0,0,0,1,1,0,0,1,0,1,0,1,0,0,1,0,0,1,1,0,1,1,0,0,1,1,1,1,1,1,1,1,0,0
1,1,1,1,0,0,1,0,0,0,0,0,0,1,0,0,1,1,1,0,1,0,0,0,1,0,1,0,1,0,0,1,1,1,1,1,1,0,0,0,1,0,0,0,0,1,1,1,0,0,0,1,0,1,0,0,1,0,0,1,0,0,1,1,1,0,1,1,0,0,1,1,0,1,0,0,0,0,0,0,1,0,1,0,0,0,1,1,0,0,1,1,0,1,0,1,1,1,0,1,1
1,1,0,0,0,1,1,1,1,1,0,0,0,0,1,1,0,1,1,0,1,0,1,0,1,1,0,0,0,1,1,0,0,1,1,1,1,1,0,0,0,0,1,0,1,1,0,1,1,0,0,1,0,0,1,0,1,1,0,0,1,0,0,0,1,0,0,0,0,1,1,0,1,1,1,1,1,1,0,1,0,0,0,1,0,1,1,1,1,1,0,1,0,0,0,1,1,1,1,0,1
0,1,1,0,1,0,0,1,0,0,0,0,0,1,1,0,0,1,1,1,0,0,1,0,0,0,0,1,1,0,0,1,0,1,1,0,1,1,1,0,1,1,0,1,0,1,0,1,0,0,0,1,1,1,1,0,1,0,0,1,0,0,1,1,0,0,1,0,0,0,0,0,1,0,0,1,1,1,1,0,1,0,0,1,1,0,0,0,1,1,1,0,1,0,0,1,1,0,0,0,1
0,0,0,0,0,0,0,1,1,1,0,0,0,0,0,1,1,1,0,0,0,0,0,0,1,1,1,1,1,0,0,0,1,0,0,1,0,0,1,0,1,1,0,1,1,0,0,1,0,1,0,1,0,1,1,0,1,0,1,1,1,0,1,0,0,0,1,0,1,1,0,0,0,0,0,1,0,0,0,0,0,1,1,1,1,0,1,0,1,0,1,1,1,0,0,1,1,0,1,0,1
1,1,1,1,0,0,1,1,1,0,0,0,0,1,1,1,0,0,1,1,0,0,1,0,0,1,1,1,1,1,0,0,0,0,1,0,1,1,0,1,0,0,0,1,0,1,1,1,0,0,1,1,0,0,0,1,0,0,1,1,0,0,1,1,1,0,1,1,1,1,1,0,1,1,1,1,0,1,0,1,1,0,0,0,1,0,0,0,1,0,0,1,1,0,0,1,1,0,1,0,0
1,1,0,0,0,1,0,1,1,1,1,1,0,1,0,1,0,0,1,1,1,1,0,0,1,0,0,0,1,1,0,0,1,0,0,0,1,0,0,1,1,0,0,1,0,0,1,1,0,1,0,1,0,0,0,1,0,0,1,0,0,0,0,1,1,1,1,0,1,1,0,0,0,0,1,1,1,1,1,0,1,0,0,0,1,1,0,0,1,1,0,0,0,1,1,0,0,1,0,0,1
1,1,1,0,0,0,0,0,1,1,0,0,0,1,1,1,0,1,1,0,1,0,0,0,0,1,1,0,0,1,1,1,0,0,0,1,1,0,0,1,1,1,1,1,0,0,1,1,0,1,0,1,0,0,0,0,1,1,0,1,0,0,0,1,1,0,1,0,1,0,1,1,1,1,1,0,0,0,1,0,1,0,0,1,1,1,1,0,0,0,0,0,1,1,1,0,0,1,1,0,1
1,1,0,0,1,0,0,0,1,1,1,0,0,0,1,0,1,0,1,0,0,1,1,1,1,1,0,1,0,0,0,1,0,0,0,0,1,1,0,1,0,0,0,1,0,1,0,0,0,1,0,1,1,0,0,0,1,1,1,1,1,1,1,1,1,0,1,1,0,1,0,0,1,0,0,0,1,0,1,0,0,0,1,0,0,1,1,1,0,1,1,0,0,0,1,1,0,1,1,1,0
1,0,0,0,1,0,1,0,0,0,1,1,1,1,0,1,1,1,1,0,1,0,1,1,1,0,1,1,1,1,1,0,1,0,0,0,0,1,0,0,0,0,1,0,1,0,1,1,0,1,1,0,0,0,1,0,0,0,0,0,0,0,1,1,1,0,1,1,0,0,1,0,0,1,1,0,0,0,0,0,0,0,1,0,0,0,0,0,1,1,1,0,0,0,0,0,1,0,0,1,1
0,0,0,1,0,1,0,0,0,1,1,1,1,0,0,0,0,0,0,0,1,0,1,0,1,0,1,1,1,1,1,1,1,0,0,0,1,1,1,1,0,0,0,0,1,1,0,0,1,0,0,0,0,1,1,1,0,0,0,0,0,0,1,0,0,0,1,1,0,0,1,0,0,1,1,0,1,1,0,1,0,1,0,0,1,0,1,1,0,0,1,1,1,0,1,0,1,1,1,0,0
0,1,1,0,0,1,1,1,1,0,0,0,0,1,1,0,0,0,1,1,1,0,1,1,1,0,1,0,0,1,0,1,1,0,0,0,0,1,0,1,0,1,0,1,0,1,0,1,0,0,1,0,1,0,1,0,0,0,1,1,0,1,0,0,0,0,1,0,0,0,0,1,1,1,1,1,0,1,1,1,1,0,0,1,0,1,1,1,1,0,1,0,1,0,1,0,0,0,1,0,0
0,1,0,0,0,0,1,1,1,1,1,0,0,0,1,1,0,1,0,1,0,0,0,1,0,0,0,0,0,0,1,1,1,0,0,1,0,0,0,1,0,0,1,0,1,1,1,0,0,0,0,0,0,0,1,1,0,0,1,0,1,0,1,1,1,1,0,0,1,1,0,1,1,0,1,1,0,1,0,1,0,0,1,1,0,0,0,1,0,1,1,0,1,0,1,0,0,0,0,0,0
1,1,1,1,1,0,1,1,1,1,1,0,1,0,1,1,0,0,1,1,1,1,0,0,1,0,1,1,0,1,1,0,1,1,0,0,0,0,0,0,0,1,1,1,1,1,1,0,0,1,1,0,1,1,0,1,1,1,0,1,0,1,1,0,0,0,1,1,0,1,0,1,0,0,1,0,0,1,1,1,1,0,1,0,1,0,1,1,1,0,1,1,0,1,1,1,1,0,0,0,0
0,0,1,1,1,0,0,1,0,0,0,1,0,1,1,1,0,0,1,1,0,1,0,1,1,1,0,1,1,1,1,0,0,1,0,1,0,1,0,0,1,1,1,1,1,1,0,0,1,1,1,1,1,0,1,1,1,1,0,1,1,0,1,1,1,0,1,1,1,1,1,1,1,0,1,1,0,0,1,0,0,0,0,1,1,0,0,1,0,1,1,1,0,1,1,1,1,0,1,0,1
1,0,1,0,0,1,0,0,0,1,0,1,1,0,0,0,1,1,0,0,0,0,0,1,1,1,0,0,0,1,0,1,0,1,1,1,0,0,0,0,1,0,0,1,1,1,1,1,1,0,0,1,0,0,1,1,0,0,0,1,0,1,1,0,0,0,0,0,1,0,1,0,1,0,1,0,0,0,0,0,1,0,1,0,0,1,1,1,0,1,0,1,0,0,1,1,1,0,0,0,1
0,1,0,0,1,1,1,0,0,1,1,0,1,0,0,1,1,1,1,1,0,1,0,0,1,1,0,1,1,1,1,0,0,1,1,0,0,0,1,0,1,0,0,1,1,0,0,1,1,0,1,0,1,0,0,0,1,1,1,1,1,0,0,0,1,1,1,1,0,0,0,0,1,0,1,0,1,0,0,1,1,1,1,0,1,0,1,0,0,0,0,1,0,1,1,0,0,1,0,0,1
1,0,0,0,1,1,1,0,0,0,0,1,1,1,0,1,0,0,0,1,1,0,1,0,1,0,0,1,0,1,0,0,1,0,0,1,0,0,0,0,0,0,1,1,0,1,0,1,1,0,0,1,0,0,1,1,1,1,0,1,1,1,0,0,0,0,1,0,1,1,1,0,0,1,1,0,0,1,0,1,1,1,1,0,0,1,0,0,0,1,1,1,1,1,1,1,1,1,0,0,1
1,1,1,1,0,1,0,1,1,1,1,0,0,1,0,0,0,0,1,1,0,0,1,1,1,1,0,1,1,1,0,1,0,1,0,0,1,0,1,0,1,1,0,0,1,1,1,1,0,0,0,1,0,0,0,1,1,0,1,1,0,1,0,1,0,1,0,0,1,1,0,0,0,1,0,1,1,0,1,0,1,0,0,0,1,1,0,1,1,0,0,0,1,1,0,1,1,0,1,0,1
1,0,1,1,1,1,1,0,1,1,1,1,0,1,1,1,0,1,0,0,0,1,0,0,0,1,0,1,1,1,1,0,1,1,1,0,1,0,0,0,1,0,1,0,0,1,0,1,0,0,0,1,1,0,1,0,1,0,0,1,1,0,0,1,1,0,0,0,0,1,1,0,1,1,1,1,0,1,1,1,1,0,1,1,0,1,0,1,0,0,0,1,1,0,1,0,0,0,1,0,1
1,0,0,0,0,1,0,1,1,1,0,1,1,0,1,0,0,0,1,1,1,0,0,0,1,0,0,1,0,1,0,1,1,1,1,1,0,1,0,1,0,1,0,1,0,1,0,0,1,0,0,1,0,1,0,1,0,1,0,0,1,1,0,1,0,1,0,1,1,0,0,1,0,0,0,0,0,0,0,0,0,1,0,0,0,1,0,0,0,0,1,1,0,0,0,0,0,1,0,0,1
1,0,1,0,1,1,1,0,1,1,0,1,0,0,0,0,0,0,1,1,0,0,0,0,1,0,1,1,1,0,0,1,0,0,0,0,0,0,1,0,1,1,0,1,0,1,1,0,1,0,1,1,1,0,0,0,0,1,0,1,1,1,1,0,1,0,0,1,0,0,1,1,0,0,1,1,0,0,0,1,1,1,0,1,1,1,1,0,1,1,1,1,0,0,0,1,1,1,1,0,1
1,0,1,0,0,0,1,0,0,0,1,1,0,0,1,0,1,0,1,1,1,0,0,1,0,0,1,0,0,0,0,1,1,1,1,1,1,1,1,1,0,0,1,1,0,1,1,1,1,1,0,1,1,1,1,0,0,0,0,1,0,0,0,1,0,0,0,0,1,0,0,0,1,1,1,1,1,0,1,0,0,1,0,0,1,0,0,1,1,0,0,0,0,1,1,0,0,1,0,1,1
1,1,0,1,1,0,0,0,1,1,1,1,0,1,0,1,1,1,0,1,0,1,0,1,1,1,0,0,1,1,1,1,1,0,1,0,1,0,0,1,1,1,0,1,1,1,1,1,1,1,0,1,0,0,1,1,0,0,0,1,1,0,0,0,1,1,1,1,1,0,0,0,1,0,1,1,0,1,1,1,0,1,0,1,0,0,1,0,1,0,1,1,0,0,0,1,0,0,1,0,1
1,0,0,1,1,1,1,1,1,1,1,1,1,1,1,1,0,0,0,0,1,1,1,0,0,1,0,0,0,0,1,0,1,1,1,1,0,1,1,0,1,0,1,1,1,1,0,0,1,1,0,0,1,0,0,1,0,1,1,0,1,1,1,0,0,0,0,0,1,0,0,0,1,0,1,1,1,0,0,0,1,1,0,0,1,1,1,0,0,1,1,0,0,1,0,1,0,1,1,0,1
1,0,0,1,0,1,1,1,1,1,0,1,1,0,0,0,1,1,0,0,0,0,1,1,0,0,0,1,1,1,1,1,0,0,1,0,1,1,1,0,1,1,1,0,1,1,0,1,1,0,0,1,1,1,1,0,0,1,1,1,0,0,0,0,0,0,1,1,0,1,1,0,0,1,1,0,1,1,0,1,1,0,1,0,1,1,1,0,0,1,1,0,1,1,0,1,0,1,0,1,0
0,1,1,1,0,0,0,0,0,0,0,0,0,0,0,1,0,1,1,1,1,0,0,0,0,0,0,0,1,1,1,1,1,0,1,0,1,1,0,1,0,1,1,0,0,0,1,1,0,0,0,0,1,1,1,0,1,0,1,1,0,0,0,0,0,0,0,0,0,0,1,1,0,1,1,0,1,0,1,1,1,1,1,1,1,0,0,1,0,1,1,1,1,0,1,1,1,1,0,1,1
1,1,0,0,0,1,0,0,1,1,0,0,0,1,0,1,1,1,1,1,1,0,1,1,0,0,1,1,0,1,1,1,0,0,1,1,0,1,0,1,0,1,1,0,0,0,0,1,1,0,0,1,1,1,0,0,1,0,0,1,1,0,0,0,0,0,1,1,0,1,1,0,1,0,0,0,1,1,0,0,1,0,0,1,1,0,0,1,1,0,1,0,1,0,1,0,0,1,0,1,1
0,0,1,0,1,0,0,0,0,1,1,1,0,0,1,1,0,1,1,1,1,1,0,1,1,1,1,0,0,0,1,0,0,1,0,1,0,0,0,1,1,1,0,0,1,0,1,0,0,0,0,1,0,1,1,1,1,1,1,0,0,1,1,0,1,0,0,0,1,1,1,1,1,1,0,0,0,0,0,0,0,0,1,1,0,0,1,0,1,1,0,0,0,1,1,1,1,0,0,0,1
0,1,0,0,0,1,0,0,0,1,1,0,1,0,0,1,0,0,0,1,1,1,0,1,0,0,1,0,0,0,1,1,0,0,1,0,0,1,0,1,1,0,1,1,1,1,1,1,1,0,1,1,0,1,1,0,0,1,0,1,1,1,1,1,0,1,0,0,1,0,1,0,0,1,0,1,1,0,1,1,1,0,0,1,1,0,1,0,1,0,0,1,0,1,0,1,0,1,0,1,0
1,1,0,0,1,1,0,1,1,1,1,1,0,0,1,1,1,0,0,1,1,0,1,1,0,0,1,0,0,0,1,1,0,0,0,1,0,0,1,0,0,0,0,0,1,0,0,0,0,0,1,0,1,0,1,0,0,1,0,1,0,1,0,0,1,1,0,0,0,0,1,1,1,1,0,0,1,1,1,1,0,0,0,1,1,0,0,1,0,0,1,1,0,1,0,0,1,1,1,0,1
0,0,1,0,0,0,1,0,0,0,0,1,1,1,0,0,0,0,1,1,1,1,1,0,1,1,1,1,1,1,1,0,0,0,0,1,1,0,1,0,0,1,1,0,0,1,1,0,1,1,1,1,0,0,0,0,0,1,0,1,0,1,1,1,1,1,0,0,1,1,1,1,1,1,1,1,1,0,1,1,0,0,1,1,1,1,1,1,1,0,0,1,1,0,0,1,0,1,1,1,1
1,1,1,1,1,0,1,0,0,1,1,0,0,1,1,0,0,1,1,1,0,1,1,0,1,1,0,1,1,0,0,1,0,1,0,1,0,0,0,0,0,0,0,1,0,0,1,0,0,0,0,1,1,0,1,1,1,0,1,0,0,1,0,0,0,0,0,1,0,1,0,1,1,0,1,1,0,1,0,1,1,1,1,0,1,0,1,0,1,0,1,1,1,1,0,1,1,1,0,1,1
1,0,1,1,0,1,1,0,0,0,0,0,1,0,0,0,0,1,1,1,1,1,0,1,0,0,0,1,0,1,1,0,0,1,1,0,1,1,0,0,1,1,1,1,1,1,0,1,1,0,1,1,0,1,0,0,0,1,0,1,0,1,1,1,0,1,0,1,0,0,1,0,0,0,0,0,0,1,0,0,0,0,1,1,1,1,0,1,0,0,1,1,1,0,0,0,0,1,1,1,0
0,0,1,1,1,0,1,1,0,0,1,0,0,0,1,0,1,1,1,0,1,1,1,1,1,1,1,1,1,1,1,1,1,1,1,0,0,0,0,0,1,0,1,0,1,1,1,0,1,0,1,0,1,0,1,0,1,1,0,1,1,0,1,0,0,0,1,0,0,0,1,1,0,0,1,1,1,1,0,1,0,1,1,1,1,1,0,0,0,1,0,0,0,0,0,0,0,0,1,1,1
0,1,1,0,1,1,1,1,0,0,1,0,0,0,0,1,1,0,1,0,1,0,0,1,1,1,0,0,1,0,1,1,1,1,0,0,1,0,1,0,0,0,1,0,1,0,1,1,0,0,0,0,1,1,1,1,0,1,1,1,0,1,1,0,1,1,1,0,1,0,1,1,0,1,1,1,1,0,1,0,0,0,1,0,0,1,0,1,1,0,1,0,0,0,1,0,1,1,1,0,1
0,1,0,1,1,0,0,0,0,1,0,1,0,1,1,1,1,1,0,0,0,0,0,0,1,1,0,1,1,1,1,0,1,1,0,0,0,0,1,0,0,1,1,1,0,0,1,0,1,1,1,0,1,1,0,0,1,1,0,1,1,1,0,0,1,1,1,0,1,1,1,0,0,0,0,1,1,1,1,0,1,0,0,1,1,1,0,0,1,0,1,0,1,1,1,1,1,0,1,0,1
0,0,1,0,1,1,1,1,1,1,0,1,0,0,1,0,1,1,0,1,1,1,0,0,0,0,0,1,1,1,1,0,0,1,0,0,1,0,0,0,1,1,1,0,1,0,0,0,1,0,0,0,0,1,0,1,1,0,1,1,0,1,0,1,1,0,1,1,1,1,0,1,1,0,0,0,0,1,0,0,0,1,1,1,1,1,0,1,0,0,1,1,1,0,1,0,0,1,0,0,0
0,1,0,0,1,0,0,1,0,0,1,1,0,1,0,0,1,1,1,0,0,1,0,0,0,0,0,1,0,1,0,1,0,1,0,0,1,1,1,0,1,0,1,0,0,1,1,0,1,1,0,0,0,0,0,1,1,1,0,1,1,1,0,1,0,0,1,1,0,1,1,1,0,1,1,1,1,0,1,0,0,0,0,1,1,0,1,0,1,0,0,0,0,1,1,0,0,0,1,0,1
1,0,0,1,1,1,1,0,1,1,0,1,1,0,1,0,0,0,1,0,1,0,1,1,1,1,1,1,0,0,1,1,0,0,1,1,1,1,0,1,1,1,0,0,1,1,0,0,0,0,1,1,1,1,0,0,1,1,1,0,0,0,0,1,1,0,1,1,1,0,0,0,0,1,0,1,0,0,1,1,0,1,1,1,0,1,0,0,0,0,0,1,0,0,1,1,0,0,0,0,0
0,0,1,1,0,1,1,0,0,0,0,1,1,1,0,1,1,1,1,1,1,1,1,0,0,1,1,1,0,1,1,0,1,0,1,0,1,1,1,0,0,1,1,1,1,0,1,1,1,1,1,0,0,0,1,0,0,1,1,0,1,0,0,1,0,1,1,1,0,0,0,0,1,1,0,0,0,0,0,1,0,1,0,0,0,1,1,0,1,0,1,0,0,0,0,0,1,0,0,0,0
1,1,1,1,0,1,0,0,0,1,1,0,0,1,0,0,1,1,0,0,0,1,1,1,0,0,0,0,1,0,1,1,0,1,1,0,0,1,1,0,1,1,1,1,0,1,1,1,1,1,0,0,1,1,1,1,1,1,0,0,1,0,0,1,0,0,1,0,0,0,1,0,0,0,0,0,1,1,0,1,0,0,0,1,1,1,1,0,0,1,1,0,1,1,1,1,0,1,0,0,1
1,0,1,1,1,0,1,1,1,1,1,0,0,1,1,1,1,0,0,1,1,1,1,0,1,1,0,1,1,1,0,1,1,1,0,0,0,1,0,0,0,0,1,1,1,1,0,1,1,1,0,1,0,0,1,0,1,1,1,1,0,0,0,0,1,1,0,1,0,0,0,1,1,1,0,0,0,0,1,1,0,1,1,1,1,0,1,0,1,0,0,1,1,0,0,1,1,0,0,1,1
1,0,1,1,0,1,1,1,1,1,1,1,1,0,1,1,0,0,0,0,0,0,1,1,1,0,0,0,1,1,0,1,0,1,1,1,0,0,0,0,1,0,1,0,1,0,0,1,0,0,1,1,0,0,1,1,0,1,1,0,0,0,1,1,1,0,0,0,1,0,0,0,0,0,1,0,1,1,0,0,0,0,1,0,1,0,1,0,0,1,1,0,1,1,1,0,1,1,0,1,1
0,1,1,0,0,0,0,1,0,0,1,1,0,1,0,0,1,1,0,0,0,0,0,1,0,0,0,1,1,0,1,1,0,0,0,0,1,0,1,1,0,1,0,0,0,0,1,0,0,1,0,0,0,1,1,1,1,1,1,1,1,1,0,1,0,0,1,1,1,0,1,1,0,1,0,1,0,1,1,0,1,1,1,0,0,1,0,0,0,0,0,1,0,0,1,1,0,1,1,1,1
1,1,0,0,0,1,1,0,0,0,0,0,1,0,1,1,0,0,0,1,1,1,0,1,0,1,1,0,0,1,0,0,0,1,0,0,0,0,1,1,0,0,1,0,1,1,1,0,1,0,1,1,0,1,0,1,1,1,0,0,0,0,0,1,0,0,1,0,0,0,1,1,0,0,0,1,1,0,1,0,1,0,0,1,0,1,0,1,1,1,0,1,0,0,1,1,0,0,0,1,0
1,1,0,0,1,1,1,1,1,1,0,1,0,0,0,0,1,1,0,0,0,1,0,0,1,1,0,0,0,1,0,0,0,1,0,0,1,0,0,1,0,1,1,0,0,1,1,1,0,0,1,1,1,0,1,0,1,0,1,1,1,1,0,0,1,1,1,1,1,0,1,0,0,0,1,0,0,0,1,1,1,1,1,1,0,0,0,0,1,0,0,1,1,1,0,1,1,1,1,0,1
1,1,1,1,0,1,0,0,1,1,1,1,1,0,0,0,1,1,1,0,0,0,0,1,0,0,0,1,0,1,0,0,0,1,0,1,1,1,0,0,1,0,1,0,0,1,0,1,1,0,1,0,0,0,1,1,0,1,0,1,1,0,0,0,1,0,0,0,1,0,1,0,0,0,0,0,0,1,1,0,1,1,0,0,0,1,1,1,0,1,0,1,0,0,1,0,1,1,1,0,0
1,1,0,0,1,1,1,0,1,0,0,0,1,0,1,1,0,1,1,0,1,1,0,0,0,0,1,0,0,1,0,0,0,1,0,0,0,0,0,1,0,0,0,1,0,1,0,0,1,1,0,1,1,0,0,0,0,1,0,1,1,0,1,1,0,1,0,0,0,1,0,0,1,1,1,1,1,1,0,0,1,0,1,1,0,0,1,0,0,0,0,1,1,1,0,1,1,1,0,0,0
0,1,1,1,1,0,0,1,1,1,1,0,1,0,1,0,0,1,0,1,1,0,0,0,0,0,1,1,0,0,1,1,1,1,1,1,0,0,0,1,0,1,0,1,0,0,1,1,0,1,0,0,1,0,0,1,0,1,0,0,0,1,0,1,0,0,0,0,1,0,0,0,1,0,1,0,0,0,0,0,0,1,1,1,1,0,1,1,1,1,0,0,0,1,1,0,0,1,0,0,1
0,1,0,0,1,1,0,0,0,0,1,0,0,1,0,0,1,1,0,1,0,1,0,0,0,0,0,1,0,1,1,1,0,0,0,0,0,1,1,0,0,0,0,1,1,1,1,1,0,1,0,0,0,0,0,0,0,0,0,0,1,0,1,1,1,0,1,0,0,0,1,1,0,0,1,0,1,1,1,0,1,1,0,0,0,0,0,0,1,1,0,0,1,1,1,1,0,1,1,1,1
0,1,0,0,1,0,1,1,0,0,0,1,0,0,1,0,0,1,0,1,1,0,1,1,0,0,1,0,1,1,0,0,0,1,1,0,1,1,0,0,0,1,0,0,0,1,0,1,0,1,0,0,1,0,0,0,0,0,0,0,1,1,0,1,1,1,0,0,0,0,0,0,1,1,1,1,1,1,0,1,0,0,1,0,0,0,0,1,0,1,1,1,0,1,1,1,0,0,1,1,0
0,0,0,0,0,1,0,1,0,1,0,1,1,1,0,0,1,1,0,1,1,1,0,0,1,1,1,0,0,0,0,1,1,0,1,0,0,0,0,0,1,1,0,0,0,1,0,0,1,1,0,0,0,0,0,1,0,1,0,1,1,1,0,0,0,1,1,0,1,0,0,1,1,1,1,1,1,1,0,1,1,0,0,0,0,0,1,0,1,0,1,1,1,1,0,1,1,1,0,1,1
1,0,0,1,1,0,1,0,1,0,0,1,1,1,0,1,1,0,1,1,1,0,1,1,0,0,0,1,0,1,0,1,1,0,0,0,0,1,1,0,1,1,1,0,0,1,1,1,1,1,1,0,0,0,0,0,0,1,0,1,1,1,1,1,0,0,0,1,0,0,1,0,1,1,1,0,0,1,1,1,0,1,1,1,0,1,0,0,0,0,1,0,1,1,0,0,1,1,1,0,1
1,0,1,0,0,0,1,0,1,0,1,0,0,1,0,0,1,1,1,1,0,0,1,0,1,0,0,1,0,0,0,1,1,0,0,0,0,0,1,1,0,1,0,1,0,0,1,0,0,0,0,0,1,1,1,0,0,1,1,1,0,1,0,0,0,0,0,1,0,1,0,0,1,1,1,0,0,0,0,1,0,0,1,1,1,1,1,0,1,1,1,1,1,0,1,1,0,0,1,0,1
1,0,0,0,1,0,1,0,0,0,1,0,0,0,0,1,0,0,0,1,0,1,1,0,1,1,1,1,0,1,1,1,1,1,1,0,1,0,0,0,0,1,0,1,0,0,1,0,0,1,0,0,0,1,0,1,1,1,0,1,0,1,0,1,0,0,1,0,1,0,1,0,0,1,1,0,0,0,0,0,0,0,0,1,1,1,0,1,0,0,0,1,0,1,1,0,0,0,0,1,1
0,0,1,0,0,1,0,1,0,0,1,0,1,0,0,0,1,1,0,0,1,1,1,0,0,0,1,0,1,1,0,1,0,0,1,0,0,0,1,1,1,0,1,1,1,1,0,0,1,1,0,1,1,1,1,1,0,1,1,0,1,1,1,0,0,1,1,0,0,1,0,1,1,1,1,0,0,0,1,1,0,0,1,0,0,1,1,0,0,0,1,1,0,0,0,1,0,1,0,1,1
1,1,0,0,0,1,0,0,0,0,1,1,1,0,1,1,1,0,1,1,0,1,0,1,0,0,0,1,1,1,1,1,0,1,1,1,0,0,1,1,0,0,0,1,1,1,1,1,1,1,0,1,0,0,1,0,0,1,0,0,0,0,0,0,0,1,0,1,1,0,0,1,0,0,1,0,0,1,0,0,0,0,1,0,1,0,0,0,1,0,0,0,1,0,0,0,1,1,1,0,1
1,1,1,0,1,1,1,0,0,1,1,0,1,1,0,1,0,1,0,0,0,0,1,0,0,0,1,1,1,1,0,0,1,0,0,0,1,1,0,1,0,0,1,1,0,0,0,1,0,1,0,0,1,0,0,1,0,0,0,0,0,1,0,1,1,0,0,1,1,0,1,0,0,0,1,0,1,1,1,1,0,0,0,1,0,0,1,1,0,1,1,1,0,0,0,1,0,0,1,1,1
1,1,1,1,0,1,0,1,1,0,0,0,1,0,0,0,1,1,0,0,1,0,1,0,0,1,0,0,0,1,1,1,1,0,1,1,1,1,0,1,0,1,0,1,0,0,0,0,0,1,1,0,1,1,0,0,0,0,0,1,1,1,0,1,0,0,0,1,0,0,0,0,0,0,1,1,0,1,1,1,0,0,0,0,1,1,1,1,1,1,1,1,0,1,0,1,0,0,0,1,1
0,1,0,0,0,1,0,1,1,1,0,1,1,1,0,0,0,1,0,0,1,1,1,1,0,0,1,0,1,1,0,0,1,1,0,0,0,0,1,1,0,0,1,0,1,0,0,1,0,1,1,0,0,1,1,0,0,1,0,1,0,1,0,0,1,0,1,1,1,1,1,0,0,0,0,1,1,0,0,1,1,0,0,1,1,0,0,0,1,1,1,1,0,0,0,0,0,1,0,1,1
0,0,0,0,0,0,1,1,1,1,1,0,1,0,1,0,0,0,1,0,0,1,1,1,1,0,0,1,1,1,0,0,0,0,0,1,0,1,1,0,0,1,1,0,1,1,1,1,0,1,0,1,0,0,1,1,0,0,0,1,0,0,1,0,1,1,0,1,0,1,1,0,1,1,1,1,0,1,1,1,0,1,1,1,0,1,0,0,0,0,0,1,1,0,0,1,1,1,0,0,0
1,0,0,0,0,0,0,1,1,0,1,1,0,1,1,1,0,0,0,1,1,1,0,1,0,0,1,1,0,0,1,0,0,0,0,1,1,1,0,1,0,0,1,0,0,1,0,1,1,1,1,1,0,1,1,0,1,0,1,0,0,1,0,1,0,1,0,0,0,1,1,1,0,0,1,1,1,1,1,1,1,0,1,0,0,1,1,0,0,0,0,1,1,1,1,1,1,1,1,0,0
0,1,1,0,0,1,0,1,0,0,1,1,1,1,0,0,1,1,0,0,0,1,1,1,1,0,1,0,1,0,0,1,0,1,1,1,0,1,0,0,1,0,1,0,0,1,0,1,0,1,1,0,0,0,1,1,0,1,1,0,1,1,1,1,1,1,1,0,1,0,1,0,1,0,0,0,0,1,0,0,1,0,1,1,0,1,1,0,1,0,1,1,0,1,1,0,1,1,0,0,1
1,1,1,0,0,1,0,1,1,1,1,0,1,0,0,0,0,0,1,1,1,0,1,1,1,1,0,0,1,0,0,0,0,0,1,1,1,0,1,1,1,1,0,0,1,0,1,0,0,1,1,1,0,1,0,1,0,1,0,1,0,0,1,1,1,0,0,1,0,0,0,1,0,1,0,1,0,1,0,1,0,0,0,0,1,0,1,0,1,0,0,0,0,1,1,0,1,1,0,0,1
0,1,0,1,1,0,1,0,0,1,0,1,0,1,1,1,0,1,0,1,1,1,0,1,0,1,0,0,0,0,1,1,0,0,0,0,0,1,1,1,0,0,0,1,0,0,1,1,1,0,0,1,1,0,0,1,1,0,0,0,1,0,1,0,1,0,1,0,1,0,1,1,1,0,1,1,0,1,0,1,0,1,1,1,0,1,0,0,0,0,0,1,0,0,1,1,1,0,1,1,1
1,1,0,1,1,0,1,1,1,1,1,1,0,1,1,1,0,1,1,1,1,0,0,1,0,0,0,0,1,0,0,0,0,1,1,0,0,1,0,1,1,0,1,0,0,1,1,0,1,0,0,1,1,0,1,0,0,0,0,0,0,0,1,1,0,1,0,0,1,1,1,1,1,1,1,0,1,0,0,1,0,1,0,0,0,1,0,1,1,0,1,0,0,1,1,0,1,0,1,1,1
0,0,1,1,0,1,0,0,0,0,0,0,0,1,0,1,1,1,1,0,1,0,0,1,1,1,1,1,0,1,1,0,1,0,1,0,0,1,1,1,0,0,1,0,0,1,1,1,0,1,0,1,1,1,0,1,0,0,0,0,1,0,0,0,0,1,0,1,0,1,1,0,0,1,0,1,0,0,0,0,0,1,0,1,0,1,0,1,0,1,0,1,1,0,0,1,1,0,1,0,1
0,0,0,0,1,0,0,0,1,1,1,1,1,0,1,0,0,0,0,1,1,0,0,1,0,0,1,1,1,1,0,1,1,1,0,0,1,0,1,0,1,0,0,0,0,0,1,0,0,1,0,0,1,1,0,1,1,1,1,0,1,1,0,0,0,0,1,1,0,1,0,1,0,0,0,0,1,1,0,0,0,0,0,1,1,0,1,0,0,0,0,0,0,1,0,0,1,1,1,0,0
0,1,0,1,0,0,1,0,0,1,1,1,1,1,1,0,0,1,0,0,0,0,1,1,0,1,0,1,1,1,0,0,1,0,1,1,1,0,0,0,0,1,0,1,1,1,0,0,1,1,1,1,1,1,1,1,1,1,0,0,1,0,1,1,1,0,1,0,0,0,0,1,1,0,0,1,0,0,1,0,0,0,0,0,1,0,0,1,1,0,1,0,0,1,1,1,0,0,0,0,0
1,0,1,0,1,0,0,1,1,1,1,1,1,0,1,1,0,0,0,0,0,0,1,1,1,1,0,0,1,1,0,1,1,0,1,1,0,1,0,1,0,1,0,1,1,0,0,0,1,0,0,0,1,1,1,1,0,1,1,0,0,0,0,1,0,0,1,1,0,0,0,1,1,1,0,0,1,1,1,1,0,0,0,1,0,0,1,0,1,0,0,1,1,0,1,1,1,0,0,1,1
0,0,0,0,1,0,0,0,1,0,1,0,0,1,1,0,1,0,0,0,0,0,0,1,0,0,0,0,0,0,0,1,1,1,0,0,0,1,0,0,0,1,1,1,1,0,1,1,0,1,1,0,1,0,0,1,0,1,1,1,1,1,0,0,1,0,1,0,0,1,0,0,1,0,1,0,1,1,1,1,0,0,0,1,0,1,0,0,0,1,0,0,0,0,0,1,0,1,1,1,0
0,1,1,0,0,1,0,1,0,0,1,1,1,0,1,0,1,1,1,1,0,1,1,0,0,1,1,1,1,1,0,0,0,0,0,0,1,0,0,1,0,0,0,1,0,1,1,1,1,1,0,0,1,0,0,1,0,0,0,0,0,0,1,1,0,1,1,0,0,1,0,0,1,0,0,1,0,0,0,1,1,0,0,0,1,0,0,0,1,1,0,1,0,0,0,1,0,0,1,1,0
1,0,0,1,1,1,0,1,1,1,0,0,1,0,0,1,0,0,0,1,1,1,1,0,1,0,1,1,0,0,0,0,1,0,1,0,1,1,1,0,0,0,1,1,1,1,1,1,0,1,0,0,1,1,0,1,1,1,0,0,1,1,0,1,1,1,0,1,1,1,0,0,0,1,0,0,1,1,1,1,0,1,0,1,0,1,1,0,1,0,1,0,1,1,1,0,0,0,1,0,1
1,0,0,1,0,1,0,0,1,1,1,1,1,1,1,0,0,0,1,1,1,0,0,0,0,1,0,0,1,1,1,0,1,0,1,0,0,1,0,0,0,1,1,1,1,1,1,1,1,0,1,0,1,1,1,0,1,0,0,1,0,0,0,1,0,0,0,0,0,0,1,1,1,1,1,1,1,0,0,1,1,0,1,1,1,1,1,1,1,0,0,0,0,1,0,0,0,1,1,0,0
0,1,1,0,0,1,0,0,0,1,0,1,0,0,1,0,1,0,1,1,1,0,1,1,1,1,0,0,0,1,1,1,0,1,1,0,0,1,0,0,1,0,0,1,0,0,1,1,1,0,0,0,0,0,1,0,0,1,0,0,0,0,1,1,1,1,0,0,0,1,0,1,0,0,1,0,0,1,0,0,0,0,0,1,0,0,1,1,1,0,1,1,0,0,0,1,0,0,0,1,1
1,1,1,1,1,0,1,1,1,1,1,0,0,1,1,0,0,0,0,0,0,1,1,0,0,0,0,0,0,0,1,0,1,1,0,0,0,0,0,1,0,0,0,1,1,0,1,1,0,0,0,0,1,1,1,0,1,0,0,0,0,0,1,0,1,1,0,0,1,0,0,1,1,1,1,0,0,0,0,0,1,0,0,0,1,1,1,0,1,1,0,0,0,0,0,0,0,1,0,0,1
0,1,0,1,0,1,1,0,1,0,0,0,0,0,1,1,0,0,0,0,1,0,0,1,0,1,1,0,0,0,1,1,0,1,0,1,1,1,1,1,1,0,1,0,0,0,0,1,1,0,1,1,1,1,0,1,0,0,1,1,1,0,0,0,1,0,0,1,1,0,1,1,0,0,1,1,0,1,1,1,0,1,1,1,1,0,0,1,0,1,0,0,0,1,0,0,1,1,1,0,0
0,1,1,0,0,0,0,0,0,0,1,0,0,0,0,1,1,1,0,0,1,1,0,0,0,1,1,0,0,1,0,0,0,1,0,1,1,1,1,0,1,1,0,0,0,1,0,0,0,1,1,0,0,0,0,0,1,0,0,1,1,0,0,1,1,1,1,1,0,1,1,0,1,0,1,0,1,1,0,0,1,0,0,0,1,0,1,1,0,1,1,1,1,1,1,1,0,0,1,0,1
1,0,0,0,0,0,1,0,0,0,1,0,1,1,0,1,1,1,1,1,1,1,1,0,0,1,0,0,0,0,0,1,1,0,0,1,1,0,0,0,0,0,1,0,1,0,1,1,0,0,0,1,1,1,1,0,1,1,1,1,1,0,1,1,0,1,1,1,0,0,1,1,0,0,0,0,1,0,1,0,1,0,0,1,0,1,0,0,0,0,1,1,1,1,0,0,1,1,0,1,1
1,1,1,0,0,1,0,1,0,1,0,0,1,0,1,0,1,0,0,0,1,1,1,1,0,1,1,1,0,0,0,1,1,1,1,0,1,1,0,1,1,0,0,0,0,0,0,1,0,0,0,1,0,1,0,1,1,0,0,0,1,0,1,1,0,0,0,0,1,1,1,0,0,0,0,1,1,1,1,1,1,1,1,1,1,1,0,1,1,1,1,1,1,0,0,0,1,0,1,1,1
1,0,1,0,1,0,0,1,1,1,1,0,0,1,1,1,0,1,1,1,0,0,0,1,0,0,0,1,1,1,0,1,0,1,1,0,0,0,1,1,1,0,0,0,0,0,1,1,1,1,1,1,1,0,1,1,0,0,0,0,1,0,1,0,0,1,0,1,0,1,0,0,1,1,1,0,0,0,0,1,1,0,0,1,1,0,1,0,1,1,1,1,0,1,0,1,0,0,0,0,1
0,0,1,0,1,0,0,1,0,1,1,0,1,0,1,1,1,1,1,1,0,0,1,1,0,0,1,0,1,0,0,0,0,0,0,0,1,0,0,1,1,1,0,0,0,1,0,0,0,0,0,1,1,1,1,0,0,1,1,1,0,0,0,1,0,1,1,1,0,1,0,0,0,1,0,1,1,1,1,1,0,1,1,1,1,1,0,0,0,1,0,1,1,0,1,0,0,0,1,1,0
1,0,0,1,1,1,0,1,1,0,1,0,1,1,1,0,0,1,0,0,0,0,1,0,1,0,0,0,1,0,0,1,1,0,0,1,0,0,0,1,1,1,0,0,0,1,0,1,0,0,1,1,1,0,1,0,0,1,1,1,0,1,0,0,1,0,0,1,0,1,0,1,1,0,0,0,1,0,1,1,1,0,1,1,0,0,0,1,1,0,1,1,1,0,1,0,0,0,0,1,1
0,1,0,1,1,1,0,1,0,1,1,0,0,1,0,0,0,0,0,0,1,0,0,1,1,1,1,0,0,1,1,1,0,1,1,1,0,1,0,1,0,0,1,0,0,1,0,1,0,0,0,1,0,1,0,1,0,1,0,0,1,1,0,1,1,1,0,1,1,1,0,1,0,1,0,1,1,1,1,0,1,1,1,1,1,0,1,1,0,1,1,1,1,0,0,1,1,1,0,1,1
1,1,1,1,1,0,1,1,1,1,0,1,1,0,0,0,0,0,0,0,1,1,1,0,0,1,0,1,1,0,1,0,0,1,0,0,1,1,1,0,1,1,0,0,1,0,1,0,0,1,0,1,1,0,1,0,0,1,0,0,1,0,1,1,1,1,0,0,1,0,0,0,1,1,0,1,0,0,1,1,0,0,1,0,1,1,1,0,0,0,0,1,1,1,1,1,0,0,1,0,1
0,1,0,0,0,0,0,0,0,1,0,0,1,0,1,0,0,0,1,1,0,1,1,0,1,1,1,0,1,0,0,0,0,1,1,1,0,0,1,1,1,1,0,1,0,0,1,0,1,1,1,0,0,0,0,0,0,0,0,0,1,0,1,0,0,1,1,0,0,1,0,1,1,0,0,0,0,1,0,0,1,1,0,1,0,1,0,0,0,1,0,1,1,0,1,1,1,0,1,0,1
0,0,1,0,1,1,0,0,1,1,1,1,0,1,1,0,1,1,0,0,1,1,1,1,0,0,0,1,1,0,1,0,0,0,0,0,0,0,0,1,0,0,1,1,1,1,1,0,1,1,0,1,0,1,1,0,1,1,0,1,0,0,0,0,0,1,0,0,0,1,1,1,0,0,0,0,1,1,0,0,0,1,0,1,1,0,1,0,0,1,1,1,0,1,0,0,1,1,0,0,0
0,0,0,1,0,0,0,0,1,1,1,0,1,0,0,0,1,0,0,0,0,0,1,1,0,1,0,0,1,1,1,1,1,1,1,1,1,0,0,0,1,0,0,1,1,1,1,0,0,0,1,1,1,1,1,0,1,1,0,0,1,1,1,1,0,1,0,0,1,0,0,1,0,0,0,1,0,1,0,1,0,1,1,0,0,0,0,0,1,1,0,0,0,1,1,1,1,0,0,1,1
1,1,0,1,0,0,0,0,0,0,1,0,1,1,1,0,0,0,0,0,1,0,1,0,0,1,1,0,1,1,0,1,1,1,1,1,0,0,1,1,1,1,0,1,1,0,1,0,1,0,1,1,0,1,0,0,0,1,1,0,0,0,0,0,0,1,0,0,1,0,0,0,0,0,1,0,1,0,0,1,0,0,1,0,1,1,1,1,1,1,1,0,1,1,0,0,1,0,0,1,1
1,0,0,1,1,1,0,1,1,1,1,0,1,1,0,1,1,1,0,0,1,0,0,1,1,0,0,1,1,0,0,0,0,0,0,0,0,1,1,1,1,1,0,0,0,1,1,1,0,0,1,1,1,1,1,1,0,0,1,1,0,0,0,0,1,1,0,1,0,0,1,1,0,1,1,0,1,1,1,0,1,0,1,1,0,0,1,0,0,1,0,0,0,0,1,1,0,0,1,0,1
0,0,0,1,1,0,0,1,1,1,1,1,1,1,0,0,1,1,0,1,1,1,0,0,0,0,1,1,1,0,0,0,1,0,0,1,1,0,1,0,0,0,1,1,0,0,0,1,0,1,1,1,1,1,0,0,1,0,1,1,1,0,1,1,0,1,1,1,0,0,1,1,1,1,1,1,0,0,1,1,0,0,1,1,0,1,1,1,1,1,0,1,1,1,0,1,1,1,0,0,1
1,0,1,0,1,0,0,1,1,0,0,0,0,1,0,0,1,0,1,0,1,1,1,1,0,1,1,0,0,1,1,1,1,0,0,1,0,1,1,0,1,0,1,0,0,1,0,1,0,1,1,0,0,1,0,0,1,1,0,1,0,0,1,0,0,1,1,1,0,0,1,1,1,1,0,0,1,0,1,1,1,0,1,1,0,0,0,1,1,1,0,0,0,1,1,0,1,0,1,1,1
1,1,1,0,0,1,0,0,0,0,1,0,0,0,1,1,0,0,1,1,1,1,1,0,0,1,0,1,1,1,0,1,1,0,1,1,0,0,1,0,1,0,0,0,1,1,1,0,1,1,0,0,1,0,0,1,0,1,1,0,1,1,1,1,1,1,1,1,1,1,1,0,1,1,1,1,1,1,0,0,1,1,1,0,0,0,0,1,0,1,1,0,0,1,0,1,0,1,0,0,1
1,1,1,0,1,1,1,1,0,1,0,1,0,0,1,0,1,0,0,1,0,1,1,0,1,0,0,1,0,1,1,1,0,0,1,1,1,1,1,0,1,1,0,0,0,0,1,0,1,1,1,0,0,1,1,1,0,0,0,0,0,1,1,1,1,1,1,1,0,1,1,1,1,1,0,0,1,0,1,0,0,1,0,0,0,0,1,1,0,1,1,1,0,0,0,0,0,0,0,1,1
0,0,1,1,1,0,0,1,1,0,1,1,0,1,0,1,1,1,0,1,1,0,1,1,0,1,1,0,0,1,0,0,1,1,1,1,0,0,1,1,0,1,0,0,1,1,0,0,1,1,1,0,1,1,0,0,1,1,1,0,1,0,1,1,0,0,0,1,1,0,0,0,0,1,1,0,1,1,0,0,0,1,1,1,0,1,1,0,1,0,1,0,0,0,0,1,0,0,0,0,1
1,1,1,0,1,1,0,0,0,1,1,0,1,1,1,1,1,1,1,1,1,1,0,1,0,1,0,1,0,0,1,1,0,1,1,0,0,0,0,1,1,1,0,0,1,0,1,1,0,0,0,1,1,1,0,0,1,0,0,1,0,0,1,0,1,0,1,0,0,0,1,1,0,1,0,1,0,0,1,1,0,0,1,1,0,1,1,1,1,0,1,1,1,1,1,1,0,0,1,0,1
1,1,1,0,1,0,1,1,1,0,0,0,1,1,0,0,1,1,0,0,1,1,0,1,0,1,1,1,1,1,1,1,1,1,1,1,0,0,0,0,0,1,0,0,0,0,0,0,0,0,0,1,0,1,0,0,1,0,0,0,1,0,1,0,0,0,1,0,1,1,0,0,0,0,0,1,0,1,0,0,1,0,1,0,1,1,0,1,1,1,0,1,1,0,1,1,0,1,0,0,1
0,0,1,1,0,0,1,1,1,1,1,1,1,0,1,1,0,1,1,0,1,1,1,1,1,1,1,0,0,0,0,1,0,1,1,0,0,1,0,1,1,0,1,1,0,0,0,1,1,1,0,0,1,0,0,1,0,1,0,1,0,1,0,0,1,0,0,0,0,1,0,0,1,0,0,1,1,1,1,0,1,0,1,0,0,0,1,0,1,0,0,0,0,0,1,0,0,1,0,0,1
0,0,0,0,0,1,0,0,1,0,1,1,0,1,0,0,0,1,0,1,1,1,0,0,0,1,0,1,0,1,1,1,1,0,1,1,1,1,1,1,0,0,1,1,1,1,0,0,1,0,1,0,1,0,0,1,0,0,1,0,1,0,1,0,0,0,0,0,0,1,1,1,1,0,0,0,0,0,0,1,1,0,1,1,0,1,0,0,0,1,0,1,1,0,0,1,0,1,1,0,1
1,0,1,1,0,0,0,1,1,1,1,1,1,1,1,1,1,1,0,1,0,1,0,0,1,0,1,1,0,1,1,1,1,1,1,1,1,1,1,1,0,0,1,1,0,1,0,0,0,1,1,0,0,0,0,1,1,0,1,0,1,0,1,0,0,1,1,1,0,0,1,0,1,1,0,1,0,1,1,0,1,1,1,1,0,1,0,0,1,1,1,1,1,1,1,0,0,1,1,0,1
0,1,0,1,0,0,0,1,0,0,0,0,1,0,1,0,0,1,0,1,0,1,0,0,0,1,1,1,0,0,1,1,1,0,1,0,1,1,0,1,1,1,0,1,0,1,1,1,0,1,0,1,0,1,1,0,1,1,0,0,0,1,0,1,0,1,1,1,0,1,1,0,0,1,0,0,1,1,1,1,1,1,1,0,1,0,0,1,1,0,1,1,0,0,1,1,0,0,1,1,1
1,1,1,1,0,0,1,1,0,0,0,0,1,1,0,1,0,1,1,1,1,1,0,1,1,1,0,1,0,0,1,0,0,1,1,0,1,0,0,1,1,0,0,1,1,1,0,1,1,0,0,1,1,1,0,0,0,1,0,0,0,1,1,0,1,1,1,0,1,1,1,0,1,0,1,1,1,1,1,1,1,0,1,1,0,0,0,1,1,1,1,1,1,1,0,0,1,0,0,0,1
1,1,1,0,1,1,1,1,0,1,1,0,0,0,1,1,1,1,1,1,0,0,1,0,1,0,1,0,0,1,0,1,1,0,1,1,1,0,0,0,0,1,1,1,0,0,1,1,1,1,0,1,1,0,0,0,1,1,1,1,1,1,0,1,1,0,1,1,0,1,0,0,0,0,1,1,1,0,0,1,0,1,1,0,0,1,0,0,1,0,0,1,1,1,0,0,0,1,1,0,1
0,0,0,1,0,1,1,0,0,1,1,0,1,0,1,0,0,0,0,1,0,1,0,1,0,1,1,0,0,0,1,0,1,0,1,1,1,1,1,1,1,0,0,1,0,1,0,0,0,0,1,0,0,1,1,1,0,1,0,1,0,1,1,0,1,1,0,0,1,0,0,1,0,0,1,1,1,1,1,1,1,0,1,1,0,1,0,1,0,1,0,1,1,0,0,0,1,1,0,1,0
1,0,0,1,0,1,0,1,1,1,0,1,0,1,0,0,1,0,1,1,0,1,0,0,0,1,1,1,1,1,0,1,0,0,0,0,1,0,1,0,1,0,1,1,0,0,1,0,0,0,1,0,1,1,1,1,0,1,1,0,1,1,0,0,1,1,1,0,0,1,0,0,0,1,0,0,0,1,1,1,0,0,0,1,1,1,0,0,0,0,0,1,0,0,0,1,1,0,0,0,0
0,1,0,1,0,0,1,0,0,0,0,1,1,1,0,0,1,0,1,0,1,0,0,0,0,1,1,1,1,1,0,0,0,0,0,1,0,0,1,0,0,0,1,0,1,0,0,1,0,1,0,1,1,0,0,1,0,1,0,0,0,0,0,0,1,0,1,0,1,0,0,1,1,1,1,1,1,1,1,1,1,1,1,0,0,1,0,1,0,1,1,1,0,0,1,1,1,1,0,1,0
0,1,0,0,1,1,0,1,1,1,1,1,1,1,0,0,1,1,1,0,0,1,0,0,1,0,1,1,1,1,0,0,1,0,0,1,0,0,0,0,0,1,0,0,0,1,0,0,1,0,1,0,0,1,1,1,1,1,1,1,1,0,1,0,0,1,1,0,0,1,0,0,1,1,1,0,1,0,0,0,0,1,0,1,0,1,0,0,0,1,0,0,0,0,0,1,0,1,1,1,0
0,1,0,0,0,0,0,0,1,1,1,1,1,0,1,1,0,1,0,0,0,0,1,1,0,1,1,0,0,0,0,1,1,1,1,1,1,1,0,0,1,0,0,0,1,0,1,0,1,0,1,1,0,0,1,0,0,1,1,0,0,0,1,0,1,0,0,0,0,0,0,0,0,0,0,0,0,0,0,0,1,1,1,1,1,1,0,1,0,1,0,1,1,1,1,0,0,0,0,1,1
0,1,0,1,1,0,1,0,1,0,0,1,0,0,0,1,0,0,1,1,1,1,1,0,0,1,0,0,0,0,0,0,1,1,1,1,0,1,1,0,1,0,0,0,0,0,1,0,0,1,1,0,0,1,0,1,0,0,0,0,1,1,1,0,1,0,0,1,0,0,0,0,1,0,1,0,0,1,1,1,0,1,1,1,1,1,1,0,1,0,0,1,0,0,0,1,0,1,0,1,1
1,1,1,0,0,1,0,0,0,1,0,0,1,1,0,1,0,1,0,1,0,0,0,0,0,1,0,0,0,1,0,1,1,0,0,0,1,0,0,1,1,1,0,0,0,0,1,0,1,0,1,0,0,0,1,0,1,0,1,0,1,0,1,0,1,1,0,0,0,0,0,0,0,0,1,0,1,0,0,0,1,0,1,0,1,0,1,1,1,0,0,1,1,1,0,1,0,0,0,0,1
1,0,0,1,1,0,1,1,0,1,0,0,1,0,1,1,1,1,1,0,0,1,0,0,0,0,0,0,0,0,1,0,1,0,0,0,0,0,0,0,0,0,0,0,0,0,1,0,1,1,1,0,1,0,1,0,0,1,0,0,1,0,0,0,0,1,1,0,1,1,0,0,0,1,1,0,0,1,1,0,1,0,0,1,0,1,1,0,1,1,1,0,0,1,1,1,0,0,1,1,1
0,1,1,1,0,1,0,1,1,0,1,1,0,0,0,1,1,1,0,0,1,1,1,0,0,1,0,1,0,0,1,0,0,1,0,0,1,1,0,1,0,0,1,1,0,1,0,0,0,1,0,1,0,1,0,1,0,0,0,0,1,0,1,0,1,0,1,1,1,0,1,1,0,1,1,0,0,0,0,0,1,1,1,0,1,0,1,0,1,1,1,1,0,1,1,0,0,1,1,0,0
0,1,0,0,1,0,1,0,1,1,1,1,0,1,1,1,0,1,1,0,1,1,1,0,1,1,1,1,1,0,1,0,1,0,1,1,1,0,0,1,1,0,1,1,0,1,0,0,1,0,0,0,0,0,0,0,1,1,1,1,0,1,1,1,0,1,0,0,1,1,0,0,1,1,0,1,0,1,1,1,1,0,0,0,0,1,1,0,1,0,1,0,1,1,1,1,1,1,1,0,1
1,1,1,0,1,1,1,1,0,0,1,0,0,1,1,0,0,0,0,0,0,0,0,0,1,1,1,1,0,1,0,1,0,1,0,1,0,1,1,0,1,1,1,0,0,1,1,0,0,1,0,1,1,1,0,0,0,0,1,1,0,0,0,1,0,0,0,0,1,0,0,0,1,0,1,0,1,1,1,1,1,1,1,1,0,1,1,1,0,1,1,0,0,1,0,1,1,0,0,0,1
1,1,1,1,1,0,0,1,0,1,1,0,1,1,1,0,0,1,0,0,1,0,0,1,1,1,1,0,0,1,1,1,0,0,0,0,1,0,1,0,1,0,0,0,0,0,0,1,1,0,0,1,1,0,1,1,1,0,1,0,0,1,0,0,1,0,1,0,0,0,1,0,1,0,0,1,1,1,0,1,1,0,0,1,0,0,0,0,1,1,0,0,0,0,1,0,0,0,1,0,1
1,0,1,0,0,0,0,1,0,0,1,1,0,1,1,1,0,0,1,0,1,1,1,0,0,1,1,1,0,1,0,0,1,1,1,0,1,1,1,0,0,1,0,1,1,1,1,1,0,1,1,0,1,1,1,0,0,1,1,0,1,0,1,1,1,1,0,1,0,0,1,1,1,1,0,0,0,1,0,1,1,0,1,1,0,1,0,0,0,0,0,1,0,1,1,1,1,1,1,1,0
0,0,0,0,1,0,1,0,1,1,1,0,0,1,0,0,0,0,0,0,0,0,1,1,0,1,1,1,0,1,0,0,0,0,1,1,0,1,1,0,1,0,0,0,1,0,0,1,0,1,0,0,0,0,1,0,0,0,0,0,0,0,1,1,1,1,0,1,1,1,0,0,1,1,1,1,1,1,0,0,0,1,1,1,1,0,1,0,1,0,1,0,1,0,0,0,1,0,0,0,1
0,0,1,1,1,1,1,0,1,1,0,0,1,0,0,0,0,1,1,0,0,1,0,1,0,0,1,0,1,0,1,0,1,0,0,0,1,0,0,0,0,1,0,1,0,1,0,1,0,1,1,1,0,1,1,1,0,0,0,0,0,0,1,0,1,0,1,0,0,1,0,1,0,1,1,0,1,1,0,0,0,1,1,1,0,1,1,0,1,0,0,1,0,1,0,0,1,0,1,1,0
0,1,0,1,1,1,0,1,0,1,1,1,0,1,1,1,1,1,0,1,0,1,1,1,0,0,0,0,1,1,1,0,0,1,0,1,1,0,1,1,0,1,0,1,1,0,1,1,0,0,0,0,0,1,1,0,0,1,1,0,0,0,1,0,1,1,0,0,0,0,0,0,0,1,0,1,1,1,1,1,0,1,0,0,0,0,0,0,1,1,1,1,0,1,1,0,1,0,0,1,1
0,1,0,1,0,0,0,0,1,0,1,1,1,0,1,1,0,1,0,0,1,0,1,0,1,1,1,1,0,0,0,0,1,1,0,0,1,0,0,0,0,0,1,1,0,0,1,1,1,0,0,1,0,1,1,1,0,1,0,0,0,0,1,1,1,1,0,1,0,0,0,0,1,1,1,1,1,1,0,1,1,1,0,0,1,0,0,1,0,0,1,0,0,1,0,1,0,0,0,0,0
1,0,0,1,1,1,0,0,1,0,1,1,0,0,0,0,0,0,0,1,0,1,0,0,1,1,1,1,0,1,1,1,1,1,1,0,1,0,1,1,1,0,0,1,0,0,0,1,1,1,1,1,0,0,0,0,1,0,0,1,1,1,0,1,0,1,0,1,1,0,0,0,0,1,1,0,0,1,0,1,0,1,1,1,1,1,1,1,0,1,1,0,0,1,0,0,0,0,0,1,1
0,1,0,0,0,1,0,1,0,1,1,0,0,1,0,0,0,0,0,0,0,1,1,1,0,0,0,1,1,1,0,0,0,0,1,1,0,0,0,1,1,1,0,1,1,0,0,0,1,1,0,0,0,1,1,1,1,1,1,1,1,0,0,0,1,1,1,1,1,1,0,1,0,1,0,0,1,0,0,0,0,0,0,1,1,1,1,0,0,1,0,0,0,0,1,0,1,0,1,0,0
0,0,0,0,0,0,1,1,0,1,1,0,0,1,0,1,1,1,1,0,1,0,0,1,0,1,0,0,0,1,1,1,1,0,1,0,1,0,0,0,0,0,0,0,1,0,0,1,0,1,1,0,1,0,1,0,1,0,0,0,1,0,1,0,1,1,0,0,0,0,0,1,0,1,1,0,1,1,0,1,0,0,1,1,0,1,1,1,0,1,0,1,1,1,1,0,1,0,1,0,0
1,0,1,0,0,0,1,1,0,0,1,1,0,1,1,0,1,0,1,0,0,1,1,1,0,0,1,0,1,0,0,0,1,0,0,0,1,1,0,1,1,0,0,1,1,0,1,1,1,0,1,0,1,1,1,0,1,0,0,0,1,1,1,1,1,1,0,1,0,1,1,0,1,1,1,0,1,1,0,0,0,1,0,1,1,1,0,1,1,1,1,0,0,1,0,0,1,0,1,1,0
1,1,1,1,1,0,1,1,0,1,1,0,0,1,1,1,1,0,0,0,1,0,0,0,0,0,0,0,0,1,1,0,1,0,0,1,0,1,0,1,0,0,0,0,1,1,0,1,0,1,0,1,1,1,1,0,1,1,0,0,1,1,1,1,1,0,1,0,1,0,1,0,1,0,1,0,1,0,1,1,0,1,1,1,1,0,1,0,0,1,1,1,1,0,0,1,1,1,1,1,1
0,1,0,1,1,0,1,0,1,0,0,1,0,1,0,0,0,1,0,0,1,0,1,0,1,1,0,1,0,0,0,1,0,0,0,1,1,0,0,0,1,1,1,1,1,0,0,0,1,0,0,1,1,0,1,1,1,1,1,1,0,1,1,0,0,0,0,1,0,1,0,1,0,1,1,0,1,1,0,0,0,0,0,1,0,0,1,0,1,1,1,1,1,0,0,1,1,1,0,1,1
0,1,0,1,0,1,1,1,0,1,0,0,0,0,0,1,0,0,1,0,0,1,0,1,0,1,1,0,1,1,0,0,0,0,0,0,0,0,1,0,1,0,1,0,0,0,0,1,0,0,1,1,0,1,1,1,1,0,0,1,0,1,1,0,0,1,0,0,0,0,0,0,0,0,1,0,1,1,0,0,0,1,1,1,0,0,0,0,1,0,0,0,0,1,0,0,0,0,0,1,0
1,1,0,1,1,0,0,0,0,1,1,1,0,1,0,1,0,0,1,1,1,1,1,0,1,1,0,0,1,1,1,0,0,1,1,0,0,0,0,1,0,0,1,0,0,0,0,1,0,0,1,1,1,1,1,0,1,1,0,1,0,0,0,1,0,0,1,1,1,1,1,1,0,1,1,1,1,0,1,1,0,0,0,1,0,0,1,1,0,1,0,1,1,0,1,0,1,1,1,0,1
1,0,1,1,1,0,0,1,0,0,0,1,0,1,0,1,0,0,0,0,1,0,0,1,0,1,1,0,1,0,1,1,1,1,0,0,0,0,1,1,0,1,1,0,1,1,1,1,1,1,1,1,0,1,0,1,0,1,1,1,1,1,0,0,1,1,0,0,1,1,1,1,1,0,0,0,0,0,1,1,1,1,0,1,1,0,1,0,1,0,1,1,0,0,1,0,0,1,1,0,1
0,1,0,0,1,0,1,0,1,0,1,0,0,0,0,0,0,0,1,1,1,0,0,1,1,0,1,0,1,1,1,0,1,1,1,1,0,1,0,1,0,0,0,1,0,0,0,0,1,1,1,0,0,1,0,0,0,1,1,0,1,1,1,0,0,0,1,0,1,1,1,1,0,0,0,0,0,1,0,0,0,0,1,1,0,0,1,1,0,0,1,0,0,0,0,0,1,0,1,0,1
1,1,0,0,0,0,0,1,0,1,1,0,0,1,1,0,0,0,1,1,0,0,1,0,1,0,1,1,1,0,1,1,0,1,0,0,1,0,1,0,0,0,1,1,0,0,1,1,0,1,1,0,0,1,1,0,0,0,1,0,0,0,0,1,0,1,0,0,1,0,1,0,1,1,0,0,0,1,0,1,1,0,1,1,0,0,0,1,1,0,0,0,1,0,1,1,1,1,1,1,1
0,1,1,0,0,1,0,1,1,1,0,0,0,0,0,0,1,0,1,0,0,0,1,0,1,1,1,1,0,0,1,0,0,1,0,1,1,1,0,0,0,1,0,0,0,1,1,0,0,1,1,0,1,0,1,1,1,0,1,0,1,1,0,1,0,1,0,1,1,0,1,0,1,1,0,1,0,1,1,1,1,0,0,1,1,0,0,0,0,0,1,0,1,0,1,0,1,1,0,0,1
1,0,0,1,1,1,1,0,0,1,0,0,1,0,0,0,0,1,1,1,0,0,0,1,1,0,0,0,0,0,1,0,0,0,1,0,0,0,0,0,1,1,1,0,1,0,0,0,1,1,0,0,0,0,1,0,0,1,1,1,1,1,1,1,1,1,1,0,0,0,0,0,1,0,1,1,1,1,0,1,1,1,0,0,0,0,1,0,0,0,1,1,0,0,1,0,0,1,1,0,1
1,0,0,0,0,1,0,1,1,1,1,0,1,1,0,1,0,1,0,1,0,1,1,0,0,0,1,0,1,0,0,1,1,1,1,1,1,0,1,0,1,0,1,0,1,1,0,1,1,0,1,0,1,1,1,1,1,0,1,0,0,0,1,1,0,0,0,1,0,1,1,1,1,1,0,0,0,1,0,0,0,0,0,0,1,1,0,1,0,0,0,0,0,1,0,0,0,0,0,1,1
0,0,1,0,0,1,0,0,1,1,0,1,1,0,1,0,0,0,0,0,1,0,1,1,0,1,1,1,1,1,0,0,1,1,1,1,0,1,0,0,1,1,1,1,0,1,1,0,1,0,0,0,1,0,1,0,1,1,1,0,1,0,1,1,1,1,1,1,1,1,0,1,0,0,1,1,0,0,0,0,0,0,1,0,0,1,1,0,0,1,1,0,1,1,1,0,0,0,1,0,1
0,1,1,1,1,0,1,1,0,0,0,0,1,0,0,1,0,0,0,0,1,0,1,1,1,1,0,0,0,1,1,1,0,0,1,0,1,0,0,1,1,1,1,0,1,0,0,1,1,1,1,1,1,1,1,1,0,1,0,0,0,1,1,0,1,0,0,0,0,1,0,1,0,1,1,1,0,1,1,0,0,1,1,0,0,1,1,1,0,1,0,1,0,0,1,0,1,0,1,0,1
0,0,1,0,0,0,1,1,1,0,1,1,1,1,0,1,0,1,0,1,0,1,0,1,0,0,1,0,1,1,1,0,1,0,0,0,0,1,0,0,1,0,1,1,0,1,0,1,1,1,0,1,1,0,0,1,1,0,0,0,1,0,1,1,1,0,1,0,1,0,1,0,0,0,1,0,0,0,0,1,0,0,1,0,1,1,1,1,0,0,0,0,0,1,0,0,1,1,1,0,1
0,1,0,1,1,0,1,1,0,0,1,0,1,1,1,1,1,0,0,1,1,0,0,0,0,0,0,0,1,1,1,0,0,1,1,1,1,0,0,1,1,0,1,1,0,0,1,1,0,0,0,1,1,0,0,1,0,0,0,1,1,0,1,0,0,1,0,1,1,1,0,0,0,1,0,1,1,0,1,0,1,0,1,1,0,1,1,0,1,0,1,0,0,0,1,1,1,1,1,0,1
1,0,0,1,0,0,0,0,0,0,0,1,1,0,0,1,0,0,0,0,0,1,1,1,1,1,0,0,0,1,0,1,0,1,0,0,0,1,0,0,0,0,0,0,0,1,0,1,0,1,1,0,0,0,0,0,0,0,0,0,0,1,0,0,0,0,1,0,1,1,0,0,1,0,0,1,0,1,1,0,1,1,1,0,0,0,0,1,0,0,0,0,0,1,1,0,1,1,0,1,1
1,1,0,0,1,0,0,1,0,0,1,1,1,1,1,1,0,1,1,1,1,0,1,0,0,1,1,1,1,1,1,0,1,0,1,0,1,0,1,0,0,0,0,0,1,0,1,0,1,0,1,0,0,1,0,0,1,0,0,1,0,0,1,1,1,0,0,1,0,1,1,1,0,1,0,0,1,1,0,1,0,0,0,1,1,1,1,0,1,0,0,0,0,1,0,1,0,0,0,1,1
1,0,1,0,0,1,0,1,1,1,0,0,1,1,1,0,1,0,0,0,0,1,0,0,0,1,0,0,1,1,0,1,0,1,1,0,1,0,0,1,1,0,0,0,1,0,1,0,0,0,0,0,1,0,0,0,0,0,1,0,0,1,0,0,0,0,1,0,0,1,0,0,1,0,1,0,1,0,1,0,0,1,1,1,1,1,0,1,0,1,1,0,1,1,0,0,0,1,0,1,1
0,0,1,0,1,1,1,0,1,0,0,0,0,1,0,0,0,1,1,0,0,0,1,1,0,1,1,1,1,0,1,0,0,1,0,1,1,1,0,1,1,1,1,1,1,1,1,1,1,1,1,1,1,0,0,1,1,1,0,0,0,0,0,0,0,0,0,1,1,1,0,0,1,0,1,0,1,0,0,0,1,0,0,0,0,1,0,1,0,0,1,1,0,0,1,1,0,1,1,0,1
0,0,0,1,0,0,0,0,1,0,0,1,1,1,1,1,1,1,0,0,0,1,1,1,0,0,0,0,1,1,0,1,1,1,0,0,1,1,0,1,0,1,0,0,0,0,0,0,0,0,1,1,1,1,0,0,0,0,1,0,0,0,1,1,1,1,0,0,1,1,1,1,0,1,1,0,1,1,1,0,0,1,0,1,0,1,0,1,0,1,1,0,0,1,0,1,0,0,1,1,0
0,0,1,0,1,1,0,1,1,1,0,1,1,0,1,1,0,0,1,1,1,1,0,1,1,0,1,0,0,0,1,0,0,0,0,0,1,0,1,0,1,1,1,1,0,1,1,1,0,0,0,0,1,1,0,1,0,1,1,0,1,0,1,0,1,1,0,1,1,0,0,0,0,0,1,0,0,1,1,0,1,0,0,0,0,1,0,0,0,0,0,0,0,0,0,0,0,0,0,0,0
1,0,1,1,0,0,0,1,0,0,1,1,1,0,0,1,1,1,0,0,0,1,0,0,1,1,1,0,0,1,1,0,1,1,0,1,0,1,0,1,0,0,1,1,0,1,0,0,1,0,1,1,0,1,0,0,0,0,1,0,1,0,1,1,1,0,0,1,0,0,0,1,1,0,0,1,1,1,1,0,0,1,1,1,1,1,1,1,1,1,1,1,0,0,0,1,1,1,0,1,1
1,1,0,0,1,1,0,0,1,1,0,0,1,0,0,1,0,0,1,0,0,0,1,0,1,1,0,1,0,0,1,1,1,0,1,0,0,0,0,1,0,1,1,1,1,1,1,1,0,0,1,1,0,1,0,1,1,0,1,0,1,0,0,1,0,1,1,1,1,0,0,1,0,0,0,1,1,1,1,0,1,1,1,0,1,1,0,1,0,1,1,1,0,0,1,1,1,1,1,0,1
0,1,1,0,1,0,0,0,0,0,0,1,1,0,0,0,1,1,0,0,0,0,0,0,0,0,1,0,0,0,1,0,1,1,0,1,0,0,1,1,1,0,1,0,0,0,0,0,0,0,1,0,1,0,0,1,1,1,1,0,0,0,1,0,0,0,0,0,1,1,1,0,0,1,0,1,1,1,0,0,1,1,1,0,1,0,0,0,0,1,1,1,1,1,1,1,0,0,0,1,1
0,1,1,0,0,1,0,0,0,1,1,1,1,0,0,0,1,0,1,1,0,0,0,1,1,1,1,1,0,0,1,1,0,1,0,0,1,1,1,0,1,0,0,1,1,1,1,0,1,0,0,1,0,0,1,1,1,0,1,0,0,0,0,1,1,1,1,0,1,1,1,1,0,0,0,0,1,0,1,1,0,0,0,1,0,1,0,0,0,1,0,0,0,1,1,1,0,1,0,0,1
1,0,0,1,1,0,1,0,1,0,0,0,1,1,1,1,0,0,0,1,1,0,0,0,1,0,0,1,1,1,1,1,1,0,1,1,0,1,0,0,0,0,0,0,1,0,1,1,1,1,1,0,0,1,0,1,1,0,0,0,1,1,0,1,1,0,1,0,0,1,1,0,0,0,0,0,0,1,1,0,1,0,0,1,0,0,1,0,0,0,1,1,0,1,1,1,1,0,0,0,1
0,0,0,0,0,1,0,0,0,1,0,0,0,0,1,1,1,1,0,0,1,1,1,0,1,1,1,1,0,0,1,1,0,0,0,0,0,0,1,0,1,0,0,1,1,1,0,1,1,0,0,0,1,0,0,0,1,0,0,0,0,0,1,1,0,0,0,1,1,0,1,1,0,0,1,1,1,1,0,1,1,1,0,1,0,1,0,0,0,0,0,1,1,1,0,0,1,0,0,1,1
1,0,0,1,0,1,0,1,0,0,1,0,0,1,1,0,1,0,0,1,0,1,0,0,1,0,0,1,0,0,1,1,0,0,1,0,0,1,0,1,0,1,1,1,0,0,0,1,1,0,1,1,0,0,0,1,1,1,0,0,0,0,0,0,1,1,0,0,1,1,0,0,1,1,0,0,0,0,1,0,1,0,1,1,1,0,1,0,0,1,0,0,1,0,1,0,1,1,0,1,1
0,0,1,1,0,1,1,0,0,1,1,1,1,1,0,0,1,1,1,0,0,0,1,0,1,1,1,0,1,1,0,0,0,0,1,1,0,1,1,0,1,1,0,1,0,1,0,1,1,0,1,0,0,1,0,1,1,1,0,1,0,0,1,0,0,1,0,1,1,1,1,0,1,1,1,0,1,1,0,1,1,1,1,1,0,1,0,0,1,1,0,0,1,0,1,0,1,0,1,1,1
1,1,0,1,1,1,1,0,1,1,0,0,1,0,1,1,1,1,0,0,0,0,1,0,1,0,1,1,1,0,1,0,1,1,1,1,1,1,0,1,0,1,0,0,0,1,0,0,1,0,0,0,1,1,0,1,0,1,1,0,1,1,0,1,1,1,0,1,0,0,0,0,0,1,1,0,0,1,1,0,0,1,1,1,0,1,0,1,1,0,0,0,1,1,0,1,1,0,1,1,1
0,1,1,0,0,0,1,1,1,0,0,0,1,0,0,1,0,1,0,1,0,0,1,1,0,1,1,1,0,1,0,1,0,0,1,1,0,1,1,0,0,0,1,0,1,1,1,1,1,0,0,1,1,1,1,0,0,0,0,0,1,1,1,1,1,0,0,1,1,1,1,1,1,0,1,1,1,0,0,1,1,0,1,0,0,0,0,0,0,0,0,0,0,0,1,1,0,0,0,1,1
1,0,1,1,1,0,0,1,0,1,0,0,0,0,0,1,1,0,1,1,1,0,1,0,1,1,0,1,1,1,0,0,1,0,1,0,0,1,1,1,1,1,1,1,0,1,1,1,0,1,0,1,1,1,1,1,1,0,0,1,1,0,0,0,0,1,1,1,0,1,1,1,0,1,1,0,1,0,1,1,0,0,0,0,0,0,0,1,1,0,0,0,0,1,0,0,0,1,0,0,1
0,0,0,1,0,1,1,1,0,0,1,0,0,1,1,1,0,0,1,1,1,1,1,0,1,0,1,1,1,0,0,1,0,1,1,0,0,1,1,0,1,1,0,0,0,0,0,0,1,1,1,1,0,0,0,0,1,0,0,1,0,1,1,0,0,0,1,0,1,0,0,0,1,1,1,1,0,0,1,0,0,1,1,0,1,1,1,0,0,1,1,1,0,0,0,1,1,0,1,0,0
1,1,0,1,0,0,0,1,0,0,1,1,1,1,0,1,1,0,1,1,1,1,1,0,1,0,0,0,0,1,0,0,1,1,1,1,0,0,1,0,1,0,0,1,1,0,1,1,0,0,1,0,1,1,0,0,1,1,0,1,1,0,0,0,1,0,0,1,1,0,1,0,1,0,1,0,1,0,0,0,0,0,1,1,0,0,0,0,0,1,0,0,1,1,0,0,0,0,1,1,1
1,0,1,1,1,1,0,1,0,1,1,0,0,1,0,0,1,0,0,0,1,0,1,0,1,0,0,1,0,1,0,1,0,0,1,1,1,1,0,0,1,1,1,0,1,0,0,1,1,0,1,0,0,0,1,0,0,1,0,0,1,0,0,1,1,0,0,1,0,1,0,0,1,0,0,0,1,1,0,0,1,1,1,0,1,1,0,1,0,1,0,0,0,0,0,1,0,1,1,0,1
1,1,1,1,0,1,0,1,0,1,0,0,0,0,0,1,0,0,0,1,1,1,0,0,0,1,0,1,1,0,0,1,0,0,1,0,1,1,0,1,1,1,1,0,1,1,1,0,0,1,0,0,0,1,0,0,1,0,0,0,0,0,1,0,1,1,1,1,1,0,1,1,1,1,0,1,1,1,1,1,1,1,0,0,1,1,1,0,1,0,1,0,0,0,0,1,0,1,0,0,1
0,0,0,1,0,1,0,1,0,0,1,1,1,1,0,1,1,0,1,0,0,0,1,0,1,1,0,1,1,1,0,0,1,1,0,0,1,0,0,0,1,0,1,0,0,1,0,1,1,0,0,1,0,0,1,1,1,1,1,0,0,1,0,0,0,1,0,0,0,0,0,0,0,1,1,1,1,1,0,0,1,1,0,0,1,0,1,0,0,1,1,1,1,0,0,1,0,1,0,0,0
0,0,0,0,1,0,1,0,1,0,0,0,0,0,1,0,1,0,0,1,0,0,1,0,0,1,1,1,1,1,1,1,0,1,0,0,1,1,1,1,1,0,0,0,0,0,0,0,1,0,0,0,0,0,1,1,0,1,1,1,1,0,1,0,1,0,0,1,1,0,1,1,0,1,0,1,0,1,0,0,0,1,0,0,1,1,0,1,0,0,0,0,1,0,0,1,0,1,0,0,1
0,0,1,1,0,1,0,0,0,1,0,1,0,0,0,1,1,1,0,0,1,1,1,1,1,1,0,1,0,1,0,1,0,1,0,1,0,1,1,0,1,1,0,1,0,1,0,0,1,1,0,1,0,0,1,0,1,1,1,0,1,0,1,1,1,1,0,1,0,0,0,1,1,0,1,0,0,0,1,0,1,1,1,1,0,1,0,1,1,0,1,1,0,1,1,1,0,1,1,0,1
1,0,1,1,0,0,0,0,0,1,0,1,1,0,1,0,1,0,0,1,1,0,1,1,0,1,0,0,1,1,0,0,0,1,0,0,0,1,1,0,0,0,1,0,0,1,0,0,0,0,0,1,1,1,0,1,0,1,1,1,1,0,1,1,1,0,1,0,1,1,0,0,0,1,1,1,0,0,0,0,0,1,1,0,1,0,0,0,0,1,1,1,1,1,1,0,0,1,1,1,1
0,1,0,1,0,1,1,1,1,0,1,1,1,1,1,1,1,0,1,1,1,0,1,1,0,0,0,1,1,0,0,1,1,0,0,1,1,0,0,0,1,0,0,0,1,0,0,1,0,1,1,1,1,0,0,0,0,0,1,0,0,0,0,0,1,0,0,1,0,0,1,1,0,1,1,1,0,1,0,1,0,0,1,1,1,0,0,0,1,1,0,1,1,0,0,1,0,0,0,0,0
0,1,0,1,0,0,1,0,0,1,0,1,1,0,0,0,1,1,0,0,0,0,1,0,0,1,0,0,0,0,1,1,0,0,0,1,0,0,0,0,1,1,0,1,0,0,1,1,1,0,0,0,1,1,1,1,1,1,0,0,1,0,0,0,1,1,1,1,0,1,1,0,1,1,0,0,0,1,0,1,1,1,1,0,0,0,0,0,1,1,0,0,1,1,0,0,0,1,0,1,1
0,1,1,0,1,0,1,0,0,1,1,1,1,0,1,0,0,1,0,0,1,1,0,1,0,0,1,1,0,1,0,0,0,1,1,0,1,0,1,0,0,1,0,0,1,0,1,0,0,1,0,0,1,1,0,0,0,1,0,1,0,1,0,1,0,0,1,0,1,0,1,1,0,0,1,1,1,1,0,0,1,0,0,1,1,1,0,0,1,1,0,1,0,1,0,0,0,0,0,0,0
0,1,0,0,1,0,0,0,0,0,1,0,1,1,1,0,1,0,1,1,0,1,1,0,0,0,0,0,1,1,1,0,0,1,0,1,0,1,0,0,0,0,1,1,0,1,0,1,0,0,0,1,0,1,0,0,1,0,0,0,0,1,0,1,0,0,0,1,1,0,1,1,1,0,1,0,1,0,0,1,0,1,1,1,0,0,1,0,1,0,0,0,0,0,1,1,0,1,1,0,1
1,1,1,0,0,0,1,0,1,0,0,1,1,1,0,1,0,1,0,0,0,1,1,1,1,1,1,0,1,0,1,0,1,0,1,0,0,0,0,1,1,0,1,0,1,0,1,0,1,1,1,1,1,1,1,1,1,0,1,0,0,0,1,1,0,1,1,0,1,0,1,0,0,1,1,1,1,0,0,0,0,0,0,0,0,1,1,0,1,1,1,1,1,1,0,1,0,1,1,1,1
1,0,1,1,0,1,0,0,0,0,1,0,1,1,0,1,0,1,0,0,1,0,0,1,1,1,1,0,1,0,0,0,0,0,0,1,0,0,1,1,1,1,0,1,0,0,1,1,0,0,1,1,0,0,0,1,1,0,1,0,1,1,0,0,1,0,0,0,0,0,0,0,0,1,1,1,1,1,0,1,0,0,0,1,1,1,1,1,1,0,0,1,0,0,0,1,1,1,0,1,1
0,1,0,0,1,0,0,1,0,0,1,0,0,0,1,1,0,0,1,0,0,0,1,1,1,1,1,0,0,1,0,1,0,1,1,1,1,0,1,1,0,1,1,1,1,0,1,0,0,1,0,0,1,1,0,1,1,1,0,1,1,0,0,1,1,1,0,0,0,1,0,1,0,1,0,0,1,1,0,1,1,1,0,1,1,0,1,1,0,1,0,1,0,0,0,1,1,0,1,0,1
0,1,0,0,0,0,0,1,1,0,0,1,1,0,1,1,1,0,1,0,0,1,1,0,1,0,0,0,1,0,0,1,1,1,0,0,0,1,0,0,0,1,0,1,1,1,0,0,1,1,0,1,1,0,1,0,1,0,1,1,1,0,0,1,1,0,1,0,0,0,1,1,0,0,0,0,0,0,0,1,0,0,1,1,0,0,0,0,0,0,0,1,1,0,0,1,0,0,0,0,0
0,1,1,0,0,1,0,0,0,0,1,0,1,1,0,1,0,1,0,0,1,1,0,0,0,0,1,1,0,0,1,1,0,1,1,0,0,1,0,0,0,0,1,0,1,1,1,1,0,1,1,1,1,1,1,0,1,0,0,1,1,0,1,1,1,0,0,0,1,0,0,1,0,1,0,0,1,1,1,1,1,0,0,1,1,1,0,1,0,1,1,0,0,1,0,1,1,1,1,1,1
0,1,0,0,0,1,0,0,1,1,0,1,1,1,1,1,1,0,0,0,1,1,1,0,1,1,0,0,1,1,0,0,0,1,0,1,1,0,1,1,0,0,1,0,1,0,1,0,0,0,1,1,1,0,1,1,0,1,1,1,1,0,0,0,0,0,0,1,0,1,0,0,0,0,1,1,0,1,1,0,1,0,1,1,0,1,1,1,0,0,0,1,1,1,1,0,0,0,0,1,0
0,1,0,0,1,1,1,0,0,0,0,0,0,1,0,0,1,1,1,0,1,1,0,1,1,1,1,1,1,1,0,1,1,0,0,0,1,1,1,0,1,0,0,1,0,1,0,1,0,0,0,0,1,0,1,1,0,1,0,0,1,0,1,0,0,1,0,0,0,1,0,0,0,1,1,0,1,1,1,1,1,0,0,0,1,1,1,0,1,0,0,1,0,0,1,0,0,1,0,0,0
0,1,1,1,1,0,0,1,0,1,1,1,0,1,0,1,1,0,0,0,1,1,0,0,0,0,0,1,1,1,0,1,1,0,0,0,0,1,1,0,1,0,0,1,0,0,1,1,0,1,1,1,0,0,1,1,1,0,1,1,0,1,1,1,1,1,0,0,1,1,0,0,1,1,0,0,0,0,1,1,0,1,0,0,1,1,1,1,0,1,1,0,1,1,0,0,1,1,0,0,1
1,0,0,1,0,0,1,0,0,0,1,0,0,1,1,1,0,0,1,1,0,0,1,0,0,0,1,1,1,1,0,0,1,0,0,0,1,0,0,0,1,0,0,1,1,0,0,0,0,0,1,0,1,0,1,0,1,1,0,1,1,0,1,1,1,1,1,1,1,1,1,0,0,0,0,1,1,0,1,0,1,0,1,0,1,1,0,1,1,1,1,0,1,0,1,1,0,0,1,1,0
0,1,0,1,0,1,0,1,1,0,1,0,0,1,1,1,1,1,0,0,0,1,0,1,1,1,0,0,1,0,0,1,1,1,0,1,0,1,1,0,1,0,1,0,1,0,1,1,1,0,1,1,1,1,0,1,0,0,1,0,1,0,1,1,1,1,1,1,0,1,0,0,0,0,1,0,0,0,0,1,0,1,0,1,1,0,0,1,1,1,0,1,1,0,1,1,1,0,1,1,1
0,1,1,0,0,0,1,1,1,0,0,0,0,0,0,1,0,0,0,0,1,0,1,1,1,1,1,0,0,1,1,1,1,0,0,1,1,1,1,0,1,0,0,0,1,0,0,1,1,1,0,0,1,1,0,1,1,0,0,0,0,1,0,0,0,1,0,1,1,1,1,1,1,0,0,1,1,1,0,1,1,1,1,0,0,1,0,0,1,0,1,0,1,1,0,0,1,0,0,1,1
0,0,1,0,1,0,0,1,1,0,1,0,0,0,1,1,0,0,1,0,1,1,1,0,1,1,0,1,1,0,1,0,0,1,0,1,0,1,0,1,0,0,0,1,0,0,0,0,1,0,1,0,1,1,1,0,1,1,0,1,0,1,0,0,0,1,0,1,0,1,0,0,0,1,1,1,0,1,1,1,0,1,1,0,0,0,0,1,1,0,1,0,1,1,1,0,1,0,1,0,1
1,0,0,0,1,0,1,0,0,0,0,1,0,1,1,0,1,0,0,1,1,0,1,1,1,1,0,1,1,0,1,1,1,1,1,1,0,0,0,1,1,1,0,1,1,0,1,0,0,1,0,1,1,1,0,0,0,1,0,0,0,1,0,0,1,0,0,0,1,0,0,0,1,0,0,0,0,0,1,0,0,0,1,1,0,1,0,0,0,1,1,1,0,0,1,0,1,1,0,0,1
0,0,0,0,1,0,0,0,0,1,0,0,1,0,0,1,0,0,0,1,0,0,1,0,0,1,1,0,1,0,0,1,1,1,0,1,1,1,1,1,0,0,0,1,1,0,1,0,0,1,0,1,1,0,1,0,1,1,1,0,0,1,0,0,0,1,1,0,0,0,1,0,0,1,1,0,1,1,0,0,1,1,0,1,1,0,1,0,0,0,1,0,0,0,1,0,0,1,1,1,1
1,1,0,0,0,0,0,0,0,1,1,1,1,0,1,0,0,1,0,1,0,1,1,1,1,0,0,0,1,1,1,0,0,0,1,0,1,0,1,1,1,1,1,0,1,1,1,0,0,0,0,0,0,0,1,0,0,1,1,1,0,1,0,0,1,0,0,0,1,0,1,1,0,0,0,1,0,1,1,1,1,0,1,1,1,1,1,0,1,1,1,0,1,0,1,0,0,0,1,0,1
0,1,1,0,0,1,1,0,0,0,1,1,0,1,0,0,1,0,1,0,1,1,1,0,1,1,1,0,1,0,0,1,1,0,1,1,0,0,1,1,1,1,1,1,1,1,1,0,1,0,0,1,1,1,1,0,0,0,0,1,1,0,1,0,1,1,0,0,0,1,0,0,1,0,1,0,0,1,1,0,0,0,1,0,0,0,1,0,1,1,0,0,1,0,0,0,1,0,0,1,1
0,0,1,0,1,1,1,1,1,1,0,0,0,0,0,0,0,1,1,1,0,1,0,1,0,1,0,1,1,0,0,1,1,0,0,1,1,0,0,1,0,1,0,1,1,0,1,0,0,0,0,0,0,1,1,1,1,1,0,1,1,0,1,1,1,1,1,1,1,0,0,0,0,0,1,0,0,0,0,1,1,0,1,0,0,1,1,0,0,1,0,0,0,0,0,0,0,1,1,0,1
1,0,0,1,1,0,0,0,0,1,1,1,0,0,0,1,0,0,1,1,0,1,0,1,1,1,0,0,0,1,0,0,0,0,1,0,0,0,1,1,0,1,1,1,1,0,1,0,1,1,0,0,1,0,1,1,1,0,0,0,1,1,1,0,0,1,0,0,1,0,0,1,0,1,1,0,0,1,0,1,0,0,0,1,1,0,0,1,0,0,0,1,1,1,1,0,0,1,0,1,1
1,1,1,1,0,1,1,0,1,1,0,1,1,0,1,1,1,0,0,1,0,0,0,1,0,1,0,1,0,0,1,0,0,0,1,1,0,0,0,1,0,0,0,1,1,1,1,0,0,0,0,1,1,0,1,1,1,0,1,0,0,0,0,0,0,0,1,1,1,1,0,0,1,1,1,1,0,1,1,1,1,1,0,0,0,0,1,1,0,0,1,0,0,1,1,1,1,1,0,0,0
0,0,1,1,0,0,0,0,1,0,0,0,0,1,1,1,1,0,1,0,1,1,0,1,1,0,1,1,0,0,0,1,1,1,0,0,0,1,0,1,1,1,0,0,1,0,1,1,1,0,0,1,1,1,1,0,0,1,1,1,1,0,1,1,1,1,0,0,1,1,1,0,0,1,1,0,0,0,0,0,1,1,1,0,0,1,0,0,0,0,0,1,1,1,0,1,0,0,0,0,0
0,1,0,1,0,0,1,1,0,0,0,1,1,0,1,0,1,0,1,1,0,1,0,1,1,0,0,0,1,1,1,1,1,1,0,1,0,0,1,0,1,1,0,0,1,1,0,1,1,0,1,1,1,1,0,1,0,1,0,1,1,0,0,1,0,0,1,1,1,1,1,0,0,1,0,1,1,1,0,1,1,1,0,0,1,0,1,0,1,1,1,0,1,1,0,0,1,0,1,0,1
1,1,1,0,1,1,1,1,0,1,1,1,0,1,0,1,0,0,1,1,1,0,1,1,0,0,1,1,0,1,0,0,0,1,1,1,0,1,0,0,1,0,0,0,0,0,1,0,1,1,1,0,1,0,0,1,1,1,0,0,1,1,0,0,0,0,0,1,0,1,1,1,0,1,0,1,0,1,1,1,1,1,1,0,1,0,1,0,1,1,0,1,0,1,1,0,0,0,0,0,1
0,0,1,0,0,0,0,1,1,1,0,0,1,1,1,0,1,1,1,1,1,0,0,1,1,0,1,1,0,0,1,0,0,1,1,0,1,0,1,1,0,0,0,1,1,0,1,0,1,1,0,1,1,0,1,0,0,0,0,1,0,1,1,0,0,1,0,1,0,1,0,1,1,1,1,0,0,0,1,1,0,1,1,1,0,1,0,1,0,1,0,0,1,1,1,0,0,1,0,0,1
1,1,1,0,0,0,0,1,1,1,1,0,1,1,1,0,1,0,0,0,0,0,1,0,0,0,1,1,0,0,0,1,1,0,0,0,0,0,0,1,0,0,1,0,1,1,0,1,1,1,1,1,0,1,1,1,1,0,0,1,1,1,1,0,1,1,1,0,1,1,0,1,0,0,0,1,1,0,0,0,0,0,0,1,0,1,0,1,1,0,1,0,1,1,0,1,1,0,1,1,0
1,1,0,0,0,0,1,1,1,1,1,1,1,1,1,1,0,1,0,0,0,1,1,1,1,1,1,1,0,0,1,1,1,0,0,1,0,1,0,1,1,1,0,0,0,1,0,1,1,1,0,0,0,1,0,1,0,0,0,1,0,1,1,0,0,1,1,0,1,0,1,1,0,1,0,1,0,0,0,0,1,0,0,1,1,1,1,0,1,1,0,0,1,0,1,0,1,0,1,0,1
0,0,1,1,0,1,0,0,1,1,0,0,1,1,1,0,0,1,0,0,1,1,1,1,1,0,0,0,0,1,0,0,0,1,1,0,1,0,1,0,1,0,0,1,1,1,1,0,0,1,0,0,0,0,0,1,0,1,0,1,1,1,1,0,1,1,0,1,1,1,1,1,1,1,1,1,1,0,0,0,0,1,0,1,1,1,1,0,0,1,1,1,0,0,1,0,1,1,1,1,0
0,1,0,1,1,1,0,1,1,1,0,0,0,1,0,0,0,0,1,1,0,0,1,0,0,0,0,0,1,0,1,0,1,1,0,1,0,0,0,1,0,1,1,0,0,1,0,1,1,0,0,0,0,0,1,1,1,0,0,1,0,1,0,0,1,1,0,0,0,1,1,0,1,1,1,0,1,1,1,1,0,0,0,1,1,0,0,1,0,1,1,0,0,1,0,0,1,0,0,0,1
1,1,0,1,1,1,1,0,0,1,1,0,1,0,0,0,0,0,1,0,0,1,0,0,0,1,1,1,1,1,1,1,0,0,1,0,1,0,1,0,1,0,0,1,1,1,1,1,1,1,0,0,0,1,1,1,1,1,0,1,1,1,1,1,1,1,0,1,0,1,0,1,0,0,1,1,0,0,1,1,0,0,0,1,1,0,0,0,0,0,1,0,0,1,0,0,1,0,0,0,1
0,0,0,1,1,1,1,0,1,0,0,1,1,1,1,1,1,0,1,1,1,0,0,1,1,0,1,0,1,0,0,1,1,1,0,0,1,1,1,0,0,1,0,0,1,1,0,0,0,0,1,1,1,1,0,0,1,1,1,1,0,1,0,0,1,1,1,1,0,0,1,1,1,1,1,0,1,1,0,1,0,1,0,0,0,0,1,1,1,1,0,1,1,0,0,1,1,1,1,0,0
0,1,1,1,0,0,0,1,1,0,1,0,0,1,0,0,1,1,1,1,0,1,1,1,1,0,0,1,1,1,1,1,0,0,0,0,1,1,1,1,1,0,1,0,1,0,1,1,1,0,0,0,0,1,1,0,1,1,0,1,0,0,0,1,0,0,0,1,0,1,0,0,1,1,1,1,0,0,1,0,0,0,0,0,0,0,0,0,0,0,0,1,0,1,0,1,1,0,0,1,1
1,0,1,1,0,1,1,0,0,0,0,0,1,0,1,0,1,0,0,0,1,0,1,0,1,0,0,1,1,0,1,1,0,1,0,1,1,1,0,0,1,0,0,1,1,0,0,1,0,1,1,1,1,0,0,1,0,0,0,0,1,0,0,0,1,1,1,1,1,1,1,0,1,0,1,1,0,1,0,1,1,1,1,0,0,1,1,1,0,0,0,1,1,0,0,1,1,1,0,1,1
0,0,0,0,0,0,1,1,1,1,1,1,1,0,0,1,0,0,1,1,0,1,0,1,1,1,0,1,0,1,0,0,0,1,1,1,1,0,0,1,1,1,0,0,1,0,1,0,1,0,1,1,1,0,0,0,0,0,1,0,0,0,0,0,0,0,0,0,1,0,1,0,0,0,1,1,1,1,0,0,1,0,0,1,1,0,0,0,0,0,1,1,0,1,1,1,0,0,0,1,1
1,1,0,1,1,0,0,0,1,0,1,1,0,0,0,1,1,0,1,0,1,1,1,1,1,1,1,1,1,1,1,1,1,0,1,1,0,1,1,1,0,0,0,1,0,0,1,1,0,0,1,0,0,1,0,1,1,0,1,0,1,0,1,1,0,0,1,0,0,0,1,1,1,1,1,1,0,1,1,0,0,1,1,0,1,1,1,0,1,0,1,0,0,0,1,1,0,1,0,0,1
0,1,1,0,0,1,0,0,1,0,0,1,0,0,1,0,0,0,0,1,1,0,0,1,0,1,1,1,0,1,0,1,0,0,1,1,0,0,0,1,0,1,0,0,1,0,0,1,1,1,1,0,0,1,0,0,0,1,1,0,0,1,0,0,1,0,0,0,1,0,0,0,1,1,1,1,0,1,1,1,1,1,0,1,1,0,0,0,1,0,1,0,1,0,1,1,1,0,0,0,0
0,0,1,1,0,1,1,0,1,1,1,1,0,0,1,0,1,1,1,0,0,0,1,1,0,1,0,0,0,0,0,0,1,1,0,1,1,1,0,1,0,1,0,0,0,1,1,0,1,0,0,0,0,0,0,1,1,0,1,1,0,1,1,1,1,1,0,1,0,1,0,0,1,1,1,0,1,1,1,1,0,1,1,1,0,0,1,0,0,0,0,1,0,0,0,1,0,0,1,0,0
1,0,0,0,0,1,0,1,0,1,0,0,0,0,1,1,1,1,0,1,1,1,1,0,1,1,1,1,1,0,1,1,0,0,1,0,1,0,1,1,1,0,1,0,0,0,1,1,0,1,1,0,0,0,0,0,1,0,1,1,0,0,1,1,1,1,0,1,0,0,1,1,0,0,1,1,0,1,1,0,0,0,1,1,0,1,0,1,0,0,0,0,0,1,1,0,1,1,0,0,1
1,1,0,1,1,0,1,1,1,1,1,1,0,1,1,0,1,1,1,0,1,1,0,1,0,1,0,0,1,1,1,1,1,1,0,0,0,0,1,1,0,1,0,1,1,0,1,1,0,0,1,0,0,0,1,0,1,0,0,1,1,1,1,0,0,0,1,1,1,1,1,0,0,0,0,1,1,1,1,0,1,1,0,1,1,0,1,0,0,0,0,1,0,0,1,0,1,0,1,0,1
1,0,1,1,1,0,0,1,1,0,1,1,1,0,0,0,1,0,1,1,0,1,1,0,1,1,0,0,1,1,1,0,1,1,0,1,1,0,0,1,1,1,1,0,1,0,1,0,0,0,0,1,1,0,1,0,1,0,0,0,0,1,1,1,0,1,0,0,1,0,1,1,0,0,1,0,0,1,0,0,1,0,1,0,0,0,1,0,0,1,0,0,1,1,1,1,0,1,0,1,1
0,0,0,1,1,1,0,1,1,0,1,1,0,0,1,1,0,1,0,0,0,1,0,0,0,1,0,1,0,1,0,0,1,0,0,1,1,1,0,0,1,0,0,0,0,1,0,0,1,0,1,1,0,0,0,1,0,0,0,0,0,1,1,0,0,0,1,0,0,0,0,0,1,1,1,1,0,1,1,0,0,0,1,0,1,0,0,1,0,0,0,1,1,0,0,0,1,1,0,1,0
1,0,0,1,0,0,1,1,1,1,0,0,1,1,0,1,1,0,1,1,1,0,0,0,1,0,1,1,0,0,1,0,0,1,1,1,1,0,1,1,0,0,1,1,1,0,0,1,1,0,1,0,0,1,0,0,1,1,1,1,1,0,0,0,1,1,1,0,1,0,0,0,0,0,0,1,0,1,1,0,0,0,1,0,0,1,1,0,1,1,1,0,1,0,0,1,1,1,1,1,1
0,1,1,0,1,0,1,1,1,0,0,0,0,1,1,1,0,1,0,0,1,0,0,0,1,0,0,1,1,0,0,1,0,1,0,1,1,0,1,0,0,0,1,1,1,1,0,0,0,1,1,0,1,1,1,1,0,1,0,0,0,0,0,0,0,1,0,0,1,1,1,1,1,0,1,1,1,1,1,0,0,1,1,0,1,0,0,1,0,0,1,0,1,1,1,0,1,0,0,1,1
1,1,1,1,0,1,1,0,1,1,0,1,1,0,1,1,1,1,0,1,0,0,0,0,1,1,1,1,1,0,1,0,1,1,1,0,0,0,1,0,1,0,1,0,0,0,1,0,1,0,0,1,0,1,1,1,0,1,1,1,1,0,0,1,1,1,0,1,0,1,0,1,1,1,0,0,0,1,1,0,0,1,0,0,1,1,1,1,1,1,1,0,0,1,0,0,1,1,0,1,1
0,1,1,0,1,0,0,0,1,1,0,0,0,0,1,0,0,1,1,1,1,1,1,0,1,1,1,0,0,1,0,0,1,0,0,1,1,1,0,1,1,0,1,1,1,0,1,0,0,0,1,1,1,0,0,1,0,1,0,0,1,0,1,1,1,1,1,1,1,1,0,1,0,1,0,0,1,1,1,1,1,0,0,1,1,0,1,0,0,0,1,1,0,1,1,1,1,1,1,1,1
1,1,0,1,1,0,0,0,0,0,0,1,0,0,1,0,1,1,0,1,1,1,1,1,1,0,1,0,0,1,0,1,0,1,0,0,0,0,1,0,0,1,1,1,0,0,0,1,0,1,0,0,0,1,0,0,1,0,0,0,0,0,1,1,1,0,0,0,1,1,0,0,0,0,0,0,1,0,0,0,1,1,1,0,0,0,1,1,0,1,1,1,1,0,1,0,1,1,1,1,1
1,1,0,0,0,0,1,0,1,0,0,0,1,1,1,0,1,0,1,0,1,0,0,0,0,0,1,0,1,1,1,1,0,1,1,1,1,1,1,1,1,0,1,0,1,1,0,0,1,0,0,1,1,1,1,1,1,1,1,1,0,1,1,0,0,0,1,1,1,0,1,0,1,0,0,1,0,1,0,0,0,1,1,0,0,1,1,1,0,1,1,1,0,1,0,0,1,0,0,1,0
0,0,0,0,1,1,0,0,0,1,0,0,1,0,1,0,0,1,0,0,0,1,1,1,0,1,1,0,1,0,1,1,0,0,0,1,0,0,0,0,0,0,0,0,1,0,1,0,1,0,1,0,0,0,0,1,0,0,1,0,1,1,0,0,1,1,1,1,1,0,1,0,1,1,0,1,0,0,1,0,1,0,0,0,1,1,1,1,1,0,0,0,1,0,1,0,1,1,1,1,1
0,0,1,1,0,1,1,0,1,1,0,1,0,1,1,1,1,1,1,1,1,0,0,0,0,1,1,0,1,0,1,0,0,1,1,0,0,0,0,1,0,0,0,1,1,1,1,0,0,0,0,1,0,1,1,0,1,1,1,1,0,1,0,0,1,1,1,1,0,1,1,0,0,1,1,1,0,0,1,0,1,1,1,1,1,0,0,1,0,0,0,0,1,0,1,1,0,0,1,0,0
0,0,0,1,1,0,0,1,0,0,0,1,0,0,1,1,1,1,1,0,0,0,0,1,1,0,1,0,0,1,0,1,1,0,0,0,1,0,1,0,0,1,0,0,1,1,1,1,1,1,1,0,1,1,0,0,1,0,0,1,1,0,1,1,1,0,1,0,0,0,0,0,0,1,0,1,0,1,1,1,0,0,0,1,0,1,0,1,1,1,0,0,1,1,0,0,0,1,0,0,0
0,0,0,1,1,1,0,0,0,0,1,0,1,0,0,1,0,0,1,1,0,0,0,1,1,0,0,1,1,0,0,1,1,0,0,1,1,1,0,1,1,0,1,1,0,0,1,1,0,1,0,0,1,1,0,1,0,1,1,0,1,1,0,1,0,1,1,0,0,0,0,0,0,0,1,1,1,0,1,0,0,0,0,0,0,1,1,0,1,1,0,1,0,0,0,0,0,1,1,0,1
0,0,0,1,0,1,0,1,0,0,0,1,0,1,0,1,0,0,0,1,1,0,0,1,0,0,0,0,0,1,1,0,1,0,0,1,1,0,1,0,1,0,0,1,1,1,0,1,1,1,0,1,1,0,1,1,0,0,1,1,0,1,0,1,1,1,1,0,0,0,1,0,1,0,1,1,1,1,0,0,1,1,0,0,0,0,0,1,0,0,1,1,1,1,0,0,0,1,0,1,0
0,0,1,1,1,0,0,1,0,0,1,1,1,1,0,0,0,0,0,1,0,0,0,1,0,1,1,0,0,0,0,0,0,0,0,0,1,0,0,0,1,1,0,1,1,1,1,0,1,1,0,1,1,1,1,0,0,1,1,1,0,0,1,0,1,0,1,0,0,1,1,1,0,0,1,1,1,0,0,0,1,0,1,0,0,0,0,0,1,1,0,0,1,0,1,1,0,0,0,0,0
0,1,1,1,0,1,1,1,1,0,0,0,1,1,1,1,0,0,0,0,1,1,1,1,1,0,1,0,0,0,1,0,0,1,0,0,0,0,1,0,0,0,0,0,0,1,1,1,1,0,0,1,1,1,1,1,0,0,1,1,1,1,1,1,1,1,1,0,1,0,0,0,1,1,1,1,0,0,0,0,0,0,1,1,0,0,0,1,1,1,1,0,1,1,0,1,0,1,0,1,0
1,0,1,1,0,0,0,0,0,0,1,0,1,1,1,1,1,0,1,0,1,1,1,1,1,1,0,0,1,0,0,0,0,0,0,0,1,0,1,1,1,1,0,0,0,1,0,0,0,0,0,0,0,0,0,1,0,0,1,1,1,1,1,0,1,0,1,1,0,1,1,1,0,0,0,0,1,0,1,0,1,0,1,1,1,1,1,0,1,0,1,0,0,1,1,0,0,1,0,1,0
1,0,0,0,0,1,1,0,1,1,1,1,0,0,1,1,0,1,0,0,1,1,0,0,1,1,0,0,1,1,1,0,0,0,0,1,1,0,1,0,0,0,1,0,0,0,1,1,0,0,0,1,1,0,0,1,0,0,0,1,1,1,0,0,0,1,0,0,1,1,0,0,0,0,1,0,1,0,1,1,0,0,0,0,0,0,1,1,1,0,0,0,1,0,1,1,0,0,0,0,1
0,0,1,0,0,0,0,0,1,1,1,0,0,0,0,1,1,0,1,0,1,1,1,0,0,1,0,1,1,1,1,0,0,1,1,0,0,0,0,1,1,0,1,0,1,1,1,0,0,0,1,0,1,1,0,1,1,1,1,1,0,1,1,0,1,0,1,1,0,1,0,1,1,0,0,0,0,1,1,0,1,1,1,0,1,1,0,0,0,0,0,0,1,1,0,1,0,1,0,1,1
1,1,1,1,0,1,0,0,0,0,1,0,0,1,1,0,0,1,1,0,1,0,1,0,0,0,1,0,1,0,1,1,0,0,1,0,0,1,1,0,1,1,1,1,0,1,1,0,1,0,0,0,0,0,0,0,1,0,1,1,1,0,1,0,1,1,0,1,1,0,0,0,1,0,0,1,0,0,1,0,1,1,0,1,0,1,0,0,0,1,1,0,0,1,1,1,1,1,1,1,1
0,1,1,1,1,0,1,1,1,0,0,0,0,0,1,1,0,0,0,1,0,1,0,0,1,0,1,1,1,1,0,0,0,1,1,1,1,0,1,1,1,0,1,0,0,1,1,1,1,1,0,0,1,1,1,1,0,1,1,0,1,0,0,1,1,0,0,0,0,1,1,1,1,1,1,1,1,1,1,1,0,0,0,0,0,1,1,1,0,1,1,1,0,1,0,1,0,1,1,0,1
1,1,0,0,0,0,0,0,1,1,1,0,1,0,0,0,1,0,1,0,0,1,1,1,0,0,1,1,0,0,0,1,1,1,1,1,0,1,1,0,1,0,0,1,1,0,1,0,0,1,1,0,1,1,1,0,0,1,0,1,0,1,0,0,0,0,1,1,0,0,0,1,1,1,1,1,0,0,1,1,1,1,1,0,1,0,1,0,1,0,0,0,0,0,0,1,0,1,0,0,1
0,0,0,0,1,0,1,0,0,0,0,0,1,0,0,0,1,0,1,1,0,1,1,1,0,1,1,1,1,0,0,1,0,1,0,0,0,1,0,1,1,0,0,1,0,1,1,0,1,1,1,0,1,0,1,0,1,1,0,1,0,0,0,0,1,0,0,0,0,1,0,1,0,1,0,0,0,0,0,0,1,1,0,1,1,1,1,1,0,1,0,1,1,1,1,1,1,0,0,0,1
0,1,1,0,1,0,1,1,1,0,0,1,1,1,0,0,1,0,1,1,1,0,0,1,0,1,0,1,0,0,0,1,0,1,1,0,1,1,1,0,0,0,0,1,1,0,0,1,0,1,0,0,0,1,1,1,0,0,0,1,0,0,0,1,0,0,1,1,1,0,0,0,1,0,0,1,0,0,1,0,0,0,0,0,0,0,0,0,1,0,0,0,1,0,0,1,0,0,0,1,1
0,0,0,1,1,1,0,1,1,1,0,0,1,1,1,1,0,1,1,1,0,1,1,1,0,0,1,1,1,0,0,0,1,1,1,0,0,1,0,1,1,1,0,1,1,0,0,0,0,1,1,0,1,0,1,0,1,0,0,0,0,1,0,1,0,0,1,0,1,1,0,1,0,1,0,1,1,0,0,1,0,1,1,0,0,0,0,0,1,0,1,0,0,1,0,0,1,1,0,0,0
0,0,1,1,1,0,0,0,0,1,1,0,1,1,1,1,1,1,1,1,1,1,1,1,1,1,1,0,1,0,0,0,0,0,1,0,0,1,0,1,0,1,1,0,1,0,1,0,0,1,0,1,1,1,0,1,1,1,0,0,0,0,1,1,1,1,1,0,1,1,1,1,0,1,0,1,0,0,1,1,1,1,1,0,0,0,0,0,1,0,1,0,0,0,0,1,0,0,0,0,0
1,0,0,0,1,0,1,1,0,0,1,1,0,0,1,1,1,0,1,1,1,1,1,0,0,0,0,1,0,0,0,0,1,0,1,0,0,0,1,1,0,0,1,0,1,1,1,0,0,1,1,1,1,1,1,1,1,0,1,0,1,1,1,0,1,1,1,0,0,1,0,1,0,0,1,0,1,1,0,1,1,1,0,1,1,0,0,1,1,1,1,0,1,1,0,1,1,1,1,1,0
1,1,0,1,0,1,1,0,0,1,1,1,1,1,0,0,0,1,0,1,1,1,1,0,1,1,0,1,1,1,1,0,1,1,1,0,1,1,0,1,1,1,1,1,0,1,0,1,1,0,0,1,1,0,0,1,0,1,1,1,0,0,1,1,0,0,1,1,1,0,1,0,0,1,1,1,1,0,1,1,1,1,1,0,0,0,0,0,0,0,1,1,0,1,1,0,1,0,1,0,1
1,0,0,1,0,0,0,1,0,0,0,0,1,0,1,1,0,0,1,1,1,1,1,0,0,1,1,1,1,0,1,0,0,1,1,0,1,0,1,0,0,1,0,1,1,0,1,0,0,0,0,0,1,1,1,0,0,0,1,1,1,0,0,1,1,1,1,0,0,0,1,1,1,1,1,0,1,0,1,1,0,0,0,0,0,1,1,0,1,0,1,0,1,1,1,1,1,1,0,1,0
1,1,0,0,1,0,0,0,0,1,0,0,0,0,0,0,1,0,0,0,0,1,0,1,1,0,1,0,0,1,1,0,1,0,1,1,0,1,1,1,1,1,1,1,0,0,1,1,1,1,0,0,0,1,1,1,0,0,1,1,1,0,1,0,0,1,1,0,0,0,0,1,0,0,1,0,0,1,0,0,0,1,0,1,0,0,1,1,0,0,0,0,1,0,1,0,1,0,0,1,1
1,0,0,1,0,1,0,1,0,0,0,0,1,0,1,0,0,0,0,1,0,0,0,0,0,0,1,0,1,1,0,1,1,1,0,1,0,0,0,1,1,0,0,0,1,0,1,1,1,1,1,0,1,0,1,0,1,0,1,0,0,1,1,0,1,1,1,0,1,0,1,0,0,1,1,1,1,1,0,1,0,0,1,0,0,0,1,0,1,1,0,1,1,1,0,1,0,0,0,1,1
1,0,1,1,1,0,1,1,1,0,0,1,0,1,1,0,0,1,1,1,1,1,0,0,1,1,1,0,0,1,1,1,1,0,0,0,1,1,0,1,1,0,0,1,0,0,0,1,1,1,0,1,0,0,0,0,1,1,0,0,1,1,1,1,0,0,0,0,0,0,1,0,0,0,0,1,0,1,0,1,0,1,0,1,0,0,1,1,0,1,0,1,0,1,0,0,0,0,1,1,1
1,0,1,1,0,0,1,0,1,0,0,1,1,0,0,0,0,1,0,0,1,0,0,0,0,0,1,1,0,1,0,0,1,0,1,0,1,0,0,1,0,0,0,1,0,0,0,0,1,0,0,0,1,1,1,1,0,1,1,0,0,0,1,1,0,1,1,0,0,0,0,1,0,0,0,0,0,1,1,1,0,1,0,1,0,1,0,0,0,0,1,1,1,1,1,0,0,1,0,1,0
1,1,0,1,1,1,1,0,0,1,0,1,1,0,1,0,1,0,0,1,0,0,0,0,1,1,1,1,1,0,1,0,0,0,0,1,0,0,0,0,0,1,1,1,0,0,0,0,1,0,1,0,0,1,1,1,0,0,1,1,0,1,0,1,0,1,1,0,1,1,0,0,0,0,1,0,1,1,1,0,0,0,1,0,1,1,1,0,1,0,0,1,1,0,1,0,0,0,1,0,1
0,0,1,0,0,0,1,0,1,0,1,1,0,0,0,1,0,0,1,1,1,1,0,0,1,0,0,0,0,0,0,1,1,0,1,0,1,1,1,1,0,1,0,1,1,1,0,0,1,0,1,1,0,0,1,1,0,0,1,0,0,1,1,1,0,1,1,0,1,1,0,0,0,1,0,1,1,1,1,1,0,1,1,1,1,1,1,0,1,1,0,1,1,1,0,0,0,0,1,1,0
0,0,0,0,0,1,0,1,0,0,0,0,1,1,0,0,1,1,1,0,1,1,1,1,0,1,0,1,0,0,0,1,0,1,1,1,1,0,0,0,1,0,1,0,1,1,1,0,0,0,1,1,0,1,0,0,0,0,0,1,1,1,0,1,0,1,1,1,1,0,1,0,0,1,1,1,1,1,0,0,1,0,1,0,0,1,0,1,0,0,0,0,0,0,0,1,0,0,0,0,1
0,0,0,1,1,0,1,0,1,0,1,0,1,0,0,0,0,0,0,1,0,1,0,0,1,0,1,0,1,1,0,1,0,0,1,0,1,0,1,0,0,0,0,1,0,1,0,0,1,0,0,0,1,1,1,0,0,1,0,1,1,0,0,1,0,0,0,0,1,0,1,0,0,0,0,0,0,0,1,0,1,1,0,1,0,1,1,0,1,1,0,0,0,1,1,0,1,1,0,0,0
0,0,1,1,0,0,1,1,1,1,1,1,1,0,1,1,0,0,1,0,0,1,1,1,0,1,0,1,1,0,0,0,0,1,1,1,1,0,1,0,0,1,0,1,1,0,0,1,0,0,1,1,0,0,1,1,1,0,0,0,1,1,0,0,1,0,1,1,1,0,1,0,1,1,1,0,1,0,0,0,1,0,1,0,1,0,0,1,0,0,1,1,0,1,1,0,0,1,0,0,0
0,1,0,1,1,0,0,0,0,0,1,0,1,0,1,0,1,1,0,1,0,0,0,1,0,0,1,1,0,1,0,0,0,1,0,0,1,0,1,0,1,0,0,0,0,1,1,1,1,0,0,0,0,0,1,0,1,0,1,0,0,1,0,0,1,1,1,0,1,0,0,1,1,1,0,1,1,0,1,0,0,0,0,0,1,1,0,0,1,1,1,0,0,0,0,1,1,0,0,1,0
1,1,0,1,1,0,0,1,0,0,0,0,1,1,0,1,0,0,0,1,0,1,1,1,1,0,0,1,0,1,0,1,0,0,1,1,1,1,0,1,0,1,1,0,1,1,0,0,0,0,1,1,1,1,1,0,0,0,1,1,1,0,0,0,0,1,0,1,1,1,1,1,1,1,1,0,1,0,1,1,0,0,0,0,1,1,0,1,1,1,1,0,0,0,0,1,0,0,1,0,1
1,1,0,0,1,0,0,0,0,0,1,1,1,0,1,0,1,1,0,0,1,0,0,0,1,1,1,1,0,0,0,1,1,1,0,1,1,0,0,1,1,1,1,1,1,1,0,1,0,1,1,0,1,0,0,0,0,1,0,1,0,1,1,1,0,1,1,1,1,0,1,1,1,0,1,1,0,0,1,0,0,1,0,0,0,0,0,1,1,1,0,1,1,0,1,1,0,0,1,0,1
1,1,1,0,1,1,0,0,0,0,1,0,1,1,1,0,1,0,0,0,1,0,0,1,1,0,0,0,1,0,0,0,1,0,1,0,0,0,0,0,0,0,0,1,1,1,0,0,0,1,1,1,0,0,1,0,1,1,1,1,1,0,1,1,0,0,0,0,0,1,1,0,0,0,0,1,0,0,1,1,0,1,0,0,0,1,1,1,0,1,1,0,0,0,1,0,1,0,0,0,0
1,1,0,0,0,1,0,1,0,0,1,1,0,1,1,1,1,1,0,1,0,0,0,0,0,1,1,1,1,0,1,1,1,0,1,0,1,0,0,0,1,0,0,0,0,0,0,0,0,1,0,1,1,0,1,0,0,0,1,1,1,0,1,1,0,1,1,1,0,0,1,0,0,1,1,0,1,0,1,1,1,0,1,0,0,1,1,0,0,0,0,0,1,0,1,1,1,1,0,1,1
0,0,0,1,1,1,1,0,1,1,1,1,1,1,0,0,1,0,1,1,0,1,0,0,1,1,1,0,1,1,1,0,1,1,1,1,1,1,0,0,1,1,0,0,0,0,1,1,1,1,0,1,1,0,0,1,1,0,1,0,0,0,1,0,1,0,1,0,0,1,1,0,1,0,0,1,0,1,1,1,0,0,1,0,1,1,1,1,1,1,1,0,1,0,0,0,1,0,1,1,1
1,0,1,0,0,1,0,0,0,0,1,1,0,1,0,0,0,0,0,1,1,1,1,1,1,1,0,1,1,0,1,0,1,0,1,1,1,1,0,1,0,0,1,1,1,1,0,1,0,0,0,1,0,0,0,1,1,0,0,1,0,0,0,0,0,1,1,0,0,0,0,1,0,0,1,0,1,0,1,0,1,1,1,1,1,1,0,0,0,0,1,0,0,0,1,1,1,0,0,0,1
1,1,0,1,0,1,1,1,0,1,1,0,0,0,0,1,1,1,1,0,0,1,0,1,1,1,0,0,1,0,1,0,0,0,1,0,0,0,1,1,1,0,1,1,0,0,0,1,1,1,0,1,1,0,1,0,1,1,0,1,0,1,1,0,1,0,0,1,1,1,1,1,1,1,1,1,1,0,1,0,1,0,0,0,0,0,1,1,0,1,0,0,0,0,1,1,0,1,0,1,1
1,1,1,1,0,0,1,1,0,0,1,1,0,1,1,1,0,0,0,1,1,1,1,1,1,1,0,0,0,0,0,1,0,0,0,1,1,1,0,0,0,1,0,0,1,0,0,1,0,0,1,1,1,0,0,0,1,0,0,1,0,0,1,1,0,0,1,1,1,1,1,1,0,1,1,0,0,1,0,1,0,1,0,0,0,0,0,1,1,1,0,1,0,0,0,1,0,0,1,0,0
1,0,1,1,0,0,1,0,1,0,0,1,1,1,0,1,0,1,1,0,0,0,1,1,0,1,0,1,0,1,1,0,1,1,0,1,1,0,0,0,0,1,1,1,0,1,1,1,0,1,1,0,1,1,1,1,1,0,0,0,1,0,1,0,1,0,1,1,0,1,1,1,1,1,0,1,0,1,0,1,0,1,1,1,1,1,0,0,0,0,1,0,1,0,1,1,1,0,0,1,1
1,0,0,1,1,1,1,0,0,1,0,0,1,0,0,1,0,0,1,0,1,0,1,0,0,1,1,1,0,1,1,1,1,0,1,1,1,1,1,1,1,1,0,1,1,0,0,1,0,1,1,1,0,1,0,1,1,0,0,1,0,1,0,1,1,1,0,1,1,1,1,0,1,1,1,0,1,1,0,1,0,1,0,1,1,1,0,0,0,0,1,0,0,1,1,0,1,1,0,0,1
0,0,0,0,1,1,0,0,0,0,1,0,1,0,0,1,1,0,1,0,1,0,0,0,1,0,0,1,1,1,0,0,1,0,1,1,1,1,0,1,1,0,1,1,0,0,1,0,0,0,0,0,1,0,0,1,1,1,1,0,1,1,0,0,1,1,1,0,0,1,1,1,0,1,0,0,0,0,1,1,0,0,0,1,1,1,0,0,0,1,0,1,1,1,0,1,1,0,0,0,1
1,1,1,1,0,0,1,0,0,1,1,0,1,0,0,1,0,0,0,1,1,1,1,1,0,1,0,1,1,0,1,0,1,1,1,1,0,0,0,0,0,1,1,0,0,1,1,0,1,0,1,1,1,0,1,0,0,0,0,0,0,0,1,0,1,0,0,1,0,0,1,0,1,0,1,0,0,0,0,0,1,0,1,0,1,1,1,1,1,0,1,0,0,0,0,0,1,0,1,0,1
1,1,0,0,1,1,0,0,0,1,0,1,0,0,0,0,0,0,1,0,1,1,0,1,1,0,0,0,0,0,1,1,1,1,0,1,1,0,0,1,1,0,0,0,1,0,0,1,1,0,0,0,1,1,1,1,1,0,0,0,1,0,0,0,0,0,0,0,1,0,1,1,0,1,0,0,0,0,1,1,0,0,0,0,1,0,0,0,0,1,1,0,0,1,1,0,0,0,1,1,1
1,1,1,1,0,1,1,1,1,1,1,0,1,1,0,0,0,1,0,0,1,1,1,1,1,0,1,1,0,0,0,0,0,0,1,1,1,1,0,0,1,1,0,1,0,1,1,0,0,0,0,1,1,0,0,1,1,0,0,1,0,0,0,1,1,1,1,0,0,1,1,0,0,1,0,0,0,1,1,1,1,0,1,0,0,0,0,0,0,1,1,1,1,1,1,1,0,0,0,1,0
1,1,1,0,1,0,0,1,1,0,0,1,0,0,1,0,1,0,1,1,0,1,1,0,0,1,0,1,1,1,1,0,0,1,0,0,1,1,1,1,1,1,0,1,1,1,0,0,0,1,0,1,0,0,1,0,1,1,0,1,0,0,1,0,0,1,1,0,1,1,1,1,1,1,1,0,1,1,1,0,0,1,0,0,0,1,1,0,0,0,0,0,1,1,1,1,1,1,0,0,1
0,1,0,1,1,0,1,0,0,1,0,0,1,1,1,0,1,1,1,1,0,1,1,1,1,1,1,1,0,0,1,1,1,0,0,0,0,1,1,0,0,0,1,1,1,1,0,1,1,1,0,0,1,1,1,1,1,0,0,1,1,1,1,1,0,0,1,0,1,1,0,1,1,0,0,0,0,0,0,1,1,0,1,0,1,1,1,0,1,1,1,0,0,0,0,0,0,0,0,1,1
0,1,0,0,0,1,0,0,1,1,1,1,1,0,1,0,1,1,0,1,0,1,0,0,1,0,1,1,0,1,1,0,0,1,0,0,1,1,0,0,0,0,1,0,1,1,0,0,0,1,0,1,1,0,1,1,0,1,1,0,1,1,0,0,1,0,1,1,1,0,1,1,0,1,1,0,0,0,0,1,0,1,1,1,0,0,1,1,0,1,1,1,1,1,0,1,1,1,1,1,0
1,0,0,0,0,0,1,0,0,0,0,0,1,0,0,0,0,1,0,0,1,0,0,0,1,1,1,0,1,1,0,1,0,1,0,1,0,1,0,1,1,0,0,0,0,0,1,1,1,1,0,0,1,1,0,1,0,1,1,0,0,0,1,1,1,1,1,0,1,0,1,1,1,1,1,0,0,1,0,0,0,0,1,1,0,0,0,0,1,0,1,1,0,1,1,0,0,0,1,0,1
1,0,0,0,1,0,1,1,1,1,1,1,1,1,1,0,1,1,0,1,1,0,0,0,1,1,0,1,0,0,0,1,0,1,0,1,0,1,0,1,0,1,0,1,0,1,0,1,1,1,0,1,0,0,1,1,1,1,0,1,1,0,0,1,0,1,0,0,1,1,0,0,0,1,0,1,1,1,0,1,0,1,0,1,0,1,0,1,1,1,0,0,1,0,1,1,1,1,0,0,1
0,1,0,1,1,1,1,1,1,0,1,0,1,0,1,0,0,1,1,1,1,1,0,0,1,0,1,1,0,0,0,0,1,0,1,0,0,0,0,1,1,0,1,1,0,0,1,1,0,1,1,1,1,1,1,1,1,0,1,0,0,1,0,0,1,1,0,1,0,1,1,0,1,0,1,0,0,0,0,1,0,1,1,1,0,1,1,0,1,0,1,0,0,0,0,0,0,1,0,0,1
1,1,1,0,1,0,0,1,1,0,0,0,1,0,0,0,1,0,1,1,1,1,0,0,0,1,0,1,0,1,1,0,1,1,1,1,0,1,1,1,1,0,0,1,1,1,1,0,0,1,0,0,1,0,1,1,1,1,0,0,0,0,0,0,0,1,0,0,1,1,0,0,0,1,0,0,0,0,0,0,1,1,0,0,1,1,1,1,0,0,1,1,0,0,0,0,1,1,0,1,1
1,1,0,1,1,0,1,1,1,1,0,0,1,1,0,1,0,1,0,1,0,0,1,1,0,1,1,1,0,1,1,0,1,1,1,1,0,0,1,0,0,1,0,0,1,0,1,0,0,0,0,0,1,0,1,0,0,0,0,1,1,0,1,0,1,1,0,1,0,1,1,1,1,0,0,1,1,1,1,1,1,0,0,1,0,0,0,1,1,0,0,0,0,0,0,0,0,1,1,1,1
0,1,0,0,0,0,0,1,1,1,1,0,0,0,1,1,1,1,1,0,1,1,1,0,1,0,1,0,0,1,1,0,0,1,0,0,0,1,0,0,0,1,1,0,0,0,1,0,0,1,0,1,1,0,0,1,0,0,1,0,1,0,1,1,0,1,1,1,1,0,1,0,1,0,1,1,1,1,1,0,0,1,0,1,1,0,0,1,0,1,1,1,0,1,1,1,0,0,1,1,0
0,1,0,0,1,1,0,1,0,1,0,0,0,1,0,0,0,1,0,0,0,0,1,0,1,0,0,1,1,1,0,0,0,0,1,0,0,0,1,1,0,1,0,0,1,0,1,1,1,1,1,1,1,1,0,1,0,0,1,1,1,0,1,0,1,0,1,0,0,1,0,1,0,1,0,0,0,1,0,0,0,0,0,1,1,1,0,1,0,0,0,1,1,1,1,1,1,1,1,1,1
1,1,1,0,0,0,0,0,0,0,0,0,0,1,1,0,1,1,0,1,1,0,1,1,0,0,1,1,1,0,1,0,0,1,0,1,0,0,1,1,0,0,0,1,1,0,1,1,0,0,0,0,0,1,1,0,0,1,0,1,1,0,0,1,0,0,1,0,0,1,0,1,1,0,1,0,1,0,1,0,1,1,0,0,1,0,0,1,0,0,1,0,1,1,0,1,1,0,1,1,1
0,0,0,1,0,0,0,1,1,0,1,0,0,0,1,0,1,1,1,0,1,0,1,0,1,0,1,1,0,1,1,0,0,0,0,0,0,0,1,1,0,0,0,0,1,0,0,1,0,1,1,0,1,0,0,1,0,0,1,1,1,1,1,1,0,0,1,1,0,0,1,0,1,0,1,1,1,0,0,1,0,1,1,0,0,1,0,1,0,1,0,0,0,0,0,0,0,1,0,0,0
0,1,1,0,1,0,1,1,1,1,0,1,0,1,0,1,1,0,1,0,0,1,1,1,1,1,1,1,0,1,0,1,0,1,1,1,0,0,1,1,1,1,1,1,1,0,0,1,0,0,1,0,0,0,1,1,1,0,0,1,1,0,0,0,0,1,1,1,0,0,1,0,0,0,1,0,0,1,1,0,0,0,0,0,1,1,0,0,1,1,0,1,1,0,1,0,0,1,0,0,1
1,0,1,1,1,0,1,1,0,1,1,0,1,0,0,1,1,0,0,0,0,0,0,1,0,1,0,1,1,0,1,1,1,0,1,1,1,1,1,1,0,0,1,1,0,1,1,1,0,0,0,1,0,0,0,0,0,0,0,0,0,1,1,1,1,0,1,0,1,0,0,1,0,0,0,1,0,1,1,0,1,0,1,1,1,0,0,1,0,1,1,0,0,0,1,1,0,1,1,1,1
1,1,0,1,0,0,1,0,0,1,1,0,0,0,1,0,0,1,1,0,1,0,0,1,1,0,0,1,1,1,0,0,1,0,1,1,1,0,0,0,0,0,1,0,1,1,1,1,0,0,1,1,0,1,1,1,0,1,1,1,0,1,0,0,0,0,0,0,1,1,0,0,1,0,1,0,0,1,0,0,1,1,0,1,1,1,1,1,1,0,0,0,1,1,0,0,0,1,0,0,0
1,1,1,0,1,1,1,1,0,0,0,0,0,0,0,1,0,0,0,0,0,1,1,1,1,1,0,0,1,0,0,0,0,0,1,1,0,1,0,0,1,1,0,0,0,0,0,1,0,0,0,1,1,0,0,0,1,1,1,1,0,1,1,1,0,1,0,0,0,1,1,1,0,1,0,1,1,0,0,1,1,1,0,0,1,0,1,1,1,1,0,1,1,1,1,1,0,1,0,1,1
0,1,1,0,0,0,0,0,0,0,0,0,0,1,1,1,1,0,0,1,1,1,0,0,1,1,0,1,0,0,1,0,1,0,0,1,1,0,0,0,1,1,1,1,1,0,1,1,0,1,1,0,0,1,1,0,1,1,0,1,1,0,1,0,0,1,1,0,1,1,0,1,1,0,0,1,1,0,1,1,0,0,0,0,0,0,0,0,1,0,0,1,1,1,1,1,0,0,0,0,1
1,1,1,1,1,0,0,1,0,0,0,1,1,0,0,0,0,1,1,0,0,0,0,1,0,1,1,0,1,0,0,0,1,1,1,1,0,1,1,1,0,0,1,0,0,0,1,1,1,0,1,1,0,1,0,0,1,1,1,1,0,0,0,1,0,0,0,0,0,0,0,0,0,1,1,1,1,1,0,1,0,0,1,1,0,1,0,1,0,1,0,1,1,1,1,1,0,1,1,0,1
1,0,0,1,1,0,0,0,0,1,1,0,0,1,1,0,0,1,1,0,1,1,0,0,0,0,0,0,0,1,0,0,1,0,1,1,1,0,0,1,0,1,1,0,0,0,1,0,0,0,0,0,0,1,0,0,0,1,1,0,1,1,0,1,0,0,1,0,0,1,1,0,1,1,1,1,1,0,0,0,1,0,0,0,0,0,0,1,1,1,1,0,0,1,0,0,1,0,0,1,1
1,1,1,1,1,0,1,1,0,1,0,0,1,0,1,0,0,0,1,0,0,1,1,0,1,0,1,1,0,0,0,1,1,1,0,0,0,1,1,1,0,0,1,1,1,1,1,1,0,1,0,1,1,1,0,0,1,0,0,1,1,1,0,0,1,1,0,1,1,1,0,0,1,1,1,1,1,1,0,0,0,1,0,0,1,0,1,0,1,0,1,0,0,0,1,1,1,1,1,0,1
1,0,1,0,0,1,1,1,0,0,1,1,0,1,1,1,1,1,1,0,0,0,0,1,0,1,1,1,1,0,1,1,0,0,1,1,1,0,0,0,1,0,1,0,0,1,0,1,0,0,0,1,1,1,0,0,0,1,0,0,1,1,0,0,0,1,0,1,0,0,0,0,0,1,0,0,1,0,0,1,1,0,0,0,0,1,0,0,1,1,0,1,0,1,1,1,1,1,1,1,1
1,1,1,1,1,1,1,1,0,1,1,1,1,0,1,0,0,1,1,1,1,0,0,1,1,0,1,0,0,0,0,0,0,1,0,1,1,1,1,1,1,1,1,1,0,1,1,0,1,1,1,1,0,0,0,1,1,0,1,0,1,1,0,0,0,0,1,1,1,1,1,1,0,0,1,0,1,1,1,0,0,1,0,0,0,0,1,1,0,0,0,1,1,0,0,0,0,1,0,1,1
1,0,0,1,1,0,1,0,0,1,0,1,1,1,1,1,0,1,0,1,0,1,0,1,1,0,0,0,0,0,1,1,0,1,0,1,1,1,1,1,0,1,1,1,1,1,1,1,1,0,1,1,1,0,1,0,1,0,1,0,0,0,1,0,0,0,0,0,0,0,1,0,1,0,0,0,1,0,0,1,0,1,1,0,1,0,1,0,1,0,1,0,1,0,0,0,1,1,1,1,1
1,1,0,0,0,1,1,0,1,1,1,0,0,1,0,1,1,1,1,1,1,0,0,0,0,0,1,0,1,0,0,1,1,0,0,1,1,1,0,1,0,1,0,0,1,0,0,0,1,0,0,1,1,1,1,0,1,0,1,0,0,0,1,1,1,1,0,0,0,0,1,1,1,1,1,1,0,0,0,0,0,0,1,0,1,1,1,1,0,1,1,0,0,1,1,1,0,1,1,0,0
0,1,1,1,0,1,0,0,1,1,1,1,0,1,1,1,0,0,0,1,1,1,1,0,0,0,1,1,1,1,1,0,1,0,1,0,0,0,0,1,1,0,1,0,1,1,1,1,0,0,1,1,1,0,1,1,0,0,1,0,1,1,0,1,1,1,1,1,0,0,0,1,1,1,0,0,1,1,0,0,0,0,1,0,1,1,1,1,1,0,1,1,1,0,1,0,1,0,1,1,0
1,1,1,0,0,1,1,1,1,1,0,1,1,1,0,1,0,0,0,1,1,0,0,0,0,0,0,1,1,0,1,0,1,1,0,0,0,0,0,1,1,1,0,0,0,0,0,1,1,0,0,1,0,0,1,0,1,0,0,1,0,0,1,0,1,0,1,0,0,1,1,1,1,0,1,0,1,0,1,0,1,1,0,0,0,1,0,0,1,1,0,1,1,0,1,0,1,0,1,0,1
0,1,1,1,1,1,0,0,1,1,1,1,0,0,1,0,0,1,1,1,1,0,0,0,0,1,0,0,1,1,0,1,1,0,1,0,0,0,0,0,1,1,1,1,1,0,0,1,1,0,1,0,1,0,0,1,0,1,1,0,0,1,1,1,0,1,0,1,1,0,0,0,0,0,1,1,1,0,0,1,0,1,0,0,1,0,0,1,0,0,0,1,0,0,1,1,0,1,0,0,1
1,0,1,0,0,0,0,1,0,1,1,1,1,0,1,1,0,1,0,0,0,1,0,1,0,1,1,1,1,0,0,0,0,1,1,0,1,1,0,0,1,0,0,0,1,1,1,1,1,0,1,0,0,1,0,1,1,1,1,0,0,0,1,1,0,1,0,0,1,1,0,1,1,0,0,0,0,0,1,1,0,1,0,1,0,0,0,0,1,1,1,1,0,0,1,0,1,1,1,0,1
0,1,1,0,1,0,0,0,1,0,0,0,1,1,1,0,1,1,0,0,0,1,1,1,1,0,1,0,0,1,1,1,0,1,1,1,0,1,0,0,1,0,0,0,0,1,0,1,0,0,0,1,1,1,1,1,0,1,0,1,1,0,0,0,1,0,1,0,1,0,0,1,0,0,0,1,0,0,0,1,1,1,0,0,1,1,1,1,0,1,0,0,0,1,1,0,1,1,0,0,1
0,0,1,0,1,1,0,0,1,0,0,1,0,1,1,0,1,1,1,1,1,1,0,0,1,0,0,1,1,1,1,0,0,1,0,1,1,1,0,1,1,0,1,1,0,1,0,1,1,0,1,1,0,1,1,0,0,0,1,0,0,1,0,1,0,1,0,0,0,1,0,1,1,1,1,1,1,0,0,0,1,0,0,0,0,0,0,0,0,1,0,0,1,1,0,0,0,0,1,0,1
0,0,0,1,1,0,1,0,1,0,1,1,0,1,0,1,1,1,1,1,0,1,1,1,1,1,0,1,1,1,1,0,1,1,1,0,1,1,1,1,0,1,1,0,0,0,0,1,0,1,1,0,0,0,1,0,0,1,1,0,1,1,1,0,1,0,0,1,0,1,0,0,1,0,0,1,1,1,0,1,0,0,1,0,0,1,0,0,1,1,0,1,1,0,0,1,1,0,0,1,1
1,0,1,1,0,0,1,1,1,1,0,0,1,1,1,1,0,0,0,1,1,0,1,1,0,0,1,1,1,0,0,1,1,1,0,1,0,1,1,0,0,1,1,0,1,1,0,1,1,0,1,1,1,1,1,1,0,1,0,0,1,1,1,0,0,1,0,1,0,0,0,0,0,0,1,1,0,1,0,1,1,1,0,1,0,1,1,1,1,1,1,1,1,0,1,1,1,1,0,0,0
1,0,0,1,1,1,0,1,0,0,0,0,0,1,1,0,0,1,1,0,1,1,1,0,1,0,0,1,1,1,0,1,0,0,1,1,0,1,0,0,0,1,0,1,0,1,1,1,0,1,1,0,0,1,0,0,1,1,0,1,0,0,1,1,0,1,1,1,0,1,0,0,0,1,0,0,1,1,1,1,1,1,1,1,1,0,1,0,0,0,1,0,1,0,1,0,0,0,1,0,1
1,0,1,0,1,0,0,0,1,0,0,1,1,1,0,0,0,0,0,1,0,0,0,1,1,0,1,1,1,0,1,0,1,1,0,1,1,0,1,1,0,0,0,1,1,1,0,1,1,0,0,0,0,1,1,0,0,1,1,0,1,0,1,0,0,1,1,0,0,0,1,1,1,1,0,1,1,1,1,0,0,0,0,1,0,1,0,0,0,0,0,0,1,1,0,0,1,0,1,1,1
0,0,0,0,0,1,0,0,0,1,0,1,1,1,1,1,0,1,1,0,0,1,1,1,0,0,1,0,1,1,0,0,1,0,1,0,0,1,1,1,1,0,0,1,1,0,1,0,0,1,1,0,0,0,1,1,0,0,0,0,1,0,1,1,1,0,0,0,1,0,0,1,0,1,0,1,0,0,1,1,1,0,0,0,1,1,0,1,0,0,0,0,1,0,0,1,0,0,1,0,0
1,1,0,0,0,1,0,0,1,1,0,1,0,1,1,1,0,0,1,1,1,1,1,1,0,1,0,1,1,0,0,0,1,0,0,1,0,0,1,1,1,1,0,1,0,0,1,1,0,0,0,0,0,1,1,0,0,1,0,1,1,1,0,1,0,0,0,0,0,0,0,0,0,1,0,0,1,0,0,0,1,0,1,0,0,1,1,1,1,1,1,0,1,0,0,1,1,0,1,1,1
0,1,0,0,1,1,1,0,0,0,1,0,0,0,0,1,0,0,0,1,0,1,0,0,0,1,0,1,1,0,0,0,1,1,1,1,0,1,0,1,1,1,0,0,1,0,0,0,1,0,1,1,1,1,1,0,0,1,0,0,1,1,1,1,0,1,0,0,1,1,1,0,1,0,0,0,0,0,1,1,0,1,1,0,1,1,1,0,0,1,0,0,1,1,1,1,0,1,0,0,1
0,1,1,1,1,0,0,1,0,0,0,0,0,0,0,0,0,1,1,1,1,1,0,1,0,1,0,1,0,0,1,1,1,1,1,1,1,1,1,1,1,0,1,0,1,1,1,1,0,1,0,0,0,1,1,0,0,0,1,0,0,0,0,0,0,1,0,0,1,0,1,1,1,0,0,1,1,0,1,1,1,1,1,0,1,0,1,1,0,0,1,1,0,1,1,0,0,0,0,0,1
0,1,0,1,0,0,1,0,0,0,1,0,1,1,0,0,1,0,1,1,0,0,0,1,1,0,1,0,1,0,1,0,0,1,1,1,0,1,1,1,0,1,1,1,1,1,1,0,1,1,0,1,0,1,1,0,1,0,1,0,0,1,0,0,1,1,0,1,0,0,1,0,1,0,0,0,0,1,0,0,1,0,1,1,0,1,1,1,0,1,0,0,1,1,0,1,0,0,0,0,0
1,0,1,0,0,1,1,0,0,0,1,0,0,0,0,1,1,0,0,1,0,1,0,0,0,1,1,0,1,1,1,1,0,1,1,0,0,1,1,1,0,0,0,0,1,0,0,0,0,1,1,0,1,0,1,1,0,0,1,0,0,1,0,0,1,0,0,0,0,0,0,1,0,1,1,1,1,1,1,1,0,0,1,1,0,0,0,0,1,1,0,0,0,1,1,1,0,0,1,0,1
0,1,1,1,0,1,0,1,1,0,0,0,0,1,0,1,1,1,1,1,0,0,1,0,0,0,1,0,1,0,1,0,1,0,1,1,0,1,1,1,0,1,1,0,0,1,1,0,1,0,1,0,0,0,0,1,1,1,1,0,0,0,1,0,1,0,0,0,1,1,0,0,0,1,0,1,0,0,1,0,1,0,0,0,1,0,1,0,0,1,1,0,0,0,0,1,1,0,0,0,1
1,1,0,0,1,1,1,1,0,1,1,0,0,0,0,0,1,1,1,1,0,1,1,0,1,0,0,1,1,0,1,0,1,0,0,0,0,1,1,1,1,0,0,0,0,1,1,0,0,1,1,0,1,1,1,1,1,0,1,1,1,1,1,1,1,1,1,1,0,1,0,1,0,0,1,1,0,1,1,0,0,1,0,1,1,1,0,1,1,1,0,0,1,1,1,1,1,1,0,1,1
0,1,0,1,1,1,0,0,0,1,0,1,0,1,1,1,1,1,0,1,0,1,1,0,0,1,1,0,0,1,1,0,0,1,0,1,1,1,1,0,0,1,1,0,1,0,0,0,0,0,1,1,0,0,0,0,0,1,0,1,0,0,0,0,1,1,0,0,1,1,1,0,0,0,1,0,0,1,0,1,0,1,0,1,1,1,0,1,0,1,0,1,1,0,1,0,0,1,0,0,1
0,1,0,0,1,0,1,0,0,1,0,0,1,0,1,1,1,1,0,1,1,0,0,1,0,1,0,1,0,0,1,1,0,1,0,1,1,1,0,0,1,0,0,1,0,1,0,0,1,1,0,1,1,0,0,1,0,1,0,0,0,1,1,1,0,0,0,0,1,1,1,1,0,0,0,0,0,1,1,0,1,0,0,0,0,1,1,0,1,1,0,0,0,1,1,1,1,1,1,1,1
1,0,1,1,0,0,0,0,1,0,0,0,0,1,1,1,1,0,1,1,0,0,0,1,0,0,1,1,1,0,0,0,0,0,0,1,1,0,1,0,1,1,0,1,1,0,1,1,0,1,0,1,0,1,0,0,0,0,1,1,0,1,0,1,0,0,0,0,0,1,0,1,1,0,1,1,0,1,0,0,1,0,1,1,0,1,0,1,0,0,0,1,0,0,1,1,0,1,1,0,0
1,1,1,0,0,1,0,1,0,1,0,1,0,0,1,1,1,1,1,0,0,1,1,0,1,0,1,0,0,1,0,1,1,1,0,1,1,1,0,0,0,1,0,1,1,0,1,1,1,1,1,0,1,1,0,0,1,0,0,0,0,1,1,0,0,0,0,1,0,0,0,1,1,0,1,1,0,1,0,1,1,0,0,0,0,0,0,1,0,0,0,1,0,1,0,0,1,1,1,1,1
1,0,0,1,0,0,1,0,1,1,1,1,1,0,0,1,1,0,1,0,0,0,1,1,0,1,0,1,1,1,1,0,1,0,0,0,1,0,1,1,0,1,1,1,0,1,1,0,0,1,1,0,1,1,0,1,0,1,0,1,1,0,0,1,1,1,0,0,1,0,0,0,1,1,1,0,0,1,1,1,1,1,0,1,1,0,0,0,0,0,1,0,1,0,0,1,0,0,1,0,0
0,0,1,0,1,1,0,0,0,1,0,0,1,1,1,0,0,1,0,1,1,0,1,1,0,0,0,1,1,0,1,0,1,1,0,0,1,0,1,1,0,1,1,0,1,1,0,0,0,0,1,0,0,0,1,0,0,1,1,0,1,0,1,0,1,0,1,1,0,0,0,0,0,0,1,1,1,0,1,0,1,0,1,0,0,0,1,1,1,0,1,1,0,1,1,0,0,1,1,1,1
1,1,0,0,1,1,0,0,1,0,0,1,1,0,0,1,1,0,0,1,1,1,1,0,1,1,0,1,0,0,1,0,1,0,1,1,0,0,0,0,0,1,0,0,1,1,0,1,1,0,0,0,1,0,0,0,0,1,0,1,0,0,0,1,1,0,0,1,0,0,1,1,0,0,0,0,0,1,1,0,0,1,0,0,1,1,0,1,0,0,1,1,0,1,1,0,0,1,0,0,1
1,1,1,0,0,0,1,1,0,1,0,1,1,0,0,0,0,1,0,0,1,1,1,0,0,1,0,1,1,1,1,1,0,1,0,0,1,0,0,0,1,0,0,0,0,0,1,0,1,0,1,1,0,1,1,1,1,1,1,1,1,1,1,0,1,0,1,1,0,1,1,1,0,0,0,0,0,0,0,0,1,1,0,1,1,0,1,0,0,0,1,0,1,0,0,1,1,1,1,0,1
1,0,0,1,0,1,0,1,1,0,1,1,1,0,1,0,0,0,1,1,0,0,0,0,0,0,0,0,0,1,1,1,1,0,0,0,0,1,1,1,1,0,1,0,0,1,0,1,0,0,1,0,0,1,1,0,1,0,1,1,1,0,0,0,0,1,0,1,1,0,0,0,1,1,1,0,1,0,0,1,1,1,1,1,0,0,1,0,0,1,1,1,1,1,0,1,0,0,0,0,1
1,1,1,1,1,1,0,1,1,1,1,0,1,0,1,1,1,1,0,1,0,0,1,1,1,1,0,1,0,1,0,0,1,1,0,1,1,0,0,1,0,1,0,1,1,1,1,1,1,1,1,0,0,0,1,0,1,0,1,0,1,1,0,1,0,0,1,0,1,0,0,0,1,1,1,1,0,1,0,1,1,1,0,1,1,1,1,0,0,1,0,0,0,0,1,0,1,1,1,1,1
0,1,0,1,1,0,0,0,1,1,0,0,0,1,0,1,0,0,0,0,1,0,1,0,1,0,1,0,1,1,0,0,0,0,0,1,0,1,1,1,1,0,0,0,1,0,0,0,0,1,0,1,1,0,0,0,1,0,1,0,0,0,0,0,1,0,0,0,1,1,1,0,0,1,1,1,0,1,0,0,0,0,1,1,1,0,0,0,0,0,0,1,1,1,0,1,0,0,1,1,1
0,0,1,0,0,1,1,1,0,1,1,1,1,1,0,0,0,0,0,1,0,1,1,1,0,1,0,1,0,0,0,0,0,0,1,0,0,0,1,1,1,0,0,0,0,0,1,0,1,1,0,1,1,1,1,1,0,1,0,0,0,1,1,1,1,1,0,0,1,0,1,0,1,0,1,1,0,1,0,1,0,1,0,1,1,0,0,0,1,1,1,1,1,0,1,0,0,0,0,1,1
1,1,1,0,1,1,1,0,1,0,1,1,1,1,0,0,1,1,0,0,1,0,0,1,1,1,1,1,1,1,0,0,0,0,0,1,1,1,1,0,0,0,1,0,0,0,0,1,0,1,1,1,1,1,1,1,0,0,1,0,0,0,1,0,1,0,1,1,1,0,1,1,1,0,0,1,0,0,1,0,1,0,1,0,0,0,1,0,1,1,1,0,0,1,0,1,1,1,1,1,1
1,1,1,0,1,0,0,0,0,0,1,0,0,0,0,1,1,1,1,1,0,0,0,0,0,0,1,0,1,0,1,0,0,0,1,0,0,1,0,0,0,0,0,0,0,1,1,1,1,1,0,0,1,1,0,1,0,0,0,1,1,1,1,0,0,0,1,1,0,0,1,1,0,1,0,1,0,0,1,1,0,0,0,1,1,1,1,0,0,0,0,0,1,1,1,0,1,1,1,1,1
0,1,0,0,0,0,0,0,0,0,0,1,0,1,1,0,0,1,0,1,0,0,1,0,1,0,0,0,1,0,0,0,0,1,1,0,0,1,0,0,0,0,1,0,0,0,1,0,1,0,1,0,0,1,0,0,0,1,1,1,0,1,0,1,1,1,1,0,1,1,0,0,1,1,1,1,1,0,1,0,1,1,1,0,1,0,1,0,1,1,0,1,0,1,0,1,0,0,1,1,1
1,0,0,0,1,1,0,1,1,1,0,1,0,0,1,1,0,0,0,0,0,1,1,0,1,1,0,1,1,0,1,0,0,1,1,1,0,0,0,1,0,1,1,0,0,0,1,0,0,1,0,0,1,0,1,1,0,1,1,0,0,1,1,1,1,0,1,0,1,1,0,1,0,1,0,1,1,1,1,1,1,0,1,1,1,1,0,0,1,1,0,0,0,1,1,1,0,1,1,0,1
1,1,0,0,1,0,0,1,0,0,0,0,1,1,0,1,1,1,1,0,1,1,0,0,1,0,1,1,1,1,0,1,1,0,0,0,1,1,0,1,0,0,1,1,0,1,1,1,0,0,0,1,1,0,1,1,1,0,1,0,0,0,1,1,0,0,1,0,0,0,1,1,1,1,1,0,1,0,1,0,0,0,1,1,1,1,1,0,1,1,0,1,1,1,0,0,1,0,1,1,1
0,0,0,0,0,0,0,1,1,1,0,1,1,1,1,0,1,1,1,1,0,0,1,1,0,1,1,1,0,1,0,0,0,1,0,1,1,1,1,1,0,1,1,0,1,1,0,1,0,1,0,0,1,0,0,0,1,1,1,0,0,0,1,0,0,1,0,0,0,1,0,1,0,0,1,1,0,1,1,0,1,0,0,1,1,1,0,1,1,1,1,1,1,1,0,0,0,1,0,1,0
1,1,1,1,0,1,0,1,0,0,1,1,0,1,0,0,1,0,1,1,0,1,0,1,0,1,1,0,0,0,1,0,0,0,0,0,1,1,1,0,1,1,1,1,0,1,1,0,1,0,1,0,1,0,1,0,0,1,1,1,0,0,0,0,0,1,1,0,1,0,0,0,1,0,1,0,0,0,1,1,0,0,1,1,1,1,1,1,1,0,1,0,0,0,0,1,0,1,0,0,0
1,0,0,0,0,0,1,1,0,0,1,0,0,0,1,0,1,1,1,0,1,0,0,1,1,0,1,1,1,0,1,0,1,1,0,1,0,0,1,0,0,1,0,0,1,1,1,1,1,1,1,0,1,1,0,1,0,1,1,0,0,1,0,0,1,0,0,0,0,1,1,0,1,0,1,0,0,1,1,1,1,1,1,1,0,1,1,0,1,1,1,1,0,0,1,0,0,1,0,0,1
0,0,0,1,1,0,1,1,0,0,0,1,0,0,1,0,0,0,1,0,1,1,0,0,0,1,0,0,0,0,0,1,0,0,0,1,1,1,0,1,0,1,0,0,1,0,0,1,1,0,1,0,1,1,0,1,0,0,1,1,0,1,1,1,0,0,1,0,1,1,1,1,0,0,0,0,1,0,0,0,1,0,1,0,0,1,0,1,0,1,1,1,1,1,0,0,1,1,1,1,0
1,1,1,1,1,0,1,0,0,0,1,0,1,1,1,0,1,1,0,0,1,1,0,0,0,1,0,0,0,0,1,1,0,1,1,1,0,1,0,0,0,0,0,1,1,0,1,0,0,1,1,1,1,0,0,0,0,1,0,1,1,1,0,0,1,0,1,0,0,1,1,0,0,0,0,0,0,1,1,1,1,0,0,1,1,1,1,1,0,1,0,0,0,1,0,1,0,1,1,1,1
1,1,1,1,0,0,1,1,1,1,1,0,1,0,1,0,1,0,0,1,0,1,1,1,0,1,1,0,0,1,1,0,1,0,0,0,0,0,1,0,1,0,0,0,0,0,0,0,1,0,0,0,0,0,1,1,1,0,1,1,0,0,1,1,0,1,1,0,1,1,0,1,0,0,0,0,1,0,0,1,0,0,0,0,0,1,0,1,1,0,0,0,1,0,1,1,0,1,1,0,1
0,1,0,0,1,0,0,1,1,1,1,1,1,1,1,0,0,1,1,1,0,0,0,0,0,0,1,1,1,1,0,1,0,0,0,0,1,0,1,0,0,1,1,0,1,0,0,1,0,0,1,1,1,0,1,1,1,0,0,0,1,1,1,1,1,1,0,1,1,0,1,0,0,0,1,0,0,0,1,1,0,0,1,0,1,0,0,1,1,0,1,0,0,1,1,1,1,1,1,1,0
0,1,1,1,0,0,1,1,1,0,0,1,1,1,1,0,0,0,0,1,1,1,1,0,1,0,1,1,0,1,1,0,1,0,0,0,0,0,1,0,0,0,0,1,0,1,0,0,0,1,1,0,1,1,0,1,0,0,1,0,1,1,1,1,1,0,1,0,0,1,0,0,0,1,0,0,0,0,1,1,0,1,0,0,0,1,0,0,0,0,0,0,0,1,0,1,1,0,0,1,0
1,1,0,0,1,0,1,0,0,1,1,1,0,0,0,1,1,0,1,0,0,0,1,0,0,0,1,1,1,1,1,1,1,1,1,0,0,1,0,1,1,0,1,0,1,0,1,0,1,1,0,0,1,1,1,0,0,0,0,0,0,0,1,1,0,0,1,1,1,0,0,1,1,0,0,1,1,0,1,1,1,0,0,0,0,1,0,0,0,0,1,1,1,0,1,1,1,1,0,1,1
1,0,0,0,0,1,0,0,0,0,1,1,0,1,0,1,0,0,0,1,1,1,0,0,0,1,1,1,1,0,1,0,0,0,0,0,1,0,0,1,0,1,0,1,0,1,1,1,1,1,0,1,1,1,0,0,1,1,0,1,0,0,0,0,1,0,1,1,1,1,1,0,1,1,0,0,1,0,0,0,1,0,0,1,0,1,0,1,0,1,0,0,0,0,0,1,1,1,0,1,0
1,0,0,1,0,1,1,1,1,0,0,1,1,1,1,1,0,0,0,0,0,0,0,1,0,0,0,0,1,1,1,0,0,1,1,1,1,1,0,0,0,1,0,1,0,1,0,1,1,0,1,1,0,1,0,0,0,0,1,0,0,0,1,0,0,1,0,1,1,0,1,0,0,0,0,1,1,0,1,0,0,0,0,0,0,0,1,1,0,0,1,0,1,1,1,1,0,1,0,1,0
1,1,1,1,1,0,1,1,1,0,1,1,0,0,1,1,0,0,1,0,1,1,0,1,1,0,1,0,1,0,1,0,1,1,0,0,0,1,1,0,0,0,0,0,1,0,1,1,1,0,1,1,1,1,0,1,1,0,0,0,0,1,1,1,1,1,1,1,0,1,0,1,1,1,0,0,0,0,1,0,0,0,0,0,1,1,0,1,0,0,1,1,0,0,1,1,0,0,1,1,1
1,0,0,1,0,0,0,0,1,1,1,0,0,0,1,0,0,1,1,0,0,1,1,0,0,1,1,0,1,0,0,1,1,1,0,1,0,0,1,0,0,0,0,0,1,1,0,1,1,1,0,0,0,1,1,0,0,0,1,1,0,0,1,0,0,1,0,1,0,0,0,0,0,1,1,1,1,1,0,1,0,0,1,1,0,1,0,0,0,1,0,1,0,1,0,0,1,0,0,0,1
1,0,0,1,0,1,1,0,1,0,0,0,1,1,0,0,1,0,0,1,1,1,1,0,1,0,0,1,1,1,1,0,1,1,0,1,0,1,1,0,1,0,1,0,0,1,0,1,1,1,0,1,1,1,0,1,1,1,1,0,1,0,0,1,1,0,0,1,1,1,0,1,0,0,0,0,1,0,0,0,1,1,0,0,0,0,0,1,1,1,1,1,0,0,0,0,1,1,1,0,1
1,0,0,0,1,0,0,1,0,1,0,0,0,0,0,0,1,0,1,1,1,0,0,0,1,1,0,1,0,0,0,0,0,1,1,0,1,1,1,0,0,0,1,1,0,0,0,0,1,0,0,1,1,1,0,1,0,0,1,0,0,1,0,0,0,0,1,1,1,0,1,1,0,0,1,0,0,0,1,1,0,0,0,0,0,0,0,1,1,1,0,1,0,1,0,1,0,1,0,0,1
0,0,0,0,1,1,1,1,0,0,1,0,0,1,0,1,1,0,1,1,1,1,1,1,1,0,1,1,0,1,0,1,1,1,1,0,1,1,1,0,0,0,0,0,0,1,0,0,1,0,1,0,1,0,1,1,1,0,0,0,1,0,1,1,0,1,1,1,1,0,0,1,0,0,1,1,0,1,1,0,0,1,0,0,0,1,1,1,1,0,0,1,1,0,0,1,1,1,0,0,0
0,1,1,0,1,1,1,1,1,1,1,1,0,0,1,1,0,0,1,1,1,1,0,1,0,1,1,0,1,0,1,0,1,0,1,0,1,0,0,0,1,0,0,1,0,0,1,1,0,1,1,0,1,1,1,0,1,0,1,1,1,1,1,1,1,0,0,1,1,1,0,1,1,1,0,0,1,1,1,1,0,1,0,0,0,1,1,0,1,1,1,1,0,1,0,1,1,1,0,0,0
1,0,1,0,1,0,1,0,0,0,1,1,0,1,1,0,0,0,1,1,0,1,0,1,0,1,0,0,0,1,0,1,0,0,0,1,1,0,1,0,1,0,1,1,1,1,1,0,0,0,1,0,1,1,1,0,0,0,0,1,0,1,0,0,0,1,0,1,1,0,1,1,0,0,0,1,1,1,0,0,1,1,0,0,1,0,0,1,0,1,0,0,1,0,0,1,1,0,0,1,0
0,0,1,0,0,0,0,1,0,1,1,1,1,1,0,0,1,1,1,0,0,1,1,1,0,1,1,1,0,0,0,0,1,1,1,0,0,1,0,0,1,0,1,1,0,0,1,0,0,1,0,1,0,1,1,0,1,1,1,1,1,1,1,0,0,1,1,0,1,0,0,0,0,0,0,1,1,1,0,0,1,1,0,0,0,1,0,1,0,0,0,1,0,0,1,0,0,0,1,0,1
1,0,0,1,1,1,0,1,1,1,1,0,1,1,1,1,0,1,0,1,1,1,0,1,1,1,0,1,0,0,1,1,0,1,1,1,0,0,1,0,1,1,1,1,1,1,1,1,0,1,0,1,0,0,1,0,1,1,1,1,1,0,0,1,1,1,1,0,0,0,1,1,0,0,0,0,0,1,0,1,0,0,1,0,0,0,0,1,0,1,1,1,0,0,0,0,0,0,0,0,1
0,0,0,1,1,0,1,0,1,1,0,0,0,1,1,1,0,0,0,1,1,1,1,0,1,1,1,1,1,0,1,0,1,0,0,1,1,1,0,1,0,0,0,0,1,1,0,1,1,1,1,1,0,0,1,0,1,1,0,1,1,1,1,0,0,1,1,1,1,0,0,0,1,1,1,0,1,1,0,1,0,1,0,1,1,0,0,0,1,1,0,0,1,0,1,1,0,1,0,1,0
1,0,1,0,0,1,0,1,0,0,0,0,0,0,0,1,1,0,1,0,0,1,1,0,1,0,0,1,1,1,1,1,0,1,1,0,1,0,1,1,0,1,0,1,0,0,0,1,0,0,1,1,1,1,0,1,0,0,1,1,0,1,0,1,1,1,1,1,0,0,0,1,1,0,1,0,1,1,0,1,1,1,0,0,0,1,1,1,0,1,0,0,1,0,1,1,1,1,1,1,1
1,0,1,1,0,1,0,1,0,1,0,1,1,0,0,0,1,0,1,0,0,1,1,1,0,1,1,1,1,1,1,0,0,1,1,1,0,1,0,0,1,1,1,0,0,1,1,0,0,1,1,1,1,1,1,0,0,1,1,1,1,0,0,0,0,0,1,0,0,0,1,1,0,0,1,1,1,1,1,0,0,1,1,1,0,1,1,1,0,1,1,1,0,0,1,0,1,0,1,1,1
0,0,1,0,1,1,0,0,1,0,0,1,1,0,0,0,1,0,0,0,1,1,0,0,1,1,0,0,0,1,0,1,1,1,0,0,1,1,0,1,0,0,1,0,0,1,0,0,1,0,0,0,1,0,1,1,0,0,0,1,0,0,0,1,1,1,1,1,0,1,0,1,1,0,1,1,0,1,1,0,1,1,0,1,0,0,0,0,1,1,1,1,0,1,1,1,1,1,0,0,1
0,0,1,1,1,1,1,0,1,0,1,0,0,1,1,1,0,0,0,1,1,1,1,0,0,1,1,1,0,0,1,1,0,1,1,0,1,0,0,0,1,0,0,0,1,0,1,1,1,1,1,1,0,0,1,1,1,1,0,0,0,1,1,1,1,0,1,1,1,0,1,1,0,0,1,0,1,0,1,1,0,1,0,1,1,0,1,1,1,0,0,1,0,1,0,0,1,1,1,1,1
1,0,1,0,1,0,1,1,1,1,1,0,1,1,0,1,1,0,1,0,1,1,0,0,1,1,0,1,0,0,0,0,0,1,0,1,1,1,0,1,0,0,1,1,0,1,1,1,0,0,1,1,1,1,0,0,1,0,0,1,1,0,1,0,0,0,0,1,0,1,1,1,1,1,0,0,0,1,0,0,1,0,1,0,0,0,0,1,0,1,1,1,1,0,0,1,0,1,0,1,1
0,0,1,1,1,0,0,1,0,1,0,1,1,0,0,0,0,1,1,1,1,0,1,1,1,0,0,1,0,1,1,1,0,0,1,0,1,0,1,1,0,1,1,1,0,1,1,1,0,0,0,1,1,0,0,1,1,1,1,1,1,0,0,0,1,0,0,0,0,1,0,1,0,0,0,1,1,1,1,1,1,1,0,0,1,1,0,0,0,1,1,1,1,0,1,1,0,0,1,0,1
0,0,1,1,0,1,1,1,1,1,1,0,1,1,1,0,0,0,0,1,1,0,1,1,1,1,0,1,0,1,1,1,1,1,0,0,0,1,0,1,1,0,1,0,1,1,0,0,0,1,0,1,1,0,1,0,1,0,0,0,0,0,1,0,1,0,0,0,1,1,0,1,0,1,1,1,0,0,1,0,0,1,0,0,1,0,1,0,0,0,0,1,1,1,1,1,1,0,0,0,0
0,1,1,0,1,0,1,1,1,0,0,0,0,1,1,1,1,0,1,0,1,0,0,1,0,1,1,0,0,0,0,0,1,1,0,1,1,0,0,0,0,1,0,0,0,0,0,1,0,1,0,1,1,0,1,0,0,0,0,1,0,0,0,0,1,1,0,0,0,0,1,0,0,1,0,1,1,0,0,1,0,0,0,1,0,0,1,0,0,0,0,1,1,1,1,1,1,1,0,0,0
0,1,0,0,1,1,0,0,0,0,1,0,1,1,0,1,0,0,1,0,0,0,0,1,0,0,0,1,0,0,0,1,1,0,1,1,0,0,1,0,1,0,0,1,1,1,0,0,0,1,1,1,1,0,0,1,0,0,1,0,1,1,0,1,0,0,0,0,1,0,1,0,1,0,1,0,1,0,0,1,0,0,1,1,0,1,0,1,1,0,1,0,0,1,1,0,0,0,0,1,0
1,1,1,1,1,1,1,1,1,1,0,0,1,1,0,1,0,0,0,1,0,0,0,0,0,0,1,0,1,0,1,1,1,1,0,1,1,0,1,1,0,1,0,0,0,1,0,0,0,0,0,1,1,1,0,1,0,0,0,1,0,0,0,0,1,0,1,1,0,0,1,0,1,1,1,0,0,1,1,0,0,1,1,1,1,1,1,0,0,0,1,0,0,0,0,1,0,0,0,1,1
1,0,1,0,1,1,0,0,1,1,0,0,0,0,0,1,0,1,1,1,1,1,0,0,0,1,1,1,1,1,1,0,0,1,0,1,0,0,1,1,0,1,0,1,1,1,0,0,1,1,0,1,1,0,0,1,1,0,1,0,0,0,1,0,1,0,0,1,1,0,1,0,1,1,1,1,1,1,0,1,0,0,1,1,0,0,0,0,0,0,0,0,0,1,0,0,1,0,1,1,1
0,1,0,1,1,0,0,1,1,0,1,1,0,1,0,1,0,1,1,1,1,1,1,1,1,1,1,1,0,0,1,0,1,0,0,0,0,0,0,0,1,1,0,1,1,0,1,0,0,1,1,1,1,0,1,1,0,0,1,0,1,1,0,0,1,0,0,1,0,0,1,1,1,1,1,1,1,0,1,1,0,1,0,0,0,0,1,1,1,1,0,0,1,1,0,1,0,0,1,0,1
1,0,0,0,1,1,0,0,0,0,0,0,0,1,1,0,0,1,0,0,1,0,1,0,0,1,1,0,0,0,1,1,0,1,1,1,0,0,1,1,0,1,0,1,0,1,0,0,1,0,0,1,1,1,1,1,1,1,0,1,0,0,1,1,1,0,1,1,1,1,0,0,0,0,0,1,0,1,1,1,1,0,0,1,1,0,0,0,0,1,1,0,0,1,0,1,0,1,0,1,1
1,0,1,1,0,0,1,1,0,0,1,0,1,0,0,0,1,1,1,1,0,0,1,1,1,0,1,0,1,0,0,0,1,0,0,1,0,0,1,1,0,0,0,0,1,0,1,0,0,0,1,0,1,1,1,0,0,0,0,0,0,0,0,0,1,1,1,0,0,1,1,1,0,1,0,0,0,0,1,0,1,1,1,1,1,1,1,1,1,0,0,1,0,1,0,1,1,0,0,1,1
0,1,0,1,0,0,0,0,0,0,1,1,0,0,1,1,1,0,0,1,0,1,1,0,1,0,1,1,0,1,1,1,1,0,1,0,1,1,0,1,1,0,0,0,1,1,1,0,1,1,1,0,1,0,1,0,0,0,0,0,0,0,0,1,1,0,1,0,0,0,0,0,1,1,1,0,0,1,0,0,1,1,1,1,1,0,1,1,1,1,0,1,0,1,1,0,1,1,1,1,0
1,0,0,1,0,0,1,1,0,1,0,0,0,0,1,0,0,0,0,0,1,1,0,0,0,0,0,0,1,0,0,1,1,1,1,1,0,0,0,1,1,0,1,1,0,0,1,1,0,0,0,0,1,1,1,0,0,1,0,1,0,1,1,0,0,1,1,0,0,0,0,0,0,1,1,1,1,0,1,1,1,1,1,0,0,1,0,0,1,1,1,1,0,1,1,1,0,1,1,1,1
1,0,1,1,0,1,0,1,1,0,1,0,1,1,0,1,0,0,1,1,1,0,1,0,1,0,1,1,0,0,0,1,0,0,0,0,1,0,0,1,0,0,1,1,0,1,1,0,0,1,0,0,1,0,1,1,0,1,0,0,1,1,0,0,0,0,0,1,0,1,0,0,0,1,0,1,0,0,0,0,0,1,1,1,0,1,0,0,1,0,0,1,0,0,1,0,1,0,1,1,0
1,0,1,1,1,0,1,1,1,1,1,1,1,1,0,0,1,1,0,1,1,0,1,1,1,1,0,0,1,0,0,1,1,1,1,1,1,0,1,1,0,1,0,1,1,0,1,1,0,1,1,1,0,0,1,1,0,0,1,0,1,0,1,1,1,0,0,0,1,1,1,0,1,0,0,1,1,1,1,0,0,1,1,0,0,1,1,0,1,0,1,0,0,0,1,0,0,1,1,0,1
1,1,1,1,1,0,1,1,0,0,1,1,1,0,1,0,1,0,1,1,0,1,0,0,0,0,0,1,1,0,1,1,0,0,1,0,1,1,0,0,0,1,0,0,1,1,1,1,1,0,1,0,0,1,0,1,0,0,0,0,1,1,0,1,1,0,1,0,0,0,0,1,0,1,0,0,1,0,1,1,1,1,1,1,0,0,1,1,0,0,1,1,0,1,1,1,1,0,1,0,0
0,1,1,0,0,1,0,1,1,0,1,1,0,1,0,0,1,1,1,1,0,1,1,1,0,0,0,1,1,0,1,0,0,1,1,1,1,0,0,0,0,0,0,0,1,0,0,1,1,1,0,0,1,1,0,0,1,1,0,0,0,1,0,1,0,0,0,0,1,1,1,1,0,0,0,1,1,1,1,0,1,0,1,1,0,1,0,0,0,0,1,1,1,0,1,1,1,0,1,0,1
1,0,1,0,0,1,1,0,1,0,1,0,0,0,1,1,1,0,0,0,0,1,0,1,0,0,0,0,1,1,1,1,0,0,1,0,1,0,1,0,1,0,0,1,0,1,0,0,0,1,0,1,0,1,1,1,1,1,0,0,1,0,0,1,0,1,0,1,0,0,1,0,1,1,1,0,1,1,0,0,1,1,0,1,0,1,1,1,0,0,1,1,0,1,0,1,1,1,0,0,0
1,1,0,0,1,1,1,0,1,0,1,1,0,0,1,1,1,1,0,1,1,1,1,0,1,1,1,0,1,1,0,0,0,1,1,1,0,0,1,1,0,1,0,0,0,1,0,1,0,1,1,1,1,1,0,1,1,0,1,0,0,1,0,1,1,1,0,1,0,1,0,1,0,1,1,0,0,1,0,0,0,1,0,0,0,1,1,0,1,1,0,0,0,0,1,1,1,0,1,0,1
1,1,1,0,1,0,0,1,1,1,1,0,1,1,1,0,1,0,1,0,0,0,0,1,1,0,0,0,0,1,0,1,1,1,0,1,1,0,0,1,1,0,0,0,1,0,1,0,0,1,0,1,1,0,0,1,1,1,0,1,1,0,1,1,1,1,1,1,0,1,1,0,0,0,0,1,0,0,0,0,1,1,1,0,0,0,0,0,1,0,0,0,0,1,0,1,1,0,1,0,1
1,1,1,0,0,1,1,0,0,0,0,1,0,1,0,1,1,0,0,1,1,1,0,0,0,1,1,0,1,1,0,1,1,0,1,0,0,1,1,0,0,0,1,1,0,1,1,1,0,0,0,0,1,0,1,1,1,1,0,1,0,0,0,1,1,1,1,0,1,0,1,0,1,0,1,1,0,0,0,0,1,1,0,1,1,0,0,1,0,1,0,1,1,0,0,1,1,0,0,0,1
1,1,1,0,1,1,1,1,1,0,0,0,0,1,1,0,1,1,0,1,1,0,1,1,0,1,0,0,0,0,0,1,1,0,0,0,0,1,1,0,0,1,0,1,1,0,0,0,1,0,0,0,0,1,0,1,0,0,0,1,1,1,1,0,1,1,1,1,1,0,0,1,1,1,1,0,0,0,0,0,0,0,0,0,0,1,0,1,0,1,0,1,0,0,0,0,1,0,0,1,1
1,1,1,0,1,0,0,1,0,1,1,1,0,1,1,1,1,1,1,1,1,1,1,1,1,0,0,1,0,0,0,1,1,1,1,0,0,1,0,1,1,1,0,1,0,1,0,0,1,0,1,0,1,0,0,0,0,0,0,1,1,1,1,1,1,0,0,0,1,0,0,1,1,0,0,0,1,1,1,0,1,1,1,0,0,1,1,0,1,1,0,0,1,0,0,0,0,1,1,1,1
1,0,1,0,1,0,0,1,0,1,1,0,1,0,0,1,0,1,1,1,0,1,0,0,0,0,0,0,1,0,1,0,1,1,0,0,1,0,0,1,0,0,0,0,0,1,0,1,1,0,0,1,0,1,1,1,1,0,0,1,0,1,0,1,1,0,0,1,1,1,1,0,0,1,0,1,1,0,1,1,1,0,1,1,1,1,1,1,1,0,1,1,1,0,1,1,0,0,1,0,1
0,1,1,1,1,0,1,1,0,1,0,1,0,0,0,1,0,0,1,0,1,1,1,0,0,1,0,0,0,0,1,0,0,0,0,0,0,1,0,0,0,0,0,1,0,0,0,1,0,0,1,1,0,1,1,0,0,1,1,1,1,0,1,0,1,0,0,1,1,0,1,1,0,1,0,1,1,0,0,0,0,1,1,0,1,0,0,1,1,0,1,0,0,1,0,0,1,1,0,0,1
1,1,1,0,1,1,1,1,1,1,1,0,1,1,1,0,1,1,0,0,0,0,1,0,0,1,0,1,0,1,0,1,1,0,0,0,1,0,1,1,1,0,0,0,0,1,1,1,0,1,0,0,0,1,0,1,0,0,1,0,1,1,0,1,0,0,1,1,1,1,1,0,1,0,1,0,0,0,0,0,1,0,1,0,1,0,0,1,0,1,1,0,0,1,1,0,1,1,0,0,1
0,0,1,1,0,0,0,0,1,0,1,1,1,0,1,0,0,1,0,0,0,0,1,1,1,0,1,0,0,1,0,1,1,1,0,1,0,1,0,0,0,1,1,1,1,1,1,1,0,1,0,1,1,0,0,0,0,1,0,1,1,0,1,0,1,0,1,1,0,0,1,1,0,1,0,1,0,0,1,1,1,0,0,0,0,1,0,0,1,0,0,1,1,1,1,0,0,1,0,1,0
1,1,1,1,0,1,1,0,0,0,1,0,0,1,0,1,1,0,0,0,0,1,1,0,0,1,1,0,0,0,0,0,1,0,0,0,1,0,1,1,0,1,0,0,1,0,1,0,1,0,0,0,0,0,1,0,1,0,0,0,0,1,1,1,0,1,0,1,1,1,1,0,1,1,1,0,1,1,1,1,0,0,1,1,1,0,0,1,1,1,0,0,1,1,0,1,1,0,0,0,0
1,0,0,1,0,0,0,0,1,0,0,0,1,1,1,0,0,1,1,1,0,1,1,1,0,0,0,1,0,1,0,1,0,1,0,0,0,1,0,1,1,1,1,0,1,0,0,0,0,1,1,1,0,0,1,1,0,1,0,1,1,1,0,1,0,0,1,1,1,0,0,1,1,0,1,0,0,0,1,0,1,1,0,1,0,0,1,1,0,1,1,1,0,0,1,1,0,0,0,0,0
1,1,0,0,1,0,1,0,1,1,0,0,1,1,0,0,1,0,0,0,0,1,1,0,1,0,1,0,1,0,0,0,1,1,1,0,1,0,0,0,0,1,0,0,1,1,1,0,0,1,0,0,1,0,1,0,0,0,1,1,1,1,1,1,0,1,1,0,1,1,0,1,0,0,1,1,0,0,0,1,0,1,0,0,0,0,1,0,0,1,1,1,0,1,1,1,0,0,0,1,1
1,1,0,1,1,0,1,1,0,1,1,0,0,1,0,0,1,1,1,0,0,0,0,0,0,1,0,0,0,1,1,1,1,1,1,1,0,1,1,0,1,1,1,0,1,1,0,1,0,0,0,0,0,0,1,1,0,0,0,0,0,0,1,0,0,1,0,0,1,1,1,1,1,0,1,0,1,0,0,0,1,1,0,0,1,1,1,0,1,0,0,1,1,1,1,0,1,1,0,0,1
0,0,1,1,0,1,0,0,0,1,1,0,0,0,0,1,0,1,1,0,0,1,0,1,1,0,1,1,1,0,0,0,0,0,0,0,0,1,0,1,0,0,1,1,1,0,1,0,0,0,1,0,1,0,1,0,0,1,1,1,0,0,0,0,1,1,0,0,0,1,0,0,1,0,0,0,0,0,0,1,0,0,0,0,1,1,0,1,1,0,0,1,0,0,1,1,0,0,0,0,0
0,1,0,1,1,1,0,0,1,1,1,0,0,1,0,0,1,0,0,0,1,0,0,1,1,1,1,0,0,0,0,1,0,1,1,0,1,0,0,1,1,0,0,1,0,1,1,0,0,0,0,0,0,0,0,1,1,1,0,0,1,0,0,0,0,0,1,0,0,1,0,1,0,1,0,0,0,0,1,0,0,1,0,0,1,0,1,0,1,1,1,1,0,1,1,0,0,0,0,1,0
1,0,1,0,1,1,0,1,1,0,1,1,1,1,1,0,0,1,1,1,0,1,1,0,0,1,1,0,0,0,0,1,1,1,1,0,1,1,0,0,1,1,1,0,1,0,0,0,1,1,1,1,0,1,1,1,1,1,1,0,1,0,1,1,0,1,1,1,1,1,1,0,1,1,1,0,1,1,0,1,0,1,1,1,1,0,1,0,1,1,1,0,0,0,0,0,0,0,1,0,1
1,1,0,0,0,1,1,1,0,0,1,1,0,0,1,0,1,1,0,0,0,1,1,1,0,0,0,0,1,0,0,1,1,1,1,1,1,1,1,1,1,0,1,0,0,1,1,0,0,0,1,1,1,0,0,1,1,1,1,0,0,1,1,0,1,1,0,1,0,1,1,1,0,0,0,0,1,0,1,0,0,1,0,0,1,0,1,1,0,0,1,0,1,0,0,0,1,1,0,1,1
0,1,1,1,0,0,0,1,0,0,1,0,1,1,1,0,0,0,1,1,0,1,0,0,0,1,1,0,0,1,0,0,1,1,1,0,1,1,0,1,1,1,0,0,0,0,0,0,0,1,1,0,0,0,0,0,0,0,1,0,1,1,0,0,0,0,0,1,1,0,0,1,0,0,0,1,0,1,0,1,1,1,1,1,1,1,1,0,0,1,0,0,1,0,0,0,0,0,1,0,0
1,0,1,1,1,1,1,0,1,1,1,1,0,0,1,0,1,0,1,1,0,0,1,1,1,0,1,1,1,0,1,1,0,0,1,1,0,1,0,1,1,1,0,0,0,1,1,1,1,0,0,0,0,1,1,0,0,1,0,1,1,0,1,0,1,1,0,1,0,0,1,0,0,1,0,0,1,1,0,0,0,1,0,1,1,1,0,1,1,0,1,0,0,0,1,1,1,0,0,1,1
0,1,1,1,0,1,1,1,0,0,0,1,1,0,0,0,0,1,0,0,0,1,1,1,1,0,0,1,1,1,0,1,1,0,1,1,0,1,1,0,1,0,1,0,1,1,1,1,1,1,1,0,1,1,0,1,1,1,1,0,1,0,0,0,0,0,0,0,0,0,1,0,0,1,0,1,1,0,0,0,1,0,0,1,0,0,1,0,1,0,1,0,0,1,1,1,1,1,0,0,1
0,1,1,0,1,0,0,0,0,0,1,1,1,0,1,1,1,1,1,0,1,1,1,1,1,0,1,1,0,0,1,1,0,0,1,0,1,1,0,0,1,1,1,0,0,1,0,0,0,0,1,0,1,1,0,1,0,0,0,1,0,1,1,1,1,1,1,0,1,0,1,0,0,0,0,1,0,0,1,1,1,0,0,1,0,0,1,0,1,1,1,0,1,1,0,0,1,0,0,0,0
1,1,1,1,1,1,0,1,1,1,0,1,0,0,0,0,0,0,1,0,1,1,1,1,1,1,0,0,0,1,1,0,0,1,0,1,0,1,1,0,0,1,0,1,0,0,0,0,1,1,1,0,1,1,1,1,1,1,0,1,0,1,1,0,1,1,1,1,0,1,1,1,0,0,1,1,0,1,0,0,0,1,0,1,1,0,0,1,1,0,0,0,1,1,1,0,0,1,1,1,1
0,1,0,1,1,0,1,0,1,0,1,0,0,0,0,1,0,0,0,0,1,0,1,0,1,0,0,0,1,1,1,0,0,1,0,1,0,1,1,1,0,0,1,1,1,0,1,1,1,1,0,1,1,0,1,0,1,1,0,0,0,1,1,1,0,1,0,0,0,0,0,0,0,0,1,1,0,1,0,1,0,0,1,0,1,0,0,0,1,1,1,1,0,1,0,0,1,1,1,0,1
1,0,1,1,0,0,1,1,1,1,0,1,0,0,0,0,0,1,0,1,0,1,1,0,0,0,1,0,1,0,0,1,1,1,0,0,1,1,0,0,1,0,1,1,0,0,1,1,1,0,1,0,1,1,1,1,1,0,0,1,0,1,0,0,0,0,0,1,0,0,1,1,0,1,1,1,0,0,0,0,1,1,1,0,1,0,0,1,1,1,0,0,1,1,0,0,0,0,0,0,1
0,1,0,1,1,0,1,1,0,1,1,1,1,1,0,0,1,1,0,0,0,1,0,0,0,1,0,1,0,1,0,1,0,0,0,0,1,1,0,0,0,0,1,1,1,1,1,0,1,0,0,1,0,1,1,0,0,1,1,1,1,0,0,1,0,1,1,1,0,1,1,1,0,0,1,0,1,1,1,1,0,1,0,0,0,0,0,0,0,0,0,1,1,1,1,0,0,1,0,0,0
1,1,0,0,1,0,0,1,0,0,1,1,1,0,0,0,0,1,0,1,0,1,1,1,0,1,0,0,0,1,0,0,0,1,0,1,1,0,1,1,1,1,0,0,0,0,0,0,1,0,0,0,1,1,1,1,1,1,1,1,0,1,1,1,0,0,1,1,1,0,1,0,0,1,0,0,0,1,1,0,0,1,1,0,1,1,0,0,0,1,1,0,0,0,0,0,0,1,1,0,1
0,1,1,0,0,0,1,0,0,1,0,1,1,1,1,0,0,1,0,1,0,1,0,0,1,0,1,0,0,0,0,0,1,1,1,1,1,0,0,1,1,0,1,1,1,0,1,1,0,1,1,0,1,1,0,0,0,1,0,0,0,0,0,1,1,0,1,1,1,0,1,1,1,0,1,1,1,0,0,1,1,0,1,1,0,0,0,1,0,1,1,0,1,0,0,0,1,0,0,1,1
1,0,0,0,0,1,0,1,0,1,0,1,1,0,0,0,0,1,0,0,0,0,1,0,1,0,0,1,0,0,0,0,1,0,0,1,0,0,1,0,0,0,1,0,1,1,1,0,0,1,1,1,0,1,0,1,0,1,1,0,0,1,0,1,1,1,1,0,1,0,0,0,0,0,1,0,1,1,1,0,0,0,1,1,1,1,0,0,1,1,0,0,1,0,0,1,1,1,1,1,1
0,0,1,0,0,1,0,1,1,1,0,0,0,0,1,1,0,0,0,0,1,0,1,1,0,1,1,1,0,1,1,0,0,0,0,0,1,0,0,1,1,0,1,0,1,0,0,0,1,0,0,0,0,0,0,0,0,0,1,0,1,1,1,0,0,1,1,1,0,1,0,0,0,0,0,1,0,1,1,0,1,0,1,0,0,0,0,0,0,1,1,0,1,0,0,1,1,0,0,0,0
1,0,1,0,1,0,0,1,0,0,0,1,1,0,1,1,0,1,0,0,1,0,1,1,0,1,0,0,0,0,1,1,0,1,1,1,1,0,0,1,1,1,1,1,1,0,1,1,0,0,1,0,1,1,1,0,0,0,0,1,1,0,1,1,1,0,1,0,1,0,1,0,1,0,0,0,0,0,1,0,1,1,0,1,1,1,1,1,1,0,1,0,0,1,0,1,1,0,0,0,1
0,0,1,1,1,1,0,1,0,1,1,1,0,0,1,1,1,1,1,0,1,1,0,1,1,1,0,0,1,1,0,0,0,0,1,1,0,0,1,1,1,0,0,0,1,0,0,0,0,1,1,0,1,1,1,1,0,0,0,1,0,0,0,0,0,0,1,1,1,0,0,0,1,0,1,1,1,1,0,0,0,1,1,1,1,1,0,1,1,0,1,1,0,0,1,1,0,0,0,1,1
1,0,1,1,1,1,0,0,1,1,1,0,0,1,1,0,1,1,1,0,1,0,1,1,0,1,1,0,1,1,0,0,0,0,1,1,0,0,0,0,0,1,0,0,0,1,1,0,0,0,1,1,0,1,1,1,1,1,0,0,0,0,0,0,1,1,0,0,0,1,0,1,1,0,1,0,0,0,0,0,0,0,1,0,0,1,1,1,0,1,1,0,1,1,1,0,0,0,0,0,0
0,0,1,0,0,0,0,1,1,0,0,0,0,1,0,1,1,0,0,1,1,0,1,0,1,0,1,1,0,1,0,1,0,1,0,0,0,1,1,1,1,0,1,0,0,0,1,0,0,0,0,1,1,0,0,1,0,1,0,0,0,1,0,0,1,0,1,1,1,1,1,1,1,0,0,1,0,0,0,0,0,0,1,0,1,0,0,1,1,0,0,0,0,0,1,0,0,0,1,1,1
1,1,0,1,1,0,0,0,0,1,1,1,0,0,1,1,1,0,1,0,0,1,0,1,0,1,0,1,0,0,0,1,0,0,1,1,0,1,0,0,1,1,1,1,1,0,0,1,0,1,1,1,1,1,0,0,1,1,1,0,1,0,1,1,0,1,1,0,1,1,1,1,0,1,0,0,1,1,1,1,1,0,0,0,0,0,0,1,1,0,0,1,0,1,1,1,1,0,1,0,0
1,1,1,0,1,1,1,1,0,0,1,0,1,0,0,0,1,0,1,1,0,0,0,0,1,0,0,0,1,1,0,0,0,1,1,0,0,0,1,1,1,0,0,0,1,0,1,0,1,0,0,1,0,0,0,0,0,0,1,1,0,0,0,1,0,1,0,0,1,1,0,1,0,1,0,1,0,1,1,1,0,0,1,1,0,1,1,1,0,1,0,0,0,1,0,1,0,0,1,0,1
1,0,1,0,0,0,1,1,0,0,0,1,1,1,1,1,1,0,1,0,1,0,1,1,1,0,1,0,0,1,0,1,1,1,0,0,1,1,1,1,1,0,0,0,0,0,1,0,1,0,0,1,1,0,1,1,1,0,0,0,1,0,0,1,0,0,0,0,0,0,0,1,1,1,1,0,1,1,0,1,0,0,0,1,1,0,1,0,1,1,0,0,1,1,0,1,1,0,0,1,1
0,0,1,1,1,0,1,1,1,0,0,1,0,1,0,1,0,0,0,0,0,1,0,0,1,0,1,0,1,0,0,0,1,1,0,0,1,1,1,1,0,1,0,1,1,1,1,0,1,1,0,1,1,0,1,0,0,0,1,1,1,1,0,1,0,0,0,0,1,0,0,0,0,1,1,1,0,0,0,0,1,1,0,0,0,1,0,1,1,0,0,0,1,0,1,0,1,0,0,1,0
0,0,0,1,0,1,0,0,1,0,1,1,1,1,0,1,1,0,0,1,1,0,1,0,1,1,1,0,1,1,0,0,0,0,0,0,1,1,0,0,0,1,0,0,0,1,1,1,0,1,1,1,1,0,0,0,1,1,0,0,1,0,0,1,1,0,0,0,0,1,0,0,1,0,0,1,1,1,1,0,0,1,0,0,1,1,1,1,0,0,0,0,0,0,0,1,0,1,1,1,0
1,0,1,0,0,0,0,0,0,1,0,1,0,1,0,1,0,0,0,0,1,0,1,0,1,1,0,1,1,0,0,1,1,0,1,0,1,1,0,1,0,1,0,0,1,0,0,1,0,0,0,1,1,0,1,1,0,0,1,1,1,1,1,1,1,0,1,0,0,1,0,1,0,1,1,0,1,1,0,0,0,1,1,1,0,0,1,1,0,1,0,0,0,1,0,0,1,0,0,0,1
1,0,0,0,0,0,1,1,0,0,1,0,1,0,0,1,0,1,0,1,0,0,1,0,1,1,0,1,0,1,1,1,0,1,1,1,0,0,0,1,0,1,1,1,1,0,1,0,1,0,0,1,1,0,1,0,0,1,0,1,1,0,1,1,0,1,0,1,1,0,0,0,1,0,1,1,1,1,0,1,1,1,0,1,0,1,0,0,1,1,1,1,0,1,0,1,1,0,0,1,1
0,0,0,1,1,1,1,1,0,0,1,1,1,0,0,0,1,1,1,1,0,0,1,1,0,1,0,0,1,1,1,0,1,1,0,1,0,0,1,1,0,1,1,0,1,0,0,0,0,1,0,0,1,0,1,1,0,0,0,0,1,1,1,0,0,0,0,0,1,1,1,1,0,1,0,1,0,0,0,0,1,1,1,1,0,1,0,1,0,0,0,0,1,1,0,0,0,0,0,1,1
0,0,1,1,0,0,1,1,1,1,1,0,1,0,1,1,0,0,0,0,1,1,0,1,1,0,1,0,0,1,1,1,0,1,0,0,0,1,1,1,0,0,1,0,0,1,0,1,1,1,0,0,1,0,0,1,1,1,0,1,1,0,0,0,0,0,0,1,1,0,0,1,0,0,1,1,1,1,1,0,0,0,1,0,1,1,0,0,0,0,0,1,1,1,0,1,1,0,0,1,0
1,0,1,0,1,0,1,1,0,1,1,1,0,1,1,0,1,0,1,1,0,0,0,0,0,0,1,1,1,0,1,0,1,0,1,0,0,0,0,1,0,1,0,1,1,0,0,1,1,1,0,1,0,0,1,1,1,0,1,0,0,1,0,0,1,0,0,1,1,0,0,1,1,0,1,0,1,1,1,1,0,0,1,0,0,1,1,0,0,0,1,1,1,1,1,0,1,1,0,0,1
1,1,0,0,0,0,0,0,1,1,0,0,1,1,0,0,0,0,0,0,0,0,0,0,0,0,0,1,1,0,0,1,1,0,0,1,1,0,0,1,1,0,1,1,1,1,1,0,1,0,1,1,1,0,0,1,0,1,1,0,0,1,1,0,0,0,1,0,0,1,0,1,1,0,0,1,1,0,0,0,1,0,0,0,0,1,0,0,0,0,0,1,0,1,0,1,0,1,0,1,1
1,1,0,1,0,0,0,0,0,1,1,1,0,0,0,1,1,0,1,1,1,1,0,0,0,0,1,1,1,1,0,1,1,0,1,1,0,0,0,0,0,1,1,0,0,1,1,1,0,1,0,0,1,0,1,1,0,1,1,0,1,0,1,0,1,0,1,0,0,0,1,1,1,1,0,0,1,0,1,0,0,0,0,1,1,0,1,1,1,1,1,0,0,1,1,1,1,0,0,1,0
1,0,0,0,1,0,0,0,0,1,1,1,0,1,0,0,0,1,1,0,0,1,0,0,1,0,0,1,0,0,1,1,0,1,0,0,0,1,0,1,0,0,0,1,1,1,1,1,1,1,1,0,1,0,0,0,0,1,1,1,0,1,0,1,0,1,1,0,1,1,0,1,1,1,1,0,1,0,1,1,1,0,0,1,0,1,0,0,1,0,0,0,1,0,0,1,0,1,1,0,1
1,1,1,1,1,1,0,0,1,0,0,1,0,0,0,0,1,0,1,1,0,0,0,1,0,0,0,0,1,0,0,0,0,1,1,0,0,1,1,0,0,1,0,1,1,0,0,1,1,1,0,1,0,0,0,1,0,1,0,0,1,1,0,1,1,0,1,0,0,0,0,1,1,1,0,1,1,1,0,1,0,0,1,0,0,1,1,0,1,1,0,1,0,1,0,0,0,0,1,1,1
1,0,1,0,1,0,0,0,0,0,1,1,0,0,1,0,0,1,0,1,1,1,0,0,1,1,0,1,1,0,1,0,0,1,0,0,0,1,0,1,1,0,0,1,0,1,0,1,0,1,1,1,1,0,0,1,0,0,0,1,1,1,0,0,0,0,1,0,0,0,0,1,1,0,0,1,1,0,0,0,1,1,1,0,1,0,0,0,0,1,0,1,1,0,0,0,0,1,1,0,1
1,0,1,1,0,0,1,1,1,1,0,0,0,1,1,1,1,0,0,1,1,0,1,0,1,0,0,0,1,0,0,0,0,1,1,0,0,0,1,1,1,0,0,0,0,1,1,0,0,0,0,1,1,0,1,1,0,0,1,1,1,0,0,1,1,0,0,1,1,0,1,0,1,0,1,1,1,0,0,0,0,1,0,1,0,0,0,0,1,1,1,1,0,1,1,1,1,1,1,0,1
1,1,0,0,1,1,0,1,0,0,0,0,1,1,1,0,1,1,1,1,1,1,1,0,0,1,0,1,1,1,1,1,0,0,0,0,1,1,0,1,1,0,1,0,1,0,0,1,0,1,1,0,1,0,0,1,0,1,1,1,1,1,1,0,1,0,1,1,1,1,1,1,1,1,1,0,1,1,0,0,0,0,1,1,1,0,1,0,0,1,0,1,0,0,1,1,1,0,1,0,1
0,0,1,0,0,1,1,1,0,0,1,1,1,1,1,0,0,1,0,1,0,0,1,1,1,0,0,0,0,0,0,1,1,1,1,1,0,1,1,0,1,1,0,0,0,1,1,0,1,0,1,0,0,1,1,0,1,0,1,1,0,0,1,1,0,0,0,1,1,0,1,1,1,1,1,0,0,1,0,1,0,0,1,1,1,0,0,1,0,0,0,1,1,0,0,1,0,1,1,0,1
1,0,0,1,1,1,1,1,1,0,0,1,0,0,1,0,1,0,0,1,0,0,0,1,0,0,1,1,1,1,0,0,0,0,1,1,1,0,0,0,0,0,0,0,1,0,1,0,1,0,0,1,1,0,0,0,0,1,1,1,0,0,0,1,0,0,1,1,1,0,0,1,1,0,1,1,0,0,1,0,0,1,1,0,1,0,0,1,1,1,1,0,0,0,1,0,1,0,0,0,0
1,1,1,0,0,1,0,0,1,0,0,0,1,1,1,0,1,1,0,0,0,0,1,1,0,0,0,1,1,0,1,1,0,0,0,0,1,0,1,0,0,0,0,1,0,0,1,1,1,0,1,1,0,0,1,0,1,0,1,0,1,1,1,0,0,1,1,1,1,1,1,0,1,0,0,0,1,1,0,0,0,0,1,1,0,0,1,1,0,0,0,1,0,0,0,0,1,0,0,0,1
1,1,1,1,1,0,0,1,1,0,0,0,1,0,0,1,0,0,1,0,0,0,0,1,1,0,1,0,1,0,1,1,0,0,1,0,1,1,1,1,1,1,0,0,0,0,1,0,0,1,1,0,1,0,1,1,0,1,0,1,0,0,1,1,1,0,1,0,0,0,0,0,0,0,0,1,1,1,0,0,1,1,1,1,0,0,1,0,1,0,0,1,1,1,1,1,1,0,0,0,1
0,0,1,1,0,0,1,0,1,1,1,1,0,1,1,0,1,0,0,1,0,1,0,0,0,0,0,0,1,0,1,1,1,1,1,1,1,1,0,1,1,0,1,1,1,0,0,0,1,0,1,0,1,1,1,1,0,1,1,1,1,0,0,1,1,0,1,1,1,1,0,1,0,1,1,0,0,0,0,0,0,1,1,0,1,0,0,0,0,1,0,0,0,0,0,1,0,1,0,0,0
0,0,0,1,0,0,0,0,0,0,0,0,1,0,0,1,0,0,0,1,0,0,0,1,1,0,0,1,0,1,0,0,0,0,1,1,1,0,1,1,0,1,1,0,0,1,0,1,1,1,1,1,1,0,1,0,1,1,1,1,1,1,1,0,1,0,1,0,0,0,0,1,0,1,0,0,0,1,0,0,1,1,1,1,0,0,1,1,0,0,0,1,0,0,0,0,0,1,1,0,1
1,1,1,0,1,1,1,1,0,1,1,1,1,1,1,1,0,0,0,0,1,1,0,1,0,0,0,0,0,1,0,1,0,1,1,1,0,1,1,0,1,1,1,1,0,0,1,1,0,0,0,1,1,0,0,1,0,0,1,0,0,0,1,1,0,1,0,1,1,1,0,0,1,0,1,0,0,0,0,1,1,1,1,0,1,0,0,0,0,1,0,1,0,1,1,1,0,1,0,1,1
0,0,0,0,0,1,0,0,1,0,1,0,0,0,1,0,0,0,0,1,1,1,0,1,0,0,0,1,1,1,1,0,0,0,1,1,1,1,0,0,1,1,1,0,0,1,1,0,0,1,1,0,1,1,0,0,1,0,1,0,1,1,0,0,1,0,1,1,0,1,0,0,0,0,1,1,1,1,0,1,0,0,1,1,0,0,0,0,1,0,1,0,0,1,0,0,1,1,1,1,0
1,0,1,0,0,0,0,0,1,1,1,0,0,1,0,0,0,1,0,0,0,1,0,1,0,0,0,1,1,0,1,0,1,0,1,0,1,0,1,0,0,1,0,1,1,1,1,0,1,1,0,0,1,1,0,1,1,1,1,1,0,1,0,0,1,0,0,1,1,1,0,1,0,1,0,0,0,0,0,0,1,1,1,1,0,0,0,0,0,1,1,0,0,0,1,1,0,0,0,1,1
0,0,1,1,1,0,1,0,1,0,0,1,0,0,1,0,1,0,1,0,0,1,0,1,0,0,1,0,1,1,0,1,0,0,1,0,0,1,1,1,1,1,1,0,1,0,0,1,0,0,1,0,1,0,0,1,1,0,1,0,0,1,0,1,1,1,0,1,0,0,0,0,1,1,1,1,0,0,1,0,1,0,0,0,0,1,0,0,0,0,1,0,1,1,1,1,0,0,1,0,0
1,1,1,0,0,1,0,1,1,1,0,0,0,0,1,0,0,0,0,1,0,0,0,0,1,0,0,1,0,1,1,0,0,0,0,0,1,1,1,0,1,0,0,1,1,1,0,1,0,0,0,0,1,0,0,0,1,0,1,1,0,1,1,0,1,0,1,0,1,0,0,1,1,1,0,1,0,1,0,0,0,1,0,0,0,1,0,0,0,0,0,1,1,1,0,0,1,1,0,1,1
0,1,1,0,0,1,0,1,1,1,1,0,1,0,0,0,0,1,0,1,1,1,0,1,0,1,0,1,0,1,1,1,0,0,1,1,0,1,0,0,0,0,1,1,0,1,0,1,1,1,0,0,0,1,0,0,0,1,1,1,1,0,0,1,0,0,0,0,1,0,1,0,1,0,0,1,0,1,1,0,0,1,1,0,1,1,1,0,0,1,1,1,0,1,1,0,0,0,0,1,1
0,1,1,0,1,1,0,0,0,1,0,1,0,1,1,1,0,1,0,0,0,1,1,0,1,1,1,1,1,1,0,1,0,0,1,1,1,1,1,1,0,0,1,0,0,0,0,1,1,0,1,1,1,1,0,1,0,1,0,1,0,1,0,0,0,1,0,1,0,1,0,1,0,1,0,1,0,0,1,0,1,0,0,0,0,0,1,1,0,1,0,1,0,0,1,1,0,0,1,1,1
1,1,1,0,0,0,0,1,0,1,1,1,0,0,1,1,0,0,0,1,1,1,0,0,0,1,0,0,0,0,0,0,0,0,0,0,1,0,0,0,0,1,0,1,1,0,1,0,1,0,0,0,1,1,1,1,0,0,0,1,0,0,0,1,0,1,0,1,1,1,1,1,1,0,0,0,1,0,0,1,0,0,0,0,1,0,1,1,1,1,0,1,0,0,1,0,1,0,0,1,0
1,1,0,0,0,1,0,1,0,1,1,0,0,0,0,0,0,1,1,1,0,0,1,0,1,0,0,0,1,1,0,1,0,0,0,1,0,0,0,0,0,1,0,0,0,1,1,1,1,1,0,0,0,0,0,0,0,0,0,1,1,0,0,1,1,0,0,0,1,1,0,0,1,1,1,1,1,0,0,1,0,1,0,0,0,1,0,0,1,0,1,1,1,1,0,0,1,0,1,1,1
1,1,0,1,1,0,0,1,1,1,0,0,1,1,1,0,1,1,1,0,0,1,0,0,0,1,1,0,0,1,0,0,0,1,0,1,1,1,1,1,0,0,1,1,0,0,1,0,1,0,0,0,1,0,0,0,1,0,1,1,0,1,1,0,0,1,0,0,0,0,1,1,0,1,0,0,1,1,1,0,1,0,0,1,0,1,1,1,1,1,0,1,1,0,0,0,0,0,0,1,1
0,0,1,0,1,0,1,0,1,0,1,1,1,0,1,1,1,1,0,0,1,1,1,1,0,1,0,0,1,1,1,0,0,1,1,0,0,1,0,0,0,1,0,1,0,0,0,0,0,1,0,0,1,0,0,1,1,0,0,0,1,1,0,1,1,1,0,0,1,1,0,1,1,1,0,0,0,1,0,0,1,0,0,1,1,0,1,1,1,1,0,0,1,1,1,1,0,1,1,1,0
0,0,1,1,0,0,1,1,1,0,0,0,1,0,1,1,0,0,1,1,0,0,0,1,1,0,1,0,1,1,0,0,1,0,1,1,0,1,0,0,0,0,0,1,0,0,1,1,0,1,1,0,1,0,1,1,0,0,1,0,0,0,0,1,0,0,0,1,1,1,1,0,1,1,0,1,0,0,0,1,0,0,1,0,1,0,1,1,0,1,0,1,0,0,1,0,1,0,0,1,0
0,1,0,0,0,1,1,0,0,0,0,1,0,1,1,0,0,1,1,1,1,0,1,1,0,0,0,1,0,0,0,1,1,0,1,1,0,0,1,1,1,0,0,1,0,1,1,0,0,1,1,1,1,1,1,0,1,1,0,1,1,0,0,1,0,1,0,1,1,0,1,0,1,1,1,0,1,0,1,0,0,0,1,1,0,0,0,1,1,0,0,1,0,1,0,1,1,1,1,0,1
0,1,0,0,0,1,0,0,1,1,1,1,1,0,0,0,0,1,0,1,0,0,1,1,0,1,0,1,1,0,1,0,1,1,0,1,1,0,1,0,0,0,1,1,1,1,0,1,1,1,1,0,0,1,0,1,1,1,0,0,0,1,0,1,0,0,0,0,0,0,0,0,0,0,1,0,1,0,1,0,1,0,0,0,0,1,0,0,0,1,0,1,1,0,0,0,0,1,1,0,1
0,1,0,0,1,1,0,0,1,1,1,1,0,1,0,1,1,1,1,0,1,0,1,1,0,0,0,1,0,0,1,1,1,1,0,0,0,1,1,0,1,1,1,1,0,1,1,0,0,0,0,1,0,0,1,1,1,1,0,0,1,0,0,0,1,1,1,0,0,1,1,0,1,1,1,0,1,0,1,0,0,1,0,0,1,0,1,0,0,0,1,0,0,1,1,0,1,1,0,0,1
0,1,1,0,0,1,0,1,0,1,1,1,0,1,1,1,0,0,0,1,1,0,0,0,0,1,1,1,0,1,0,0,1,0,0,0,0,1,1,0,1,1,1,1,0,1,1,0,0,1,0,1,0,1,1,0,1,1,0,0,1,0,1,0,0,0,0,0,1,0,0,0,1,1,1,1,1,1,1,0,1,0,1,0,0,0,0,0,0,0,1,1,0,1,0,1,0,1,0,0,0
0,0,1,1,1,0,0,0,0,1,0,0,1,1,0,0,0,1,0,1,1,1,0,0,0,1,0,0,1,0,0,0,0,1,1,1,1,0,1,0,1,0,0,0,1,0,0,0,1,0,0,0,1,1,1,0,0,1,0,0,0,1,0,0,1,0,0,0,1,0,1,1,0,0,1,0,0,1,0,1,1,0,0,0,0,1,0,0,0,1,0,0,1,1,0,1,0,0,1,1,1
1,0,1,1,1,0,1,0,1,1,1,1,1,0,0,1,0,0,0,0,1,1,0,0,1,1,1,1,1,0,0,0,1,1,0,0,1,1,0,0,1,1,1,0,1,0,0,0,1,0,1,1,0,0,0,1,0,1,0,1,1,1,0,0,0,0,0,0,1,0,0,0,1,0,1,0,1,1,1,0,1,0,1,1,1,0,0,0,0,0,0,0,0,1,1,1,0,0,1,1,0
0,1,0,1,0,1,1,1,0,1,0,1,1,1,0,0,1,1,1,1,1,0,1,0,1,1,0,0,1,1,1,1,0,1,0,1,1,0,0,1,1,0,0,1,1,1,0,1,0,1,0,0,1,0,0,1,0,0,1,1,1,1,0,0,1,1,1,1,1,1,0,1,0,0,0,0,1,0,0,1,0,0,1,0,0,1,0,0,1,0,0,0,1,0,1,0,0,0,0,1,1
1,1,1,0,0,1,0,1,0,1,1,0,1,1,1,1,1,0,1,1,1,1,1,1,1,0,0,1,1,0,0,1,1,1,1,1,0,0,0,1,0,1,1,0,1,0,0,1,1,1,1,0,0,1,0,1,1,1,1,0,1,0,1,1,0,0,1,0,1,0,1,0,1,1,1,1,0,0,0,0,0,1,1,0,0,0,1,0,0,1,0,1,0,1,1,0,1,0,0,0,1
1,1,0,0,0,1,0,0,0,1,0,0,0,1,0,0,0,1,1,1,1,0,1,1,0,1,1,1,1,0,1,0,0,0,0,0,0,1,1,0,0,0,0,0,1,0,0,1,1,1,0,0,0,0,0,0,1,0,1,0,0,0,0,0,0,1,0,1,0,0,0,0,1,1,0,0,1,1,1,0,1,1,1,0,0,1,1,0,0,0,1,1,1,1,1,1,0,1,1,1,1
0,1,0,0,1,1,0,1,0,0,1,1,0,1,0,0,0,0,0,0,0,0,1,1,1,1,0,0,1,1,0,0,0,1,0,1,0,1,1,1,0,0,1,1,1,0,1,1,1,0,1,1,1,0,1,0,1,0,1,0,1,1,0,1,0,0,0,1,0,1,1,1,0,1,1,0,0,0,1,1,1,1,0,1,1,1,0,0,1,1,0,1,0,1,0,1,0,0,1,0,1
1,0,1,0,0,0,1,1,0,0,1,1,0,1,0,0,1,0,0,1,0,1,1,1,0,1,1,1,1,1,0,1,1,0,1,1,0,0,0,0,0,0,1,1,0,0,1,1,0,0,1,0,0,0,0,0,1,0,1,0,1,1,0,1,0,0,0,1,1,0,0,0,1,0,0,1,0,0,0,0,1,1,1,0,1,1,0,1,0,0,0,1,1,0,1,0,0,1,0,0,1
0,0,0,0,1,1,0,0,1,1,1,0,1,0,1,0,0,0,1,0,0,1,1,1,0,0,1,0,0,0,0,0,1,1,1,1,0,1,1,1,0,0,0,0,1,0,0,1,0,0,1,0,0,1,0,1,1,1,1,0,0,0,0,0,1,0,0,0,1,1,0,0,1,0,0,0,1,1,1,0,0,1,1,1,0,0,0,0,1,1,1,1,1,0,0,1,0,1,1,0,0
0,0,0,0,1,1,0,1,0,0,0,0,1,1,0,1,1,0,1,1,0,0,0,0,0,0,1,1,1,0,0,0,0,1,1,1,0,0,1,1,1,0,0,0,0,0,0,0,0,1,0,0,1,1,0,1,0,0,0,1,1,1,0,1,1,1,1,1,1,1,0,1,0,0,0,1,0,0,0,1,1,1,1,1,0,1,0,0,0,1,0,0,0,0,1,1,0,1,1,1,1
1,0,0,0,0,0,1,1,1,1,1,1,1,0,0,0,0,0,1,0,0,0,0,1,1,1,1,0,0,1,1,1,0,1,1,1,0,0,1,1,1,1,1,0,0,1,0,0,1,0,0,1,0,1,1,1,0,0,1,1,1,0,0,1,0,1,0,1,1,1,1,1,0,0,1,1,0,1,1,1,1,1,1,1,1,1,1,0,1,0,0,0,1,0,0,0,0,0,1,1,1
0,1,0,1,0,0,0,0,1,0,1,0,0,0,0,0,1,1,0,1,1,1,0,0,0,1,1,0,1,0,1,1,1,1,0,0,0,0,0,0,0,0,0,0,0,1,0,0,1,0,1,0,0,0,1,1,0,0,0,0,0,0,1,0,1,0,1,0,1,0,0,1,1,0,1,1,1,0,0,0,1,1,0,0,1,1,0,0,0,1,1,1,0,1,1,0,1,0,1,1,1
1,1,1,1,1,0,0,1,1,1,0,1,1,0,1,0,0,1,0,0,0,0,0,0,0,1,0,0,1,0,0,0,1,1,0,1,1,1,0,0,1,0,1,1,0,0,1,0,0,1,0,0,0,0,1,0,0,0,1,0,0,1,1,1,0,0,0,0,1,0,0,0,0,1,1,1,1,1,1,0,0,0,1,1,0,0,1,0,1,1,1,0,0,1,0,0,0,1,0,0,1
1,1,0,1,1,1,1,1,1,0,0,0,1,0,1,0,0,0,1,1,1,1,1,0,0,0,1,1,1,0,0,0,0,1,0,0,1,0,0,1,1,1,0,1,1,1,0,1,0,0,1,0,1,1,1,0,0,0,0,0,1,0,0,1,0,0,0,0,0,0,0,1,0,1,0,0,0,0,0,0,1,0,0,0,0,0,0,1,1,1,1,0,1,0,0,1,1,0,0,1,0
1,1,1,0,0,1,0,0,0,1,1,0,0,0,0,1,0,0,1,0,1,0,0,1,1,1,0,1,1,1,0,1,0,0,0,0,1,0,1,0,1,0,1,0,1,1,0,1,1,0,0,0,0,1,0,0,1,1,0,0,1,0,0,1,1,1,0,0,1,1,1,0,0,0,0,1,0,1,0,0,0,1,1,1,0,0,0,0,0,0,1,1,0,1,0,1,1,1,0,0,0
1,1,0,1,1,0,0,0,1,0,1,0,1,0,0,0,0,1,1,1,1,0,0,1,1,0,1,0,1,0,1,1,0,1,0,1,1,1,1,0,0,0,0,0,1,0,1,0,1,0,1,1,1,1,1,1,1,1,0,1,0,1,0,0,1,0,1,1,1,0,1,0,0,1,0,0,1,1,1,1,1,0,1,0,1,0,0,0,0,1,0,0,0,1,0,1,1,1,0,0,1
1,0,1,1,1,0,0,0,0,1,0,1,0,0,0,0,1,0,1,0,1,1,0,0,1,0,0,1,0,1,0,0,0,1,0,0,0,1,1,1,1,0,0,1,0,0,1,1,1,1,0,0,0,1,0,1,0,1,1,0,0,0,0,0,0,1,1,0,0,0,1,1,0,1,0,0,0,1,1,1,1,0,1,1,1,0,0,1,0,0,1,0,0,1,0,1,0,0,0,1,1
0,0,1,1,1,0,0,1,0,0,1,0,0,0,1,1,0,1,0,0,0,1,0,1,1,1,0,1,1,1,1,0,1,1,0,1,0,1,1,0,0,1,0,1,0,1,0,1,1,0,1,0,1,1,0,1,1,1,0,0,0,1,1,0,1,0,0,1,0,0,1,0,1,1,1,1,0,1,1,1,1,1,0,1,1,1,1,1,0,1,0,0,0,0,1,0,0,1,0,0,1
1,1,1,0,1,0,1,0,1,1,0,1,1,0,0,0,0,0,1,1,1,1,1,1,0,0,0,1,1,0,1,0,0,1,0,0,1,1,0,1,0,0,1,0,0,1,0,0,1,0,0,1,1,0,0,1,0,1,1,0,0,0,1,1,0,0,1,1,0,0,0,1,0,0,1,0,1,0,0,0,1,0,1,0,0,1,0,0,0,1,0,1,0,1,0,1,1,1,0,0,1
0,0,0,0,1,1,0,0,1,0,0,0,0,0,0,1,1,1,1,1,1,0,1,0,1,0,0,0,0,1,1,0,1,1,1,1,1,0,0,1,1,0,0,0,0,1,0,0,0,0,1,0,0,0,1,0,1,0,1,0,0,1,0,0,0,1,0,0,0,0,1,1,0,1,0,0,1,1,1,1,1,0,0,0,1,0,1,0,0,1,1,1,0,0,0,0,0,0,1,1,1
0,0,1,0,0,0,0,0,0,1,1,1,0,0,1,0,0,0,1,0,1,0,1,0,0,0,0,0,0,0,1,0,1,0,1,0,1,0,1,0,0,1,0,1,0,0,1,0,0,0,1,0,1,1,0,0,1,1,0,1,1,0,1,0,0,0,0,1,1,1,0,0,1,0,0,1,0,0,0,0,0,1,1,0,1,0,0,0,1,0,0,0,1,1,1,0,0,0,0,0,1
1,0,1,0,0,1,1,0,1,1,0,0,0,1,0,0,1,1,1,0,1,1,1,1,0,0,1,1,1,0,0,1,1,0,1,0,1,1,1,1,0,0,0,1,0,1,1,1,0,1,1,1,0,1,0,0,0,1,0,0,0,0,0,1,0,1,0,0,1,1,1,1,0,1,1,1,0,1,1,1,1,1,1,0,0,1,0,0,1,1,1,1,1,0,0,0,0,1,1,0,0
1,0,1,0,1,1,0,1,1,0,1,1,1,1,0,1,1,1,1,0,0,1,0,0,1,1,1,0,1,1,1,1,1,1,1,0,1,0,1,0,0,0,0,1,0,0,0,0,1,1,0,1,1,0,1,1,1,1,1,1,0,0,0,1,1,1,0,0,0,0,0,1,0,0,0,1,0,0,1,0,0,0,0,1,1,0,0,0,0,0,0,1,1,0,1,0,1,0,1,0,1
0,1,0,0,0,1,1,0,1,1,0,1,1,1,0,0,1,1,1,0,1,1,1,0,1,0,1,1,1,1,0,0,1,0,1,0,0,1,1,0,0,0,1,1,1,1,0,0,0,0,0,1,0,0,0,0,0,0,0,1,1,0,1,0,1,1,1,0,0,1,1,1,0,0,1,0,0,0,0,1,1,0,1,1,1,1,1,1,1,0,1,0,0,1,1,1,1,0,0,0,0
0,1,0,0,1,0,0,0,1,0,0,1,1,1,0,1,1,1,0,1,1,0,1,1,1,1,0,0,1,0,0,1,1,0,1,1,1,1,0,0,1,0,0,1,1,0,0,1,0,0,1,1,0,1,1,1,1,0,0,0,1,1,1,0,0,0,1,1,0,0,0,1,0,0,1,1,0,0,1,0,1,1,0,0,1,1,0,1,0,0,1,0,1,1,1,0,1,1,1,1,1
0,1,0,1,1,0,0,0,1,1,0,0,1,1,0,1,1,0,0,0,1,0,1,1,0,1,0,0,0,0,0,1,0,1,0,0,1,0,1,0,1,0,1,1,1,0,0,1,1,0,0,0,0,1,1,1,0,0,1,1,1,0,1,0,0,0,1,1,0,1,0,1,1,0,0,1,1,0,1,1,1,0,0,0,1,1,0,1,1,1,0,1,1,0,1,0,1,0,0,1,1
1,0,1,0,1,1,0,0,0,1,1,1,1,1,0,1,0,0,1,0,1,0,1,0,0,0,1,1,0,0,0,1,1,1,1,1,1,0,0,1,0,1,0,0,0,0,1,0,0,0,1,0,1,0,1,1,1,1,0,0,1,1,0,0,0,1,1,1,1,0,1,0,1,0,0,0,1,0,0,1,0,1,1,0,1,0,0,0,1,1,0,1,0,1,0,0,1,0,1,1,1
1,0,0,0,1,1,1,1,1,0,1,0,1,1,0,0,0,1,1,1,0,1,1,1,1,1,0,0,0,0,1,1,0,1,0,1,0,0,0,0,0,1,1,1,0,0,0,0,0,1,0,1,0,1,0,0,0,0,0,0,1,1,1,1,1,1,1,1,0,0,0,1,0,0,0,0,0,0,0,1,1,0,1,1,0,0,0,1,1,0,1,1,0,1,0,0,0,1,1,0,1
1,1,1,1,0,0,1,0,0,1,1,1,0,1,1,0,1,0,0,1,1,1,1,1,1,0,0,1,0,1,1,1,0,1,1,1,0,1,1,1,0,1,0,1,0,1,0,0,0,1,0,1,1,1,0,1,0,1,0,1,1,0,0,1,1,0,1,1,0,1,1,0,0,0,1,0,0,1,1,0,1,1,0,0,1,0,1,1,0,0,0,1,0,1,1,0,1,0,0,0,1
0,0,0,0,0,0,0,0,0,1,0,1,1,0,0,1,0,1,0,1,0,0,0,0,0,1,0,1,0,0,1,0,1,1,1,0,1,1,0,1,1,0,0,1,0,0,1,0,0,0,1,0,0,0,1,0,0,1,0,0,1,1,1,0,0,0,1,0,1,1,1,0,0,1,0,0,0,1,0,0,0,0,1,0,0,1,0,1,0,1,1,0,1,1,1,1,0,0,1,0,1
0,0,1,0,0,1,1,1,0,0,0,0,1,0,1,0,0,1,0,1,1,1,0,1,0,0,1,1,1,0,0,1,0,0,1,0,0,0,1,0,0,1,1,1,1,1,0,0,0,0,0,1,1,0,1,0,1,1,0,0,1,1,0,0,1,0,1,0,0,1,1,1,0,1,1,1,0,0,0,0,1,0,1,0,1,0,1,0,1,1,0,0,0,1,1,0,1,1,1,0,0
0,1,0,1,0,1,0,1,0,0,0,1,0,1,1,1,0,0,1,1,0,1,0,0,1,0,0,1,1,1,1,1,1,0,1,0,1,0,1,0,1,1,0,1,0,1,1,1,0,0,1,0,0,1,0,1,0,1,1,1,1,1,1,0,0,0,1,1,0,1,1,1,0,1,1,0,1,1,0,0,1,1,0,1,1,0,0,0,0,1,1,0,1,1,1,1,0,0,1,0,1
1,0,0,1,0,0,0,1,0,1,1,0,1,1,0,1,0,0,0,0,0,1,0,1,0,1,1,0,0,1,1,1,0,1,0,0,1,0,0,1,0,1,0,0,0,0,1,0,0,1,1,1,1,1,0,1,0,1,1,0,1,1,1,0,0,1,1,0,1,0,0,1,1,0,1,1,0,1,0,1,0,0,0,0,1,0,0,1,0,1,1,0,0,1,0,0,1,1,0,1,1
1,0,0,0,1,1,0,1,0,0,0,0,0,1,1,1,1,0,1,1,0,0,1,0,1,1,0,1,0,0,0,0,0,0,0,0,0,1,0,1,1,0,1,0,1,0,0,0,1,1,0,0,1,1,1,0,0,0,0,1,0,1,0,1,0,0,0,1,0,0,0,1,1,1,0,0,0,1,1,0,0,1,1,0,1,0,0,0,0,0,0,1,0,0,0,1,0,0,1,1,1
1,0,1,1,0,0,1,0,1,0,1,0,1,1,0,0,1,1,0,1,1,1,1,0,0,1,1,0,1,1,0,0,0,1,0,0,1,0,0,1,1,0,1,0,0,0,1,0,0,1,0,0,1,0,0,1,0,1,1,1,0,0,0,1,0,1,0,1,0,1,0,0,0,1,1,0,0,1,1,1,0,0,0,1,1,1,0,1,1,1,0,1,1,1,0,1,0,1,0,0,1
1,0,1,0,0,0,0,1,0,0,1,1,1,0,1,1,0,0,1,0,1,0,0,0,0,1,0,0,0,0,0,0,0,0,1,1,1,0,1,1,1,0,1,1,0,1,1,1,1,0,0,0,1,1,0,0,0,0,0,1,1,1,0,1,1,1,0,0,0,1,1,0,0,0,1,1,0,1,1,0,0,0,1,1,0,1,0,1,1,1,1,1,1,1,0,0,1,1,0,1,1
1,0,1,0,0,1,0,1,1,0,0,0,1,0,0,0,1,1,1,0,1,0,0,1,0,0,0,1,1,0,1,0,0,0,1,0,0,0,0,1,0,0,0,0,1,1,1,0,1,1,0,0,0,0,0,1,1,0,0,0,1,0,0,1,1,0,1,0,0,0,1,0,0,1,1,1,1,0,1,0,1,1,0,0,1,1,0,1,1,1,1,0,1,1,1,1,1,0,0,0,1
0,0,0,1,0,0,0,1,1,0,0,1,1,0,0,0,1,1,0,0,0,0,0,0,0,1,1,0,1,0,1,0,1,1,0,1,0,1,1,1,1,0,1,0,0,1,1,0,0,0,0,0,0,1,1,0,1,0,1,0,0,1,0,0,0,1,1,1,0,1,1,1,0,0,0,1,1,0,0,0,0,0,1,0,0,1,0,1,0,0,1,1,1,1,0,1,1,0,1,0,1
1,1,1,1,0,1,0,0,1,1,1,0,0,0,0,0,0,0,1,1,1,0,1,0,0,1,0,1,0,0,1,1,0,0,1,1,0,1,0,0,1,0,0,0,1,1,0,0,0,0,0,0,1,0,1,1,0,0,0,1,0,1,1,1,0,1,0,1,0,1,1,1,0,1,1,0,0,1,0,1,0,1,0,1,1,1,0,1,0,1,1,0,1,1,0,1,1,1,1,1,1
1,0,1,1,1,0,0,1,0,0,1,0,1,0,1,1,1,0,1,1,1,1,1,0,0,1,1,1,0,0,1,1,1,1,0,0,1,0,1,0,1,1,1,0,1,0,0,0,0,1,0,1,1,0,1,1,0,0,1,1,1,1,0,0,1,0,0,0,1,0,1,1,1,0,1,0,1,1,1,0,1,0,0,0,1,0,0,1,0,0,0,0,1,1,1,0,1,1,0,0,1
0,0,0,1,0,0,0,0,1,0,0,0,0,0,0,0,1,1,0,0,1,0,0,0,1,1,0,1,1,1,1,0,1,1,0,0,1,0,0,1,0,0,0,0,0,0,1,0,1,1,1,1,0,1,0,0,0,0,1,0,0,0,0,0,1,1,1,1,1,0,1,1,0,0,1,1,0,1,1,1,0,0,0,1,0,0,0,0,1,0,1,0,1,0,1,0,0,1,0,1,1
1,0,1,0,1,1,1,0,0,0,0,0,0,0,1,1,0,1,0,0,1,1,1,1,0,0,0,0,0,1,0,1,1,0,0,1,1,0,1,0,0,1,1,1,0,0,1,0,0,1,1,0,1,0,0,0,0,0,1,1,0,1,0,1,1,1,0,1,1,1,1,0,1,1,0,1,1,0,1,1,0,1,0,0,0,1,1,1,0,0,0,0,1,1,1,1,1,0,0,0,1
0,0,0,0,0,1,1,0,1,0,0,0,1,1,1,1,1,0,1,0,1,1,0,0,1,0,0,0,1,1,0,0,0,1,1,1,1,1,1,1,0,1,1,0,0,1,0,1,1,0,1,1,1,1,1,0,0,0,0,0,1,1,1,0,1,1,1,1,1,0,0,1,0,0,0,1,1,0,0,0,0,0,1,1,1,0,1,0,0,0,1,1,0,0,0,1,0,1,1,1,0
1,0,0,0,1,1,1,0,1,0,1,1,1,0,0,1,1,0,1,1,0,1,1,0,0,0,0,0,0,1,0,0,0,1,1,0,0,0,1,0,1,1,0,1,1,0,1,0,1,1,0,0,1,1,1,0,1,1,1,1,0,1,0,1,0,1,0,0,0,1,0,0,1,1,1,0,1,1,1,1,0,1,0,1,0,1,0,0,1,0,0,0,1,0,0,1,1,1,1,1,1
0,0,0,0,0,0,1,1,1,1,0,1,1,0,1,1,0,0,1,1,1,1,0,0,1,1,1,1,0,0,1,1,1,0,1,1,0,1,0,1,0,1,0,1,1,0,1,1,0,0,0,0,0,1,0,1,0,1,1,1,0,0,0,1,0,1,1,0,1,0,0,0,1,0,0,1,1,1,1,1,0,0,0,0,0,1,0,1,0,0,1,0,0,0,1,1,1,0,1,1,1
0,0,0,1,0,1,0,0,0,0,0,0,1,0,1,0,0,1,0,1,0,1,1,1,0,0,1,1,1,1,1,1,1,1,1,0,1,1,0,0,0,1,1,0,0,1,1,1,0,1,1,0,0,1,1,0,1,1,1,0,1,1,0,1,0,1,0,1,1,1,1,1,1,0,0,1,1,1,0,0,0,0,0,0,1,1,0,1,0,1,0,0,0,1,0,0,0,0,1,0,0
0,1,1,0,1,0,0,0,0,0,1,1,1,0,1,0,0,1,1,1,1,1,1,1,1,1,0,0,0,0,0,1,1,1,0,0,0,1,0,0,1,1,1,1,0,0,0,0,0,1,0,0,0,0,0,1,0,1,0,0,0,1,0,0,0,0,1,0,1,1,1,1,0,1,1,0,0,1,0,1,1,0,0,1,0,1,1,1,1,1,1,1,0,1,0,1,0,0,1,0,1
0,1,1,1,1,1,1,1,1,1,0,1,0,1,1,0,0,0,0,1,1,1,1,1,0,1,0,1,1,0,0,1,1,0,0,0,0,1,1,1,0,0,1,0,0,1,1,0,0,0,0,1,1,0,0,1,0,1,1,0,1,1,0,0,1,1,0,1,0,0,0,1,1,1,0,1,0,1,1,0,0,0,1,1,0,0,1,0,0,0,1,0,1,1,0,0,1,1,1,0,1
1,1,1,1,0,1,1,0,1,0,1,0,0,0,1,0,1,1,1,1,1,1,0,1,1,0,0,0,0,0,0,1,1,0,1,0,0,1,1,1,0,1,0,1,1,1,0,0,1,1,1,0,0,1,0,1,0,0,0,0,1,0,0,1,0,0,1,1,1,0,1,1,0,1,1,1,1,0,0,0,0,0,0,1,1,1,1,1,0,0,0,1,1,0,1,1,1,1,0,0,0
0,1,1,1,1,1,1,0,1,1,0,1,0,0,0,1,1,0,0,0,1,0,1,1,0,1,0,0,0,0,0,1,1,1,1,0,0,0,1,0,0,1,0,0,1,0,0,1,0,0,0,0,1,1,0,0,1,0,1,0,0,0,0,0,0,1,1,1,0,1,0,1,1,1,0,1,1,1,1,1,1,0,1,1,0,0,1,1,1,1,0,0,1,1,1,1,0,1,0,0,1
1,0,1,1,1,0,0,1,0,1,1,0,0,1,1,1,0,1,0,1,1,0,1,0,0,0,1,0,0,0,1,0,1,0,0,0,0,1,1,0,0,0,1,0,0,0,1,1,1,0,1,1,1,1,0,0,0,0,0,0,0,1,0,1,1,1,0,0,0,0,0,1,1,0,0,0,1,1,1,0,1,0,1,1,1,1,1,1,0,0,0,0,0,1,0,0,1,1,1,1,1
1,1,1,1,1,0,0,0,1,1,0,0,0,0,0,0,1,1,0,1,0,1,1,1,0,0,1,1,0,0,0,1,1,1,0,0,1,0,1,1,1,0,1,1,0,1,0,1,0,1,1,0,1,1,0,0,1,1,0,0,1,1,0,1,1,0,0,1,1,0,0,0,0,1,1,1,1,1,1,0,1,0,1,0,1,0,1,1,0,1,0,0,1,1,1,0,0,0,0,0,1
1,1,1,0,0,0,1,1,0,0,1,0,0,1,1,0,0,0,1,1,1,0,0,1,0,1,0,1,0,1,1,0,1,0,1,0,1,1,0,0,1,1,1,1,1,1,1,0,0,0,0,0,1,0,1,0,0,1,1,0,0,1,1,0,0,0,1,1,0,1,0,1,1,1,0,1,0,1,0,1,1,1,0,0,0,0,0,0,1,0,1,0,0,1,1,0,0,1,1,1,0
0,1,1,1,0,0,1,0,1,0,1,0,1,1,1,1,0,0,1,0,1,1,0,0,1,0,1,0,1,0,1,1,1,1,1,1,1,1,1,0,1,1,0,0,0,1,1,1,1,1,0,1,1,1,0,0,0,1,0,1,1,1,1,1,0,0,1,0,0,0,0,1,0,1,1,0,1,0,1,1,1,1,1,1,0,1,0,0,1,1,1,1,0,1,0,0,1,1,0,1,1
0,0,0,1,1,1,1,1,1,0,1,1,0,1,0,1,1,0,1,1,1,0,0,1,0,0,0,0,1,0,1,0,0,0,1,0,1,1,0,0,0,1,1,1,0,1,1,0,0,1,1,0,0,0,1,1,0,0,1,0,1,1,1,1,0,1,1,0,1,1,0,1,0,1,0,0,0,0,0,1,0,0,0,0,1,1,0,1,0,1,1,0,0,1,0,1,0,0,0,1,0
0,0,0,0,0,0,0,0,0,0,1,0,1,1,1,0,0,0,1,1,1,0,1,0,0,1,1,0,0,0,1,0,1,1,0,0,1,1,0,1,1,1,0,1,0,0,0,0,1,0,1,0,1,0,0,1,0,1,0,1,0,1,1,1,1,0,0,1,1,0,0,1,0,1,1,1,0,0,0,1,1,0,1,1,1,0,0,1,0,1,0,1,1,1,0,1,0,0,0,1,0
1,0,1,0,0,0,1,0,0,1,0,1,0,0,0,0,0,1,0,0,0,0,1,1,1,1,1,1,0,0,1,1,1,0,0,0,0,1,0,0,1,0,0,1,0,1,0,1,1,1,0,0,0,1,0,1,0,0,1,1,0,0,1,0,1,1,1,0,1,1,1,0,1,1,0,1,0,0,1,1,0,0,1,1,0,0,1,0,1,0,0,0,1,0,0,1,0,1,0,1,1
1,1,1,0,0,1,0,1,0,0,0,0,1,1,0,0,0,0,1,1,1,0,0,0,1,0,1,0,1,0,0,1,1,1,1,1,0,1,1,1,1,1,1,1,1,1,0,1,1,0,0,1,0,0,0,1,1,1,1,0,1,1,0,1,1,1,0,0,1,1,1,1,0,0,0,1,0,0,1,1,1,1,0,1,1,0,1,1,1,1,1,0,1,1,1,0,1,1,1,1,1
0,1,1,1,0,1,0,0,0,1,0,0,0,1,0,0,1,1,0,0,1,0,0,1,1,1,0,1,1,0,1,0,1,0,0,0,1,1,0,0,0,1,0,0,1,1,0,1,0,0,0,1,1,1,1,0,1,1,1,1,0,0,0,0,1,1,0,0,0,0,0,0,0,1,0,1,1,1,0,0,0,1,1,1,1,0,0,0,0,1,0,1,1,1,0,0,0,0,0,1,0
1,1,1,1,1,0,0,0,1,0,1,1,0,0,0,0,1,0,1,1,0,1,1,1,0,0,0,1,0,1,0,0,0,0,0,0,0,0,1,0,1,0,1,0,1,1,0,0,1,0,1,1,0,0,1,0,1,1,1,0,1,0,0,1,1,1,0,0,0,0,0,0,0,1,0,1,0,0,0,0,1,1,0,1,0,1,0,1,1,1,1,1,0,1,1,1,1,1,0,1,0
1,1,1,1,1,1,0,1,1,0,1,0,1,1,1,0,1,1,0,1,0,0,1,0,0,1,0,0,0,0,0,1,1,0,1,1,0,1,1,1,0,1,1,0,1,0,0,1,1,0,0,1,0,0,1,1,0,0,1,0,0,1,0,1,1,1,1,0,1,0,1,0,0,0,0,0,1,1,0,1,1,1,0,1,0,1,0,1,1,1,0,1,0,1,1,0,0,1,0,1,1
0,1,1,0,1,1,0,0,1,0,0,0,1,1,1,1,1,1,1,0,1,0,0,0,1,0,0,1,1,1,0,0,1,0,0,0,1,1,1,0,1,0,0,1,1,1,1,1,1,1,1,0,0,0,1,1,1,0,0,0,0,0,0,1,1,1,1,0,0,0,1,1,1,1,1,0,1,1,0,1,0,1,1,1,0,0,1,0,0,1,0,1,1,0,1,0,1,0,0,1,0
0,0,1,0,1,1,1,1,1,1,1,1,0,1,0,0,0,0,1,1,0,1,0,1,1,0,1,0,1,0,0,0,1,0,1,1,1,0,0,1,0,0,0,1,1,1,0,1,0,0,1,1,0,0,0,1,0,1,0,0,0,1,0,1,1,0,0,1,1,1,1,1,1,1,0,0,1,1,1,1,0,0,1,0,1,1,1,0,1,0,0,1,1,0,0,1,1,0,0,1,0
1,1,1,1,1,0,1,1,1,0,1,1,1,0,0,1,1,1,1,1,0,1,0,0,1,1,1,1,1,0,1,1,0,0,0,0,0,0,1,1,1,1,1,1,1,0,1,1,0,0,1,0,0,1,1,1,1,0,1,1,1,0,1,1,0,1,1,0,1,1,1,0,1,1,0,0,1,0,0,1,0,1,0,0,0,0,0,1,1,1,0,0,1,0,0,0,0,1,1,1,1
0,1,1,1,1,0,1,1,0,0,1,1,1,1,1,1,1,1,0,0,0,0,0,0,1,0,0,1,0,1,1,0,1,0,0,1,1,0,0,1,0,1,1,0,1,1,1,0,1,0,1,1,1,1,0,1,0,0,0,0,0,0,0,0,0,0,1,0,0,0,1,1,0,1,0,1,1,1,0,1,1,1,0,0,0,0,0,1,0,1,1,0,0,1,0,1,1,0,0,1,0
1,1,0,0,0,0,0,1,1,0,0,1,0,0,0,0,0,0,0,1,1,0,0,1,1,1,0,1,1,1,1,1,1,1,0,1,1,1,1,1,1,1,1,0,0,0,1,1,0,0,0,0,0,0,1,1,0,1,0,0,0,0,1,1,0,1,1,1,0,1,0,0,0,1,0,1,1,1,0,0,1,0,1,1,1,0,0,0,1,1,0,0,1,0,0,1,0,1,1,0,1
0,0,0,0,0,1,0,1,0,1,0,0,0,0,1,1,0,0,0,1,0,0,0,1,1,0,0,0,0,1,0,0,0,0,1,0,0,0,0,1,1,1,0,0,0,1,1,0,0,1,0,1,0,0,1,0,1,0,1,0,0,0,0,1,1,1,1,1,1,1,0,1,1,0,1,0,1,1,1,0,0,1,0,1,1,0,0,1,0,0,1,1,1,0,0,0,0,1,0,0,1
1,1,0,1,1,1,0,1,0,0,0,1,0,0,1,1,0,0,1,1,0,1,1,1,0,1,0,1,0,0,1,1,1,0,1,1,0,0,1,1,0,0,1,1,0,0,0,1,0,1,1,1,1,0,0,1,0,1,1,0,0,1,1,1,1,1,1,1,0,0,0,0,0,0,0,1,1,1,0,1,0,1,1,1,0,1,0,0,1,0,1,0,0,1,1,1,1,0,0,0,1
1,0,1,1,0,1,0,0,0,1,1,0,1,0,1,1,1,0,0,0,0,1,0,0,1,0,0,0,0,0,0,0,1,0,1,1,0,0,0,1,1,1,1,1,1,0,0,0,1,1,0,1,0,0,1,1,1,1,1,1,0,0,1,1,0,1,1,1,0,1,0,0,0,1,1,0,1,0,0,0,1,0,0,0,1,1,1,1,1,0,1,0,0,1,1,1,0,1,0,1,0
1,1,1,0,0,0,1,0,1,0,1,1,1,0,0,1,1,0,1,1,0,0,0,1,0,1,0,0,0,1,1,0,0,0,1,0,1,0,0,1,0,0,1,1,1,1,0,1,0,0,1,1,1,0,0,1,0,1,1,0,1,1,1,1,1,0,1,1,0,1,0,1,1,1,0,1,0,1,0,1,0,1,1,0,0,0,1,0,0,1,1,1,0,0,0,1,0,0,1,1,0
1,1,1,0,0,0,1,1,0,0,0,0,1,1,1,0,1,0,0,0,0,1,1,1,1,1,0,0,1,0,1,0,0,0,1,1,1,1,1,0,0,1,1,0,1,0,1,1,0,1,0,0,1,0,0,1,1,0,1,0,1,0,0,0,1,0,1,1,1,1,0,1,0,0,0,0,1,1,1,1,1,0,0,0,1,0,0,0,1,1,1,1,1,1,0,1,0,1,0,1,1
0,0,1,1,0,1,0,0,1,0,0,0,0,1,0,0,0,1,0,0,1,0,1,0,0,1,0,1,1,1,1,0,1,1,1,1,1,1,0,0,0,1,1,0,1,1,1,0,1,1,1,0,1,0,0,1,1,0,1,1,1,0,1,0,0,1,0,1,1,0,0,1,0,0,1,1,1,0,1,0,1,0,0,1,0,0,0,0,0,1,1,0,0,1,1,0,0,0,1,1,1
1,1,0,1,0,0,0,0,1,1,0,1,0,1,0,0,1,0,0,0,1,0,0,0,1,1,1,1,1,0,1,1,1,1,0,0,1,0,0,0,1,1,0,1,1,0,1,0,0,1,1,1,0,1,1,1,1,1,1,0,0,0,0,0,0,1,0,0,1,0,1,1,1,0,1,1,0,1,1,0,1,1,1,1,1,0,1,1,0,1,1,1,1,1,1,0,0,1,0,0,1
0,1,0,1,0,0,0,1,1,1,1,0,0,1,0,1,1,1,0,1,0,0,0,0,1,1,0,0,1,1,1,0,1,1,1,0,0,0,0,0,1,1,1,1,0,0,1,1,1,0,1,0,1,1,0,1,0,1,1,0,0,1,0,1,1,1,0,0,0,0,0,1,1,1,0,1,0,0,1,1,0,1,0,0,0,0,0,1,1,1,0,0,1,1,0,1,0,1,0,1,1
1,0,0,1,0,1,1,1,1,0,0,0,1,1,0,0,0,1,1,0,0,0,1,1,0,1,1,0,1,1,0,0,1,0,1,0,1,1,0,0,1,1,0,1,0,1,1,0,0,1,1,1,1,0,0,1,1,0,0,0,0,1,0,1,1,1,1,1,1,1,1,1,0,0,0,0,0,1,0,0,1,0,1,0,0,0,1,0,0,1,1,1,0,0,1,0,1,1,0,1,0
1,0,1,0,1,1,1,1,0,0,1,1,0,1,1,0,0,1,0,1,1,1,0,0,0,0,1,1,1,1,0,0,1,0,0,0,0,1,0,0,0,1,0,0,0,0,0,0,1,1,0,1,0,0,1,0,0,0,1,1,1,1,0,1,1,0,1,1,0,1,1,0,0,0,1,0,1,1,0,1,0,0,0,0,0,1,0,0,1,1,1,1,0,0,0,0,1,0,0,1,1
1,1,1,1,1,1,1,1,1,0,1,0,0,0,0,1,0,0,0,0,1,1,0,0,0,1,0,1,1,0,1,0,1,1,0,1,1,1,0,1,0,0,0,0,0,0,0,0,0,1,1,1,1,0,0,1,1,1,0,0,0,0,0,1,0,0,0,1,1,0,1,1,1,0,1,0,1,1,0,0,0,1,0,1,1,1,1,1,0,1,0,1,1,1,0,1,0,1,0,0,1
1,0,0,1,1,0,0,0,0,1,1,1,0,1,0,0,1,1,1,1,1,1,0,1,0,1,0,1,0,1,0,0,1,0,0,0,1,0,0,0,1,0,1,1,0,1,0,1,1,0,0,0,1,0,0,1,0,1,0,1,0,0,1,0,1,1,0,1,1,0,0,1,1,0,0,1,0,1,1,1,0,0,0,0,1,0,0,0,1,1,0,0,0,0,1,1,0,1,1,0,0
1,0,1,1,0,1,0,1,1,0,0,0,0,0,1,0,1,1,0,1,0,1,0,0,0,1,1,0,1,0,1,1,1,1,0,1,1,1,1,0,0,1,0,0,1,0,1,1,1,0,0,0,1,1,1,0,1,0,0,1,1,0,0,1,1,0,1,0,1,1,0,1,1,1,1,1,1,0,0,0,0,1,0,1,1,1,0,0,0,1,1,0,0,1,0,1,1,1,0,0,1
1,1,1,1,1,1,0,0,0,0,1,0,0,1,0,0,0,0,1,0,1,0,1,1,1,0,0,0,1,1,1,0,0,0,1,1,0,0,1,0,1,0,0,1,1,1,1,1,0,0,0,0,0,1,0,0,1,0,0,0,0,1,0,1,0,1,0,0,0,1,0,1,1,0,1,0,1,0,1,1,1,0,1,0,1,1,1,0,0,0,0,0,1,0,0,1,1,0,0,1,1
1,1,0,0,1,1,0,1,0,0,0,0,1,0,0,0,0,0,0,0,1,1,1,1,1,1,1,1,0,1,1,1,1,1,0,1,0,0,0,0,0,0,1,1,1,1,0,0,0,1,1,0,0,1,0,0,1,1,1,1,0,0,0,1,1,1,1,0,1,0,1,0,0,1,1,0,1,1,1,0,1,0,0,1,1,1,0,1,1,1,0,1,0,1,0,0,0,0,0,0,1
0,0,0,1,1,1,0,0,1,1,1,0,1,1,1,0,1,0,0,1,0,0,1,1,0,1,1,0,0,1,0,0,1,0,0,0,0,1,0,1,1,0,1,0,0,0,1,0,1,0,0,1,1,1,0,1,1,0,1,0,0,1,1,0,0,1,1,0,0,1,0,1,0,1,1,0,1,0,1,1,0,1,1,1,0,0,0,0,0,1,1,0,0,1,0,0,0,0,1,0,0
0,1,1,1,0,1,1,1,0,0,1,0,0,0,0,1,1,0,0,1,0,0,1,0,0,0,0,0,1,1,0,1,1,1,1,1,0,0,1,1,0,0,1,0,1,0,0,1,0,1,1,1,0,1,1,0,1,1,0,0,1,0,0,1,0,0,0,0,1,1,0,0,0,1,1,1,1,0,0,0,1,1,1,0,0,1,1,1,0,1,1,0,0,0,0,1,0,0,0,1,1
1,1,0,0,0,0,1,0,1,1,0,1,0,0,0,1,1,1,1,1,1,0,1,1,1,1,1,1,1,1,1,0,0,1,0,1,1,1,0,1,1,0,0,0,1,0,1,0,0,0,1,0,0,0,1,1,0,1,1,0,0,1,1,0,0,0,1,0,0,1,1,1,1,1,1,0,0,1,1,0,0,0,1,0,1,1,0,1,1,0,1,0,0,1,1,1,1,1,0,1,1
0,0,1,1,0,1,0,1,1,1,0,1,0,0,1,1,0,0,0,0,1,1,1,0,0,0,1,1,1,1,0,0,0,1,1,0,0,0,1,0,0,0,1,0,0,0,0,0,0,0,1,0,0,1,1,0,0,0,1,1,1,1,1,1,1,0,0,1,0,0,0,1,1,1,1,1,1,1,1,0,1,1,1,0,1,0,1,1,1,0,1,1,1,0,1,0,0,1,1,1,0
0,1,0,0,0,0,0,1,1,0,1,0,1,0,1,0,0,0,0,0,1,1,0,0,1,1,0,0,0,0,1,0,0,1,0,0,1,1,0,1,1,0,1,0,1,1,0,0,0,1,0,0,0,1,1,0,1,1,1,1,1,1,1,1,0,1,1,1,1,0,0,0,0,1,1,1,1,0,1,1,1,1,0,0,0,1,0,1,0,1,1,1,1,0,0,1,1,0,0,0,0
1,1,0,1,1,0,0,1,0,0,0,0,1,1,1,1,0,0,0,1,0,0,0,0,1,0,0,1,1,1,0,0,1,1,0,1,0,0,1,0,0,0,0,1,1,0,1,1,1,1,0,1,0,0,0,1,0,0,0,0,0,1,0,1,0,0,1,0,0,0,0,1,0,1,1,0,0,0,1,0,0,0,1,0,0,1,1,0,1,0,1,0,1,1,0,1,1,0,1,0,1
1,0,1,1,1,0,0,0,1,1,1,0,1,0,1,1,1,1,1,0,0,0,1,1,0,1,0,1,0,1,1,1,1,0,1,0,1,1,0,1,1,1,1,0,0,0,1,1,1,1,1,1,1,1,1,0,1,0,0,1,0,0,1,1,1,1,1,0,1,1,1,1,1,0,0,1,1,1,1,1,1,1,1,0,0,1,1,1,0,0,1,1,0,1,0,1,1,1,1,1,1
0,1,0,0,1,0,0,0,1,1,1,1,1,0,1,1,1,1,0,1,1,0,0,0,0,1,0,1,1,1,1,1,1,0,0,0,1,1,0,0,1,0,1,0,1,0,1,0,1,0,1,0,1,1,0,0,1,0,1,0,0,0,1,0,1,1,1,1,1,0,0,0,1,1,1,1,1,0,0,1,1,0,1,1,1,1,0,1,1,1,1,0,0,0,1,1,0,1,1,1,1
0,0,0,1,1,0,1,0,1,1,0,0,0,1,0,0,1,0,1,1,1,0,1,1,0,0,0,1,1,1,1,0,0,0,0,1,0,1,0,1,1,1,0,1,0,0,0,1,0,1,0,0,1,1,1,0,1,1,1,1,0,0,1,0,0,0,0,0,1,1,1,1,1,0,1,0,0,0,0,0,1,1,1,0,1,1,1,0,1,1,0,1,1,0,1,1,0,1,0,1,0
1,1,1,0,0,0,0,1,0,0,1,1,0,0,0,1,1,0,1,0,1,1,0,0,0,0,0,0,0,1,0,0,1,0,0,0,0,0,1,0,1,0,1,1,1,0,1,1,1,0,0,0,1,0,1,1,1,0,1,0,1,0,0,1,0,0,1,1,1,1,0,0,0,1,0,1,1,1,1,0,1,1,0,1,1,1,1,0,0,1,0,0,0,0,1,0,0,0,1,0,1
0,0,1,0,1,1,1,0,1,1,1,0,1,1,0,1,0,1,0,0,1,0,0,0,0,0,0,0,1,1,1,1,1,0,0,0,0,0,1,0,0,1,0,0,1,0,1,0,1,1,0,1,0,1,1,0,0,1,0,1,0,1,0,0,1,1,1,0,1,0,0,1,0,0,0,0,0,0,0,0,0,1,1,0,0,0,1,1,1,1,1,0,1,1,0,0,0,0,0,0,1
0,1,1,1,1,0,0,1,1,0,0,1,0,0,0,1,0,0,1,0,1,0,1,0,1,0,0,1,1,1,0,0,1,0,0,1,1,0,0,0,1,0,1,0,1,0,0,1,1,1,1,0,1,0,1,0,1,1,0,1,0,1,1,0,0,0,0,1,0,1,1,1,0,1,1,0,1,0,0,1,0,1,1,0,0,0,0,0,1,1,0,0,1,1,1,1,0,0,0,0,1
0,1,1,1,1,1,0,0,0,1,1,0,1,1,0,1,1,0,0,1,1,1,0,0,1,1,1,0,1,0,0,1,0,0,1,1,1,0,0,1,0,0,0,0,1,1,1,1,0,0,0,1,1,1,1,0,0,1,0,1,0,1,0,0,0,0,1,0,1,1,0,1,0,0,1,0,0,1,1,1,1,1,0,0,0,1,0,0,1,0,0,1,1,1,1,1,0,1,0,1,1
0,0,1,0,0,0,0,0,1,0,0,0,0,0,0,0,1,1,1,1,0,1,0,1,1,1,1,0,1,0,0,1,1,0,0,0,1,1,0,0,1,0,1,1,1,1,0,1,1,1,1,1,1,1,1,0,1,1,1,0,1,1,0,1,1,1,0,0,1,1,1,0,0,0,0,0,0,1,0,0,0,1,0,0,0,1,0,1,0,0,1,0,0,0,1,1,1,0,1,0,0
1,1,0,0,0,0,0,0,1,1,1,0,0,0,0,1,0,0,0,0,1,1,0,0,0,1,1,1,1,0,0,1,1,1,1,0,1,1,0,1,0,1,0,0,0,0,0,1,0,1,0,1,1,0,1,0,1,1,1,1,0,1,1,1,0,1,0,0,1,1,0,1,0,1,1,1,1,1,0,1,0,0,0,1,0,1,1,1,0,0,0,1,0,1,0,1,0,1,0,0,1
0,1,0,1,0,0,0,0,0,0,0,1,0,0,1,1,1,1,1,1,1,1,0,1,0,0,1,0,0,0,1,1,0,1,0,1,1,1,0,0,1,1,1,1,0,1,1,1,0,1,0,1,1,1,0,0,1,1,0,0,0,0,1,1,0,1,0,0,0,1,1,1,0,0,1,1,0,1,1,0,1,0,1,0,1,0,0,1,1,0,0,0,1,1,1,0,0,1,1,1,0
1,0,0,0,1,0,1,0,1,0,1,0,1,0,1,0,1,0,1,1,1,1,1,0,0,1,1,0,1,1,0,0,0,0,0,1,1,0,1,0,1,1,0,0,1,1,1,0,1,0,1,1,0,1,1,1,0,1,0,0,0,0,0,0,1,1,1,1,0,0,1,1,0,1,0,1,1,0,1,0,0,1,1,1,1,0,0,0,1,1,1,1,1,0,0,1,1,0,0,1,0
1,0,1,1,0,1,0,0,1,1,1,0,1,0,1,0,1,1,1,0,1,0,0,0,0,1,0,1,1,1,1,0,1,1,0,0,1,1,1,0,1,0,1,1,1,0,1,0,0,1,0,0,0,0,0,0,0,1,1,1,0,0,1,1,1,0,0,1,1,0,0,1,1,1,1,0,0,0,0,0,0,0,0,0,1,0,1,0,1,0,1,1,0,1,1,1,0,1,0,0,0
0,1,1,0,0,1,1,0,0,0,0,0,1,0,1,0,0,0,0,0,0,1,0,0,1,0,1,1,0,1,1,1,0,0,0,1,0,1,1,1,0,1,1,1,1,0,1,1,1,1,1,0,1,0,0,0,0,1,0,1,0,0,0,0,1,0,0,1,1,1,1,1,0,1,1,0,0,1,0,0,0,0,0,1,0,1,1,1,0,1,1,1,0,1,0,1,0,1,1,0,1
0,0,1,0,1,1,0,0,0,0,1,1,1,1,1,1,0,1,0,0,0,0,0,0,1,0,1,0,0,0,1,1,0,1,1,1,0,1,1,1,0,0,0,0,1,1,1,0,1,0,1,1,1,1,1,1,0,1,1,0,1,0,0,1,1,0,0,1,1,1,0,1,1,0,1,0,0,0,0,1,0,0,1,1,1,0,1,1,1,0,0,1,1,1,1,0,0,1,1,0,1
0,0,0,0,0,0,1,1,0,0,0,1,0,1,0,1,0,0,1,1,1,1,1,1,1,0,1,0,0,0,0,0,0,1,0,0,1,0,0,0,0,0,1,0,1,1,1,1,1,1,0,1,1,0,1,1,0,1,0,0,1,0,0,1,1,1,0,0,1,0,0,1,1,1,1,1,1,1,1,1,1,1,0,1,0,1,1,0,1,1,0,1,1,0,1,0,1,1,0,1,0
1,0,1,0,1,1,0,1,1,0,1,1,0,1,0,1,0,0,0,1,0,1,1,1,1,1,0,0,1,1,0,1,0,0,1,1,1,1,1,0,1,1,1,1,1,0,1,1,1,0,1,1,1,1,1,1,1,0,1,0,0,1,0,0,0,1,0,0,0,1,1,0,0,1,0,1,1,1,0,0,0,0,0,0,0,1,1,1,1,1,0,1,1,1,1,0,1,0,1,0,1
0,0,1,1,0,1,1,1,0,1,1,0,1,0,1,1,0,1,0,0,0,1,0,0,1,0,1,1,1,0,0,0,1,1,1,1,0,0,1,0,1,1,1,1,0,1,1,1,0,1,0,0,0,0,1,0,0,1,1,0,1,0,1,1,1,1,1,0,0,1,0,1,1,1,1,1,0,0,1,1,0,1,0,0,0,0,1,1,0,1,0,0,1,1,1,0,1,0,0,0,1
0,1,0,0,0,1,0,1,1,1,1,1,0,1,1,1,1,0,0,1,1,0,0,0,1,1,0,0,1,1,0,1,1,1,0,0,0,0,0,0,0,0,1,0,0,1,1,0,0,0,0,1,0,0,1,1,1,0,1,1,1,0,0,1,0,0,0,0,0,0,1,0,0,1,0,0,1,0,0,0,1,1,0,1,0,0,1,1,0,1,1,0,0,0,1,0,1,0,0,0,1
0,1,0,1,0,1,0,0,1,0,0,0,0,0,0,1,0,0,1,0,1,1,1,1,1,0,1,1,0,1,1,1,0,0,1,0,0,0,1,0,1,0,1,1,0,0,0,1,1,1,0,1,1,1,0,0,0,0,1,0,0,1,0,0,1,1,1,1,0,1,0,0,0,1,1,1,1,1,0,0,1,1,1,1,0,1,0,0,0,1,0,1,0,1,1,0,0,1,0,1,0
1,1,1,1,1,0,0,0,0,1,0,0,0,1,1,0,0,0,1,0,1,1,1,1,1,0,1,0,1,1,0,1,1,0,1,0,1,1,1,1,0,0,0,0,0,1,1,1,1,0,1,0,1,0,1,0,1,0,0,1,0,1,0,0,1,1,0,1,1,0,0,1,0,0,1,0,0,0,1,0,0,1,1,0,1,1,1,0,1,0,1,0,0,0,0,1,0,0,1,1,1
1,0,1,0,1,0,1,0,1,1,1,0,0,1,1,1,1,1,1,1,0,1,1,1,1,1,1,0,0,1,0,1,1,0,1,0,0,1,0,0,0,1,1,0,0,0,0,1,0,0,0,1,0,1,1,1,1,1,1,0,1,1,1,0,1,1,1,0,0,0,1,1,0,1,1,0,0,0,1,1,0,1,0,1,0,0,1,1,1,1,0,1,0,1,0,0,1,1,0,0,1
1,0,0,1,1,1,1,0,0,0,1,1,0,0,0,0,0,0,1,1,1,1,1,0,0,1,1,0,1,1,1,0,0,0,1,1,1,0,1,0,1,1,0,0,0,0,1,0,0,1,1,0,1,0,1,0,0,0,0,0,0,0,1,0,1,0,0,1,1,1,0,0,0,0,0,1,0,0,0,0,0,1,0,1,0,0,0,1,0,1,0,1,0,1,0,1,0,0,1,1,1
1,1,0,0,1,0,0,1,1,1,1,1,1,1,1,1,1,0,1,1,1,0,1,0,0,1,0,0,1,1,1,0,0,1,1,0,1,0,1,1,1,1,1,0,0,0,1,1,0,1,0,0,1,0,0,0,0,0,0,0,1,0,0,0,1,1,1,1,0,0,0,1,1,1,1,1,0,0,1,1,1,0,1,1,1,0,0,1,1,0,0,1,0,1,0,0,1,0,0,1,1
1,0,0,1,1,0,1,1,0,1,1,0,0,0,0,0,1,1,0,0,0,1,0,0,1,1,1,1,0,0,0,0,1,0,0,0,0,1,1,1,0,1,0,1,1,0,0,0,0,0,0,0,0,0,0,0,0,1,1,0,1,0,0,0,1,1,0,1,1,0,1,1,0,1,1,0,0,1,1,0,0,0,1,1,0,1,1,0,0,1,0,1,1,0,0,1,1,1,0,1,1
1,1,0,1,0,0,1,0,1,1,1,1,1,0,0,0,1,0,0,1,0,0,0,1,0,0,1,0,1,1,1,0,0,0,1,1,1,0,0,0,0,1,0,1,0,0,0,1,0,1,1,0,1,0,0,1,1,1,1,1,0,1,0,1,1,1,1,0,1,1,0,0,1,0,1,1,0,0,1,1,0,0,0,1,1,1,0,1,0,1,1,1,1,1,0,0,0,0,0,1,0
0,0,0,0,1,1,1,1,1,1,1,0,0,0,1,0,0,1,0,0,1,0,1,0,0,1,0,0,1,1,1,0,1,0,1,0,1,0,0,0,0,0,0,1,1,1,0,0,0,1,1,0,1,1,1,0,1,1,1,1,0,1,0,0,1,0,0,1,1,1,0,0,1,0,0,1,0,0,1,0,0,0,0,0,0,1,1,1,1,0,0,1,1,1,0,1,1,0,1,0,0
0,1,1,1,1,0,0,1,1,0,1,0,0,0,1,1,1,1,1,0,1,0,1,0,1,1,1,1,1,0,1,1,0,0,1,1,0,0,1,0,0,0,1,1,1,0,0,1,0,1,0,1,0,1,1,0,1,0,0,0,1,1,0,0,1,1,0,0,1,1,0,0,0,0,0,1,1,0,0,0,1,0,1,1,0,0,1,0,0,1,1,1,0,0,0,0,1,1,0,1,1
1,0,1,0,0,0,0,0,1,1,0,0,1,1,1,1,0,0,0,0,0,0,1,0,0,0,0,0,0,1,1,1,1,1,1,1,1,1,1,1,0,1,0,1,0,0,0,1,0,1,0,0,1,0,0,0,1,1,1,0,0,0,1,0,0,1,1,1,1,1,0,0,1,0,0,1,1,1,0,0,0,1,0,1,0,0,1,0,0,0,0,1,1,0,0,1,1,1,0,0,1
0,1,0,1,0,1,0,1,1,0,1,1,0,0,1,0,0,0,0,0,0,0,1,0,0,1,0,0,0,1,1,1,0,1,1,0,0,1,0,0,0,0,1,0,1,0,0,1,1,1,0,1,0,1,0,1,0,1,1,0,1,1,0,1,1,0,0,0,0,1,1,0,1,0,1,1,1,1,1,1,0,1,0,1,1,1,0,1,0,1,1,0,1,0,0,1,0,0,0,0,1
0,0,1,1,1,0,0,1,0,0,1,0,0,0,1,1,1,0,0,0,1,1,0,1,1,0,1,1,1,1,0,0,1,1,0,0,0,0,0,1,0,1,1,1,0,1,0,1,1,1,0,0,1,1,1,1,0,1,1,1,0,1,0,0,1,1,1,1,0,0,0,0,1,0,0,1,0,1,1,1,0,1,0,1,1,0,0,0,0,1,0,0,0,0,1,0,1,1,0,0,0
1,1,0,1,1,1,0,1,0,0,0,1,1,0,1,0,1,1,1,1,0,0,0,1,1,0,1,1,1,0,0,1,0,0,0,1,0,1,0,0,0,0,0,1,0,1,0,0,1,0,0,0,1,0,1,1,1,1,0,0,0,0,1,1,1,0,0,0,0,1,1,0,0,0,1,0,1,0,1,1,0,1,0,0,0,0,1,1,0,0,0,1,1,1,0,0,0,0,1,0,0
0,0,1,0,0,1,1,1,1,1,0,1,1,0,1,1,1,0,0,1,0,1,1,0,0,0,0,0,0,1,0,0,1,0,0,1,1,1,1,0,0,1,0,0,0,0,0,0,1,0,1,1,0,1,1,0,1,1,1,0,1,0,0,1,1,0,0,0,1,1,0,1,0,1,0,1,0,1,0,0,1,0,1,0,0,1,0,1,0,0,1,1,1,1,1,0,0,1,1,1,0
1,0,1,1,1,1,1,0,0,0,0,1,0,1,0,0,0,1,1,0,1,1,1,1,0,0,1,0,0,0,0,0,0,0,0,0,0,1,1,1,1,0,1,0,0,0,1,0,0,0,0,1,0,1,0,1,0,0,0,0,1,1,1,1,0,1,0,0,1,1,0,1,1,0,0,1,1,0,1,0,0,1,1,1,1,0,0,0,0,0,1,0,1,1,1,1,0,0,1,1,1
1,0,1,0,1,1,0,1,1,1,0,0,0,0,1,1,0,0,1,1,1,1,0,0,0,1,0,0,0,1,0,0,0,1,0,1,0,0,0,1,1,1,1,0,0,0,1,1,1,0,1,0,1,0,1,1,1,1,1,0,1,0,1,1,1,1,0,1,0,0,1,1,0,1,0,1,1,0,0,1,1,0,0,1,0,1,0,0,0,0,0,1,1,0,1,1,0,0,1,1,1
1,1,0,1,1,0,0,0,0,0,0,1,1,1,1,1,0,0,0,1,1,1,1,0,0,0,1,0,0,1,1,1,0,0,0,0,0,0,0,1,1,1,0,1,1,0,0,0,0,1,0,1,0,1,1,0,0,0,0,1,1,0,0,0,1,0,0,0,0,1,1,0,1,1,0,1,0,0,1,1,0,1,1,1,1,1,0,1,1,0,1,0,0,0,0,1,1,1,0,1,0
0,1,1,0,1,1,0,1,1,0,0,1,1,0,0,0,0,0,1,1,0,1,1,0,1,1,1,0,1,1,1,1,0,1,0,1,0,0,0,1,1,0,0,1,0,1,1,0,0,1,1,1,1,0,0,0,0,1,0,1,0,0,1,1,0,0,1,0,0,1,1,1,1,1,0,0,1,0,1,1,1,1,0,0,0,0,0,1,0,0,0,0,0,1,1,0,0,1,1,1,1
1,1,1,1,1,0,0,1,0,1,1,0,1,0,0,1,0,0,0,1,0,1,0,0,0,0,1,1,1,0,0,0,1,1,0,1,0,0,1,0,0,0,1,0,0,1,0,0,1,0,0,0,0,1,0,1,1,1,0,1,1,0,0,1,0,0,0,0,0,1,1,0,0,0,0,0,0,0,1,1,0,1,1,0,0,0,0,1,0,1,0,0,0,1,1,1,1,0,0,1,1
1,0,0,1,0,0,1,1,1,1,0,1,0,0,1,0,0,1,1,1,1,1,1,1,0,1,1,0,0,1,0,0,1,1,0,1,1,0,0,0,1,0,0,1,1,1,0,1,1,1,1,1,0,0,1,1,0,0,1,1,0,1,0,1,1,1,1,0,0,1,1,0,0,1,0,1,0,0,0,1,0,1,1,0,1,1,0,1,0,1,0,0,0,1,0,1,0,0,0,1,0
1,1,1,1,1,1,0,0,1,1,0,0,1,0,1,0,0,0,1,1,1,0,0,0,1,1,1,0,0,1,0,1,1,1,0,1,1,1,1,1,1,1,0,0,0,0,0,0,1,0,1,0,1,1,1,1,1,1,0,0,1,0,1,1,1,1,0,1,0,1,1,0,1,1,0,1,1,1,0,1,1,0,0,1,0,0,0,1,0,1,0,1,0,1,0,1,1,0,1,1,1
0,0,0,0,0,0,1,1,1,1,1,0,1,1,1,1,0,0,1,0,1,0,1,1,1,1,0,1,0,0,1,1,0,0,1,0,0,0,0,0,0,1,0,1,0,1,1,0,0,1,1,1,0,1,1,1,1,0,1,0,1,1,1,1,1,0,1,1,0,0,0,1,0,1,0,0,1,1,0,0,0,0,0,1,0,1,0,0,1,0,1,0,0,1,0,1,0,1,1,1,0
0,1,0,1,1,1,0,1,0,1,1,1,0,1,0,1,1,0,0,1,1,0,0,0,1,0,0,1,1,1,0,1,0,0,1,1,0,1,1,1,1,1,1,1,1,0,1,0,0,1,0,1,1,0,0,0,0,0,1,0,1,0,1,1,1,0,1,1,1,1,1,1,1,1,0,0,1,0,0,1,1,0,0,1,1,0,0,1,1,0,0,1,0,0,1,1,0,0,0,1,1
1,0,0,1,0,0,0,0,0,1,1,0,0,0,0,0,1,1,1,0,0,1,0,1,0,1,1,1,1,1,0,1,1,1,1,1,0,0,0,0,0,0,0,1,0,0,0,1,1,0,1,0,0,0,0,1,1,1,1,1,0,0,0,1,1,0,1,1,1,0,0,0,0,0,0,0,1,1,0,0,1,0,1,1,0,1,0,0,1,0,1,0,0,1,1,1,1,1,0,1,1
0,0,0,0,1,0,0,0,1,1,1,1,1,0,1,0,1,0,1,1,1,0,0,0,1,0,1,1,0,1,1,1,0,0,0,0,0,1,0,0,1,0,1,1,1,1,1,1,0,0,1,0,1,1,0,0,1,1,1,0,0,1,0,0,1,1,0,0,0,0,0,1,0,1,1,0,1,1,0,0,1,1,1,1,0,0,1,1,0,1,1,1,0,0,0,0,0,0,0,1,0
1,0,1,0,0,0,0,1,1,0,0,1,1,0,0,0,1,1,1,0,1,1,0,1,1,0,0,1,1,1,1,0,1,1,0,0,0,1,1,1,1,0,1,0,0,1,0,0,0,1,1,1,0,0,0,1,0,0,1,1,0,0,0,1,0,1,1,0,0,0,0,1,1,1,0,1,0,1,0,1,1,1,1,1,0,0,1,0,1,1,1,0,1,0,0,0,1,0,0,1,1
0,1,1,0,0,0,1,1,1,0,0,1,1,1,1,1,1,0,1,0,1,0,0,1,1,1,0,0,0,1,0,1,1,1,0,1,1,1,1,1,1,1,1,0,1,1,1,1,1,0,0,1,0,1,1,0,0,0,0,1,1,0,1,1,1,1,0,0,0,0,1,0,0,1,0,0,1,1,0,1,0,0,1,1,1,1,1,1,0,0,1,1,1,0,1,1,1,0,1,0,1
1,0,1,0,0,1,1,1,1,0,0,1,1,1,1,1,1,0,0,0,0,0,0,1,1,0,0,1,0,1,0,1,0,1,0,0,1,0,1,1,1,0,1,0,0,1,1,1,0,0,1,1,1,1,1,0,0,0,0,0,1,1,1,0,0,0,1,1,0,0,0,1,0,0,1,0,0,1,0,1,1,1,0,0,1,0,1,1,0,1,1,0,0,1,0,0,1,1,1,1,1
1,1,0,0,0,0,0,0,1,0,1,0,1,0,0,1,1,0,0,1,0,1,1,1,1,1,1,1,1,0,1,1,1,1,1,0,1,0,1,0,1,1,0,1,1,0,1,1,1,0,0,1,0,0,0,0,0,1,0,0,1,1,0,0,0,1,1,0,0,0,1,1,1,1,1,0,0,1,1,0,1,0,0,1,1,1,0,1,0,1,1,1,1,1,0,0,1,1,0,1,1
0,0,0,0,0,1,0,1,1,0,0,1,0,0,0,0,1,0,0,1,0,1,0,0,0,0,0,1,1,1,1,0,0,0,0,1,0,0,1,0,0,1,0,1,1,0,1,1,1,0,1,1,0,0,0,0,1,1,1,1,0,0,0,1,0,1,0,0,1,0,1,1,1,1,1,0,0,0,1,1,1,1,0,1,1,0,1,1,0,0,0,0,0,0,0,1,1,0,0,1,1
1,1,0,1,1,0,0,0,1,0,0,0,0,1,0,1,0,0,1,1,1,0,1,1,0,1,0,1,0,1,1,0,1,0,0,0,1,0,1,0,0,1,1,1,1,1,0,0,1,0,1,0,1,0,1,1,0,0,1,0,0,1,1,1,1,0,0,1,1,0,0,1,0,0,1,1,0,1,1,0,0,0,0,0,0,0,0,0,1,0,0,1,0,0,0,0,1,1,1,0,0
1,1,0,1,1,1,0,1,0,1,0,0,1,1,0,0,0,0,0,0,0,1,0,0,0,0,1,0,1,0,0,1,0,1,0,0,0,0,1,0,0,0,0,1,0,0,0,0,0,0,1,1,1,0,0,1,0,1,0,1,1,0,1,1,1,1,1,0,0,1,1,1,1,1,0,0,0,0,0,0,0,1,0,0,1,0,1,0,0,0,1,1,0,0,0,1,0,1,0,0,1
0,0,0,1,0,1,0,1,0,1,0,1,0,1,0,0,1,0,0,0,1,0,1,0,1,0,1,1,0,0,0,1,1,0,0,1,0,0,1,1,0,1,1,1,0,1,1,0,0,1,0,0,0,0,0,1,0,1,0,0,1,1,1,0,0,0,0,0,0,0,0,0,1,0,0,1,0,0,0,0,0,0,0,0,0,0,1,0,0,1,0,1,1,0,1,0,1,1,1,0,1
0,0,1,1,0,1,1,1,0,1,1,1,0,1,1,1,0,0,0,1,0,1,1,1,0,0,0,0,1,1,1,0,0,1,1,1,0,0,0,1,1,0,0,0,0,0,0,1,1,0,0,0,0,1,0,0,0,1,0,1,0,1,0,1,0,1,0,0,0,0,1,0,0,1,0,0,1,0,0,1,0,0,0,0,0,1,1,0,1,1,1,0,0,1,1,0,1,1,1,0,1
1,0,1,1,1,0,0,1,0,0,0,0,0,0,0,1,1,1,0,0,0,0,1,0,0,1,0,0,0,1,1,0,1,0,0,1,1,0,0,0,1,0,1,1,0,1,1,1,0,0,0,0,0,0,1,1,1,1,1,1,0,0,0,0,0,1,1,0,1,0,1,0,0,1,0,1,0,0,1,1,1,1,1,0,1,1,1,1,1,0,0,0,1,1,1,0,1,0,1,0,1
0,1,0,1,1,1,0,1,0,1,0,0,1,1,0,0,1,1,0,0,0,1,1,1,0,0,1,0,0,1,1,1,0,1,1,1,1,1,0,0,0,0,0,0,0,1,1,0,0,0,1,1,0,1,1,0,0,1,1,1,0,0,0,1,0,1,1,1,1,1,1,0,1,0,1,0,0,0,1,1,1,1,1,0,0,1,1,1,0,1,0,0,0,1,0,1,0,0,1,1,1
0,0,0,1,1,1,0,1,0,0,0,1,1,0,1,1,0,1,0,0,1,1,1,0,0,1,1,1,1,1,1,1,0,1,0,0,0,1,0,1,0,0,1,1,1,1,0,1,1,0,0,1,0,0,1,1,1,0,0,0,0,0,1,1,0,0,1,0,1,1,1,0,1,0,1,0,1,0,0,1,1,0,0,0,0,0,1,1,0,0,1,0,0,0,0,0,1,0,1,1,1
0,0,1,1,1,1,0,0,0,0,0,1,0,0,0,1,1,1,1,1,0,1,0,0,1,0,1,0,1,1,0,1,1,1,1,0,0,1,0,1,0,1,0,1,0,0,1,1,1,0,1,0,0,0,0,0,1,1,0,1,0,1,1,0,0,0,0,1,0,0,1,0,0,0,0,0,1,1,0,1,0,0,0,0,0,0,0,1,0,0,1,0,1,0,0,0,0,1,1,0,1
1,1,0,0,0,0,0,1,1,1,0,1,0,1,1,1,1,1,1,0,0,0,0,0,0,0,0,0,1,0,0,1,1,1,0,1,1,1,0,0,0,0,1,0,0,1,1,0,0,1,0,1,0,0,1,0,1,0,0,0,0,0,1,1,1,1,0,0,1,1,1,0,0,1,1,0,0,0,1,1,1,1,1,1,1,1,1,0,0,1,1,0,1,1,0,1,0,0,1,1,1
1,1,0,1,0,0,0,0,0,0,0,1,0,1,1,0,1,0,0,0,0,0,0,1,1,1,1,1,0,0,1,1,0,0,1,1,0,1,1,1,1,0,0,1,0,0,0,1,0,0,1,1,0,1,0,0,1,0,0,1,0,1,0,0,0,0,1,1,0,0,0,0,1,0,0,1,0,1,0,0,1,1,0,0,1,0,1,0,0,0,0,1,0,1,0,0,0,0,0,1,1
0,1,0,1,0,0,0,0,1,0,0,1,1,1,1,0,1,0,0,0,0,0,0,0,1,1,0,0,1,0,0,1,0,0,0,1,1,0,0,0,0,1,1,0,0,1,1,0,1,0,1,0,1,1,0,0,0,0,0,1,0,0,1,1,1,0,1,0,1,1,1,1,1,0,0,1,1,1,1,0,1,0,0,1,1,1,0,1,1,0,1,0,1,0,1,1,1,0,1,1,0
1,1,0,1,1,1,1,0,0,1,0,1,1,0,1,1,1,1,1,1,1,1,1,0,1,1,0,1,0,1,0,1,1,1,0,0,0,0,1,1,1,1,0,0,0,1,0,0,1,1,1,0,0,1,1,0,0,1,0,1,1,0,0,1,0,0,0,0,0,1,0,0,1,0,0,0,0,0,1,0,0,1,1,1,0,1,0,1,0,1,0,1,1,1,0,0,1,1,0,1,1
1,1,0,0,1,1,0,0,0,0,0,1,0,0,1,1,0,1,0,1,1,1,1,1,1,0,1,0,0,0,1,0,0,1,1,0,0,0,1,1,1,1,0,1,0,1,0,0,1,1,1,1,1,0,1,1,1,1,1,0,1,1,0,0,0,0,0,1,0,1,1,1,0,1,1,1,1,0,0,1,0,1,0,1,0,0,1,0,0,1,0,0,0,1,1,1,0,0,0,0,1
1,0,0,1,1,0,1,0,0,1,1,0,0,1,1,1,1,0,1,0,1,1,1,0,0,0,1,0,1,1,1,1,0,0,0,0,1,1,1,0,0,0,0,1,1,0,1,0,1,1,0,0,1,0,1,1,1,1,1,0,1,0,1,0,0,0,0,0,0,1,0,1,0,1,1,0,0,0,1,1,1,0,1,0,1,0,0,0,0,1,0,0,1,0,0,1,0,1,0,0,0
0,0,1,1,0,1,0,1,1,0,0,0,0,0,1,0,1,1,0,0,1,0,1,1,1,0,0,1,1,0,1,1,0,1,0,0,1,0,1,1,1,1,0,0,0,0,0,1,0,1,0,1,0,0,0,1,1,1,1,1,1,1,1,0,1,0,1,1,0,1,0,0,0,0,0,1,1,0,1,0,0,0,0,0,0,1,0,0,1,1,0,1,1,1,1,0,0,0,0,0,1
1,0,1,0,1,0,1,0,0,1,0,0,1,1,0,1,1,1,1,0,1,1,1,0,1,0,0,0,1,1,1,1,0,0,1,1,0,1,0,0,0,0,0,0,0,0,1,0,0,0,1,1,0,0,1,1,1,1,1,1,1,1,0,0,1,0,1,1,0,0,0,1,0,1,0,1,1,0,0,0,1,0,1,0,0,0,0,1,1,1,1,1,1,1,1,0,0,0,1,1,1
0,1,0,1,1,0,1,0,0,1,0,1,1,0,1,0,0,0,1,1,1,0,0,0,0,0,1,0,0,0,1,1,1,0,1,1,1,1,0,1,1,1,1,1,0,0,1,0,0,0,0,0,0,0,0,0,1,1,0,1,1,0,1,1,1,1,0,1,1,0,0,0,1,0,1,1,1,0,1,1,1,1,1,0,1,0,0,1,0,1,1,1,1,1,0,0,0,0,0,1,0
1,0,1,1,0,1,1,1,0,0,0,0,0,1,1,1,1,0,1,1,1,1,1,1,1,0,1,0,0,1,1,0,0,0,0,0,1,1,0,1,0,1,0,1,1,0,0,1,0,1,1,0,0,0,0,1,1,0,1,1,0,1,1,0,1,1,0,0,1,0,0,1,0,0,1,0,1,1,1,1,0,1,0,0,1,0,0,0,0,0,1,1,0,0,0,1,1,1,1,0,0
0,0,1,0,0,1,1,1,0,1,1,1,1,1,0,0,1,1,1,1,0,0,0,1,0,1,0,1,0,0,1,1,1,0,1,0,0,1,1,0,0,0,1,1,0,1,0,1,1,0,0,0,0,0,0,0,1,0,1,1,0,0,0,1,0,1,0,0,0,0,1,0,1,1,1,0,0,0,1,1,1,1,0,1,0,0,0,0,1,0,1,0,1,1,1,0,1,0,0,1,1
1,0,1,1,0,1,0,0,1,1,1,0,1,0,1,1,1,1,0,0,0,0,0,0,0,0,0,1,1,0,1,1,1,1,1,0,1,1,0,0,1,0,0,0,0,0,1,0,0,0,1,1,1,0,0,1,1,0,0,1,0,1,0,1,0,0,0,1,1,0,0,1,0,1,0,0,0,0,0,0,0,0,1,0,0,0,0,0,0,1,1,0,1,1,1,0,1,0,1,0,1
1,1,0,1,0,0,0,0,0,1,0,0,0,1,0,0,0,1,0,1,0,0,0,1,0,1,0,1,0,0,1,1,1,1,1,1,1,0,1,1,0,1,1,1,0,0,0,0,1,1,0,0,1,0,0,1,1,1,0,1,0,1,1,0,1,1,1,1,0,1,0,0,0,1,1,1,0,1,1,1,1,0,0,0,0,0,0,0,1,1,0,0,1,1,0,1,0,1,1,1,1
1,1,0,1,0,1,1,0,1,0,0,0,0,0,1,0,0,0,1,1,0,1,0,1,1,1,0,1,1,0,0,0,0,0,1,0,0,0,1,1,1,1,0,1,1,0,1,0,0,0,0,0,0,0,0,1,0,1,1,0,1,1,0,1,0,1,0,0,0,1,1,0,0,1,0,1,0,0,1,1,0,0,1,0,1,0,0,1,0,0,0,0,0,0,0,1,0,0,0,1,0
1,0,1,1,0,0,0,0,1,0,0,0,0,0,0,0,0,0,0,1,0,0,0,1,1,0,1,1,1,0,1,1,0,1,1,0,0,1,1,0,0,1,1,0,1,1,0,0,1,0,1,0,1,1,1,0,1,1,0,0,1,1,0,1,0,0,0,0,0,0,0,1,1,0,0,0,0,0,1,0,0,0,1,0,0,0,0,1,1,1,0,0,1,0,0,1,0,0,1,0,1
1,0,1,0,1,1,0,0,1,0,0,1,1,0,0,0,1,1,1,0,1,0,0,0,0,0,1,0,1,1,0,0,0,0,1,0,0,0,0,1,1,0,0,1,1,1,0,1,1,0,0,1,0,1,0,1,1,1,1,0,0,0,1,1,0,1,1,0,1,0,1,0,0,0,0,1,1,1,0,1,1,1,0,1,0,1,0,1,0,1,1,1,1,0,1,1,0,1,1,0,1
0,1,1,1,1,1,0,1,0,1,0,0,0,1,1,1,0,1,0,1,1,0,1,1,0,0,1,0,1,0,1,1,1,1,0,0,1,1,0,0,1,0,1,0,0,1,0,1,1,0,1,0,0,0,0,1,0,0,1,0,0,0,1,0,0,0,1,1,0,0,1,0,0,1,0,1,0,1,0,1,1,0,1,0,0,1,0,1,1,1,0,0,0,0,0,1,0,1,1,0,1
0,0,1,0,1,0,0,1,1,0,0,1,0,0,1,0,1,1,0,0,1,1,0,0,1,1,1,0,1,1,0,0,0,0,1,0,1,1,0,1,0,0,1,0,1,1,0,0,1,1,1,0,0,0,1,0,1,1,1,1,1,1,0,0,0,0,1,1,1,1,0,1,1,1,0,0,1,1,0,0,1,0,0,1,1,0,0,1,0,1,0,1,1,0,0,0,0,0,0,1,1
1,0,1,1,0,1,0,1,1,1,1,1,1,0,0,1,0,0,0,0,1,0,1,0,0,0,1,0,0,1,0,0,0,0,0,1,1,1,0,1,0,1,0,1,1,0,0,0,0,1,0,1,1,1,0,0,1,1,1,1,0,0,1,1,0,1,0,0,1,0,1,0,0,1,1,1,1,1,0,0,1,0,1,0,1,0,1,0,1,0,1,0,0,1,1,0,1,1,0,1,0
0,0,0,1,0,0,1,0,1,0,0,1,0,0,0,0,1,1,0,0,1,1,1,1,0,1,1,1,1,0,1,1,0,1,1,1,0,1,0,1,0,1,0,1,1,1,0,0,0,1,0,1,0,0,1,1,1,0,0,0,0,0,1,0,0,0,0,1,1,1,0,0,1,0,0,1,0,1,0,1,1,1,1,0,0,0,1,0,0,0,0,0,1,1,0,0,1,0,1,0,0
0,0,1,1,0,1,0,0,1,0,0,0,0,1,0,1,1,0,0,1,0,1,0,1,1,1,0,0,1,1,0,0,0,0,0,1,1,1,1,0,1,0,0,0,0,0,0,1,0,0,1,1,0,1,1,1,0,0,1,1,1,0,0,0,1,0,1,0,0,0,0,0,1,0,1,1,0,1,0,0,0,0,0,0,1,0,0,0,1,0,1,1,1,0,0,1,1,1,1,1,1
1,1,0,0,0,1,0,1,1,0,1,1,0,1,0,1,0,1,1,1,0,1,1,0,0,0,1,0,1,0,0,0,1,1,1,0,0,0,1,1,0,0,1,1,0,0,0,0,1,0,1,1,1,0,1,0,0,1,0,1,0,0,1,0,0,1,1,0,1,0,0,1,0,0,1,1,0,0,1,1,1,1,0,0,1,1,0,1,1,1,0,1,1,1,0,0,0,0,0,0,1
1,1,1,0,0,1,1,0,0,0,1,1,1,0,0,1,0,0,1,1,1,1,0,1,0,0,1,0,1,0,0,1,1,1,1,1,0,1,1,0,1,1,0,0,0,0,0,1,0,0,1,0,1,0,0,1,1,1,1,0,0,0,1,0,1,0,0,1,0,0,0,0,1,1,1,1,0,1,0,1,1,1,0,0,1,1,1,0,0,0,1,0,1,0,0,0,0,1,1,1,1
0,1,0,1,1,1,1,0,0,0,0,1,0,0,1,1,0,0,0,1,1,1,1,1,0,1,1,1,1,0,0,1,0,0,0,0,1,0,0,1,0,0,1,1,0,1,0,0,0,1,1,0,1,1,0,1,1,0,1,1,0,0,1,1,1,1,0,0,1,1,1,1,1,0,0,1,1,1,0,0,1,1,1,1,1,0,0,1,0,1,0,0,0,0,1,1,1,1,0,0,0
0,1,1,0,1,0,0,0,1,0,0,0,0,1,0,1,1,1,0,0,1,0,0,1,1,0,0,1,0,1,0,1,0,0,1,1,0,0,1,0,1,1,1,0,0,0,1,1,1,0,1,1,0,0,1,0,0,0,1,1,1,1,1,1,1,1,0,0,0,1,1,1,0,0,1,0,0,1,0,1,0,0,1,1,1,1,0,1,0,1,0,0,0,1,1,0,0,1,1,1,1
1,0,0,1,0,0,0,1,1,0,1,0,0,1,0,1,1,0,1,1,1,1,1,1,0,1,0,1,1,0,0,1,1,1,1,0,0,0,1,0,0,0,0,1,1,1,0,0,1,0,0,1,0,0,1,0,0,0,0,1,1,1,1,0,0,0,0,0,0,0,0,0,1,1,1,0,0,1,0,0,0,1,0,1,1,0,1,1,0,0,1,0,1,0,1,1,1,1,1,1,0
1,1,1,1,0,0,1,1,1,0,0,0,0,1,0,1,1,1,1,1,0,1,0,1,1,1,0,1,0,1,0,1,0,1,0,0,0,0,0,0,1,0,1,0,0,0,1,0,1,1,1,1,0,1,1,1,1,1,1,1,0,1,1,0,0,1,0,0,1,1,0,1,1,1,1,0,0,1,1,1,0,0,1,0,0,1,1,0,1,0,0,0,1,1,1,1,1,0,1,0,1
1,1,1,1,0,0,0,0,0,0,1,1,0,0,1,0,0,1,0,1,0,0,1,0,1,0,0,0,0,1,1,0,0,0,0,1,1,0,1,0,0,0,1,1,0,1,0,1,1,1,0,1,1,0,0,1,1,0,1,0,0,1,0,1,0,0,1,0,0,0,0,1,1,1,1,0,0,0,1,0,1,0,1,0,1,1,0,1,1,1,0,0,0,1,0,1,0,0,0,0,1
0,1,1,0,1,0,0,1,1,1,1,1,0,0,0,1,1,1,1,0,0,0,0,1,0,0,0,1,0,0,0,1,1,1,1,0,1,0,1,1,1,1,1,0,0,0,1,1,0,0,0,1,1,0,0,1,0,1,0,1,0,1,1,0,0,1,1,1,0,0,1,1,1,0,1,1,0,0,0,1,0,1,0,1,1,1,0,0,0,0,0,1,0,0,1,0,0,0,1,0,1
0,0,1,1,1,1,1,0,1,0,1,1,0,0,0,0,0,1,0,1,1,1,1,1,1,0,0,0,1,1,0,0,0,0,0,0,1,0,0,1,1,0,1,1,1,1,0,0,0,1,1,0,1,1,0,1,0,1,0,0,1,0,1,1,1,0,1,1,1,0,1,0,1,0,1,1,1,0,0,0,1,0,0,1,1,1,1,0,1,1,1,0,0,1,1,1,1,1,1,1,0
1,1,1,0,1,1,1,0,1,1,1,0,0,1,1,0,0,0,0,0,1,1,1,0,1,0,0,0,0,0,0,0,0,1,1,0,0,1,1,0,0,1,0,1,1,0,1,1,1,1,0,1,1,1,1,0,1,1,1,0,0,1,1,1,1,0,1,1,0,0,1,1,0,0,0,0,0,0,1,1,1,0,0,0,0,1,0,1,0,1,1,1,1,1,1,1,1,1,0,1,1
1,1,0,0,0,0,0,1,1,1,0,1,0,0,0,0,1,1,0,1,0,0,1,0,1,0,1,1,1,0,0,0,0,0,1,0,1,1,1,0,0,0,0,0,1,0,1,0,0,0,1,0,1,1,0,1,1,1,1,0,0,0,0,0,0,1,1,0,0,0,0,0,1,0,0,1,0,1,0,1,1,1,0,1,1,0,0,1,0,0,1,1,1,0,0,1,1,1,1,0,1
1,1,0,0,1,0,1,1,1,0,1,1,0,0,1,1,0,1,1,1,1,0,1,1,0,0,0,0,0,0,0,0,1,1,0,0,0,0,1,0,0,0,0,1,1,0,1,0,1,1,0,0,0,1,1,1,1,0,0,1,0,0,0,1,1,1,1,1,0,0,1,1,1,1,0,0,1,1,0,1,1,1,1,1,0,0,0,0,1,1,0,0,0,0,0,1,0,1,1,1,1
1,1,0,0,1,0,0,0,0,1,0,1,1,0,1,1,1,1,0,0,0,1,1,0,0,0,0,1,0,0,1,0,0,1,1,1,0,0,1,1,1,0,1,0,1,0,1,1,1,0,0,1,1,1,0,1,1,1,1,0,0,1,0,0,1,0,1,0,1,1,1,1,1,1,1,0,1,0,0,0,1,0,1,1,0,1,1,1,0,1,0,1,0,1,1,1,1,1,1,0,1
1,1,1,0,0,1,1,1,0,0,0,0,1,1,0,1,0,0,1,0,0,0,1,1,1,0,0,1,1,0,1,0,1,1,1,0,1,1,1,0,0,1,0,0,0,0,0,0,0,1,0,0,1,0,0,0,0,1,0,0,0,1,1,1,0,0,0,0,1,0,0,0,1,0,0,1,0,0,1,0,1,1,1,0,0,0,0,1,0,0,1,1,0,0,0,1,0,1,1,1,1
0,1,1,1,0,1,0,1,1,1,0,1,1,1,1,0,0,0,1,1,1,0,1,1,1,0,0,0,0,1,0,1,1,0,1,0,0,1,0,1,1,1,0,0,1,0,1,0,0,0,0,1,0,1,1,1,1,0,1,0,0,1,0,0,0,1,1,0,0,1,1,1,0,1,1,0,1,1,1,0,1,1,1,1,0,1,1,1,0,1,1,0,1,0,0,1,1,1,0,1,0
0,0,1,1,0,0,0,1,0,1,1,0,1,1,1,0,0,1,1,0,0,0,1,0,0,1,1,0,0,0,1,0,0,0,1,1,1,1,1,0,0,1,0,1,1,0,1,1,1,1,1,1,1,1,1,0,0,1,0,1,1,0,0,1,1,0,0,1,1,0,1,1,1,0,1,0,0,0,0,0,1,0,0,1,0,1,1,1,0,1,0,0,1,1,1,1,1,0,1,1,1
1,1,1,1,0,0,0,1,0,1,1,1,1,0,0,1,1,1,0,0,0,0,0,1,1,0,0,0,1,0,0,1,0,1,0,1,0,1,0,1,1,0,0,1,0,0,0,0,1,1,1,0,1,1,1,1,1,0,1,0,1,1,1,1,0,0,1,0,0,0,0,1,1,0,1,1,0,0,1,1,0,0,1,1,0,0,0,0,1,1,1,0,1,1,0,0,1,0,0,0,1
1,1,1,1,1,1,1,1,0,1,1,1,0,0,0,0,0,1,0,0,0,1,0,1,1,1,1,1,1,0,1,0,0,0,0,1,1,1,0,0,0,0,1,0,0,0,0,1,0,0,0,1,0,1,0,0,1,1,0,0,0,0,1,1,0,0,0,0,1,1,1,1,1,1,1,1,1,1,1,1,1,1,0,0,0,0,1,0,1,0,1,1,0,1,1,1,1,0,0,0,1
1,1,0,0,1,1,1,0,1,1,1,1,1,1,0,1,0,1,1,0,0,0,0,0,0,1,1,1,1,0,1,1,0,1,1,0,1,1,0,0,0,0,1,0,0,1,0,1,0,1,0,1,0,0,0,1,0,0,1,0,0,0,0,0,0,0,1,0,0,0,0,1,1,1,0,0,0,1,0,1,1,0,0,0,0,0,1,0,0,1,0,0,0,1,0,1,0,0,0,0,1
0,0,0,0,1,1,0,0,1,0,0,1,0,1,1,1,1,0,1,1,0,1,1,0,0,1,1,1,1,0,0,1,0,1,0,1,1,0,0,1,0,1,1,1,1,1,1,0,0,1,0,1,1,0,1,0,0,0,0,1,1,1,1,0,1,0,0,0,1,1,0,0,1,0,1,0,0,0,1,0,0,1,1,0,0,1,1,0,1,1,1,0,1,1,1,0,0,1,0,1,0
0,0,0,0,1,1,0,0,1,0,0,1,0,0,1,0,0,0,0,1,0,0,1,0,0,1,0,0,1,1,1,0,0,0,1,0,1,1,1,0,1,0,1,1,1,0,0,0,1,1,0,0,1,0,1,0,0,1,0,1,1,0,1,1,0,0,0,1,0,0,1,1,0,0,1,0,1,1,1,1,1,0,0,0,0,1,0,1,0,0,1,1,0,1,1,1,0,1,0,0,1
0,1,1,1,1,1,0,1,1,1,1,1,1,1,0,0,1,1,1,1,0,1,0,1,1,1,0,1,0,0,0,1,1,0,1,0,1,0,0,1,0,0,0,1,1,0,1,1,1,1,0,0,0,1,0,0,1,0,0,0,1,0,1,1,1,0,1,1,0,1,1,0,0,0,1,0,1,0,0,0,0,0,0,0,0,0,0,1,0,1,1,0,0,0,1,0,0,0,1,0,1
0,1,1,0,1,0,0,1,0,1,0,0,1,0,0,0,1,1,0,0,1,0,0,1,1,0,1,1,0,0,0,0,0,1,0,0,0,1,0,1,1,0,0,1,1,1,1,0,1,1,1,1,0,1,1,0,1,0,0,0,0,0,0,0,0,1,0,0,0,0,1,0,1,0,1,0,0,0,1,1,1,1,1,0,1,0,1,0,1,0,0,1,1,0,0,1,1,1,1,1,1
0,1,1,0,1,0,0,1,0,1,1,0,0,0,1,0,0,1,1,0,1,0,1,0,0,0,1,1,1,0,1,1,1,0,1,0,0,1,1,0,1,1,1,0,1,1,1,1,0,1,0,0,0,0,0,1,1,1,0,0,0,1,1,1,0,1,1,0,0,1,1,0,0,1,0,1,0,0,1,0,1,1,1,0,1,0,0,0,1,1,1,1,0,0,0,0,1,0,1,0,1
1,1,0,0,1,1,1,0,0,0,0,1,1,1,0,1,1,1,1,1,0,1,1,1,1,1,1,0,0,1,1,0,0,0,1,0,1,0,1,1,0,1,0,1,0,1,1,0,0,0,0,0,0,0,1,1,0,0,1,0,0,0,0,0,0,1,1,1,0,0,0,1,1,1,1,0,1,1,0,1,1,0,1,0,0,0,0,1,0,1,0,0,0,1,1,0,1,0,1,1,1
0,0,1,0,0,1,0,1,1,1,1,1,1,0,1,0,1,1,0,0,0,0,1,0,0,1,1,0,0,0,0,0,0,1,1,1,1,1,1,1,1,1,1,1,0,1,0,0,1,0,1,1,0,1,0,0,1,0,0,1,0,1,1,1,1,1,1,1,0,0,1,1,1,1,0,1,1,0,1,1,0,0,0,1,1,0,1,1,0,1,0,1,0,0,0,0,1,1,1,1,1
1,1,1,1,1,0,0,0,1,1,1,0,1,0,0,0,1,1,1,1,1,1,1,1,0,1,0,0,1,0,1,0,0,1,1,1,1,0,0,0,0,1,0,1,0,0,1,0,1,0,0,0,1,0,0,1,0,0,0,0,0,0,1,1,0,0,1,0,1,0,1,1,1,0,0,1,0,0,0,0,1,1,1,0,1,1,1,1,0,0,0,1,0,0,1,1,1,0,1,1,1
1,1,0,0,1,0,1,0,1,0,0,1,1,0,0,0,1,1,0,1,0,1,1,0,0,1,0,0,1,1,0,0,1,1,0,1,1,1,0,0,1,1,0,0,1,1,1,0,1,0,0,0,0,1,0,1,0,0,0,1,1,1,0,0,0,0,0,0,0,1,0,1,0,1,1,0,1,0,1,0,0,1,0,1,0,0,0,1,0,1,1,0,0,1,0,1,0,0,0,0,1
1,0,1,0,1,0,1,1,1,1,0,0,1,0,0,1,1,0,1,1,0,1,1,0,0,0,0,1,0,1,1,0,0,0,1,0,0,1,0,0,0,1,1,1,1,1,1,1,1,0,0,1,1,1,0,0,0,1,1,0,0,0,1,0,1,1,0,1,0,0,0,1,1,1,1,0,0,0,0,0,0,0,0,1,1,0,1,1,0,1,0,1,1,0,1,0,1,0,0,0,1
1,1,1,0,0,0,1,1,1,1,1,1,1,0,1,0,1,0,0,1,0,1,0,0,1,0,1,0,0,0,1,0,0,1,0,0,1,0,0,1,0,1,0,0,1,1,1,0,0,0,0,0,1,1,0,0,1,0,1,1,0,1,1,0,0,1,0,0,1,0,1,1,1,0,0,0,0,0,0,0,1,0,1,0,0,0,1,1,1,1,1,1,1,0,0,1,1,0,1,1,0
0,1,1,0,0,0,0,1,1,1,0,0,0,1,1,1,0,1,0,1,1,1,1,0,1,1,1,1,1,1,1,1,0,1,1,0,0,1,0,0,0,0,0,0,0,0,1,0,0,0,0,0,0,0,0,1,1,0,0,0,1,0,0,0,0,0,1,1,1,1,1,1,1,0,0,0,1,1,0,1,1,1,1,0,1,0,0,1,0,0,1,1,0,1,0,0,1,0,1,1,1
0,1,1,1,0,0,0,0,0,0,1,0,0,0,0,0,0,0,1,1,1,1,1,0,1,0,1,1,1,0,1,1,1,1,0,0,1,0,0,0,1,0,0,1,1,1,1,0,1,1,0,1,1,1,1,0,0,0,0,0,1,1,1,1,0,1,0,1,1,1,0,1,0,1,1,1,0,1,1,1,0,0,1,1,0,1,0,1,0,0,1,1,0,0,1,1,1,1,1,0,0
0,1,0,0,0,0,1,1,0,0,0,0,0,0,0,1,0,1,0,1,1,0,1,1,0,1,0,0,1,1,1,1,1,1,0,0,1,0,1,0,0,0,0,1,0,1,0,1,1,0,0,1,0,0,1,1,0,1,0,1,0,1,1,1,0,1,0,0,0,1,0,1,0,0,1,1,0,1,0,1,0,0,1,0,0,0,0,1,1,0,1,1,1,0,1,1,0,1,1,1,1
1,0,1,0,1,1,0,1,0,1,1,1,1,1,1,0,1,1,0,0,0,1,1,0,0,1,1,0,0,0,1,1,0,1,1,1,1,0,1,1,0,0,1,1,0,1,1,0,0,0,1,1,0,1,1,0,0,0,0,0,1,0,1,1,0,0,1,0,1,1,0,0,0,0,1,0,1,1,1,1,0,0,0,0,0,0,0,0,1,1,1,1,0,0,0,1,0,0,0,1,1
0,1,0,1,1,1,1,1,0,0,1,0,0,1,1,1,0,0,0,1,1,1,1,1,1,1,1,1,1,0,1,1,0,0,0,1,1,0,0,0,0,0,1,0,0,1,0,0,1,0,0,0,0,1,1,1,0,1,0,0,0,0,1,0,1,1,1,1,1,0,1,0,0,0,0,1,1,1,1,0,0,0,1,0,1,1,1,1,0,1,1,1,1,1,0,1,0,0,1,1,0
0,0,0,0,0,0,1,0,0,0,1,0,0,1,0,1,0,0,0,0,0,1,1,1,0,0,1,0,1,0,1,0,1,1,0,0,0,1,1,1,0,0,0,0,1,1,0,0,1,0,1,1,0,0,0,1,0,0,0,1,0,0,1,0,1,1,1,1,0,1,0,1,0,1,0,0,0,1,1,0,0,1,1,1,1,0,1,1,0,0,1,1,0,1,1,0,0,0,1,1,0
0,1,1,1,0,0,1,0,0,1,0,0,0,1,0,0,1,1,1,0,1,0,0,0,0,0,1,0,0,0,1,1,0,1,1,0,1,1,0,0,1,0,0,0,0,0,0,0,0,1,0,0,1,0,1,1,0,1,1,1,1,1,0,0,0,1,1,1,0,0,0,1,1,0,0,0,1,1,0,1,1,1,1,1,1,0,0,0,1,1,1,0,1,1,1,1,1,1,1,1,1
1,1,0,1,0,1,0,0,1,1,1,0,1,1,1,0,0,1,0,0,1,1,1,1,0,1,0,0,0,0,1,0,1,0,1,0,1,0,1,0,0,0,0,0,1,1,1,0,1,1,0,0,1,0,1,0,0,1,0,0,1,1,1,1,1,1,0,1,0,0,0,0,0,0,1,1,1,1,1,0,1,0,1,0,1,1,0,1,0,0,0,0,0,1,0,1,0,0,0,1,1
0,1,0,1,0,1,0,0,0,0,0,0,1,1,1,1,1,0,0,0,1,0,0,0,0,0,0,1,0,0,0,0,1,0,1,0,0,1,1,1,1,0,0,0,1,1,1,1,1,0,0,0,1,0,0,0,0,0,0,1,0,1,0,1,1,1,0,0,0,0,0,1,1,1,0,0,1,0,0,1,0,0,1,0,1,1,1,1,1,0,1,0,1,1,1,1,1,0,1,1,0
1,1,0,0,0,0,0,0,0,1,0,1,1,1,0,0,0,1,1,1,1,1,0,0,0,0,0,1,0,0,1,0,1,0,0,1,1,1,0,1,0,1,0,0,1,0,0,0,0,0,1,1,1,1,0,1,0,0,0,1,1,0,1,1,1,0,1,0,0,0,1,1,0,0,0,1,1,1,0,1,1,0,0,0,0,1,1,0,1,1,0,0,1,0,0,1,1,0,0,1,1
1,1,1,1,0,0,1,1,0,1,1,1,0,1,1,0,1,0,1,0,1,0,0,0,0,1,0,1,1,0,0,1,1,1,0,0,0,1,1,1,0,0,1,1,1,1,0,0,1,1,1,0,1,0,0,1,1,0,0,0,1,0,0,0,1,0,0,0,0,0,0,0,0,0,0,0,1,0,1,0,0,0,0,1,1,0,1,0,0,1,1,1,1,0,0,1,0,0,0,0,0
0,1,1,0,1,0,1,0,0,0,0,0,0,0,1,0,1,0,0,0,0,1,1,0,1,1,1,1,0,0,0,1,0,0,1,1,0,0,1,0,0,1,0,1,0,1,0,0,1,1,1,1,0,1,0,0,1,1,0,0,1,1,0,0,0,1,0,0,1,0,0,0,0,1,1,1,0,0,0,1,0,0,1,1,0,1,0,0,1,1,1,0,0,0,1,0,1,1,1,1,1
0,0,0,0,1,1,0,0,0,0,1,0,1,0,0,0,0,1,1,1,0,1,0,0,0,1,0,1,1,1,1,1,0,0,0,0,1,1,1,1,0,1,0,1,1,0,0,1,0,1,1,1,1,0,0,0,1,1,0,0,1,1,1,1,1,1,1,1,1,1,0,0,1,0,1,1,1,1,1,0,0,0,0,1,0,0,1,1,0,1,1,0,1,1,0,0,1,1,1,1,1
1,0,1,1,0,1,0,0,0,0,0,1,0,0,1,1,1,0,0,0,0,0,1,0,0,1,1,1,0,0,0,1,1,0,0,1,0,1,1,1,1,0,1,0,0,0,1,0,0,1,1,0,1,0,0,0,0,0,1,0,0,0,1,1,0,1,0,0,1,0,0,1,1,0,0,0,1,0,1,1,0,1,1,0,0,0,1,1,1,1,0,0,0,0,1,1,0,0,0,1,1
1,0,1,1,1,0,1,0,1,1,1,0,1,0,0,1,1,1,0,0,0,1,0,0,0,1,0,0,1,0,1,0,0,1,1,0,0,1,0,0,1,0,0,1,1,1,1,1,1,1,1,0,0,1,0,0,1,1,1,0,0,1,1,1,0,0,0,1,0,1,1,0,0,0,1,0,1,1,1,0,0,0,0,0,0,1,0,1,1,0,1,1,0,1,1,1,1,0,0,1,1
1,1,1,1,0,0,0,0,0,1,1,1,1,1,0,1,1,0,1,1,0,0,0,0,1,0,1,0,1,0,1,0,0,0,1,1,0,0,0,1,1,1,0,1,0,0,0,1,1,1,0,0,0,0,0,1,0,0,0,1,0,1,0,0,0,0,0,0,0,0,0,1,1,0,1,1,1,0,1,0,1,1,0,0,0,1,0,1,1,1,0,1,1,0,0,0,1,1,1,0,1
1,1,0,1,0,0,0,1,0,0,1,1,1,1,0,0,1,1,1,1,0,0,1,0,0,0,1,1,1,0,0,0,1,0,0,1,0,0,0,1,0,1,0,1,0,0,0,0,0,1,1,0,0,1,0,1,0,0,1,1,1,0,1,1,1,1,0,1,0,0,1,1,1,0,1,1,1,1,1,0,1,0,0,1,1,1,1,1,1,1,1,0,0,1,0,1,0,0,0,0,1
1,1,0,0,1,1,1,1,1,0,0,1,0,1,0,1,1,0,1,1,1,0,1,0,0,1,0,0,1,1,0,1,0,0,1,1,0,0,0,0,0,1,1,0,0,0,1,1,0,1,0,1,1,0,1,1,1,1,0,1,1,1,1,0,0,0,1,1,0,1,1,0,1,1,1,0,0,0,1,0,0,1,1,1,0,0,0,1,1,1,1,0,0,0,0,0,0,0,1,1,1
0,1,1,0,1,0,1,0,1,1,0,0,1,0,0,0,0,0,1,1,1,0,0,1,0,0,1,1,0,1,1,1,0,1,1,0,1,1,1,1,0,1,0,0,0,1,0,1,0,1,0,1,1,0,1,0,0,0,0,1,1,1,1,0,0,0,1,0,0,0,0,0,1,0,0,1,0,0,0,1,1,1,1,0,0,0,1,0,1,1,1,1,1,0,0,1,0,0,1,0,1
0,1,0,0,0,1,0,0,1,0,0,1,1,0,1,1,1,0,1,1,0,0,0,0,1,1,1,0,0,0,1,1,1,0,0,1,0,0,1,1,0,1,0,0,1,0,0,0,0,1,1,1,0,0,0,1,1,0,0,0,0,1,0,1,0,0,0,0,1,1,1,1,1,1,1,0,1,0,0,0,0,1,0,1,0,1,0,0,1,1,0,1,0,0,1,0,1,1,1,1,1
1,1,1,0,0,0,0,1,0,0,1,1,1,0,0,0,0,0,0,0,1,1,1,1,0,0,0,1,1,1,1,1,1,1,1,0,0,1,1,1,0,0,1,0,0,0,0,0,1,1,0,1,1,0,1,0,0,0,1,0,0,0,1,1,0,1,1,0,1,1,0,1,1,0,1,1,0,0,1,1,0,0,1,1,1,1,0,1,1,1,0,0,0,0,1,1,1,0,1,0,1
1,1,1,1,0,0,0,1,0,0,0,1,0,0,0,1,0,1,0,0,0,1,0,0,1,0,0,1,0,1,1,0,1,1,0,1,1,1,1,0,1,0,0,1,1,0,1,1,0,0,1,1,1,1,0,1,0,1,1,0,0,1,1,0,1,0,0,0,0,0,1,1,1,0,0,1,1,0,0,0,0,0,0,1,1,0,0,0,1,1,1,1,1,1,0,1,0,0,0,1,1
0,0,1,0,0,0,0,1,0,1,0,1,0,1,1,0,1,0,0,0,0,0,1,0,1,0,0,1,1,1,1,0,0,0,1,0,1,0,0,1,1,0,1,0,1,1,1,1,1,1,1,1,1,0,0,1,1,1,1,0,0,1,0,0,0,0,1,1,1,1,0,0,0,1,0,0,0,1,1,0,1,1,1,0,0,1,1,0,0,0,1,1,0,0,0,1,1,1,1,1,1
0,0,0,0,0,1,0,1,1,0,1,0,0,1,0,0,0,0,0,1,0,0,1,0,0,0,0,1,0,0,0,1,1,0,1,0,1,0,0,0,0,0,0,0,0,0,1,0,1,0,0,0,0,1,1,1,1,0,0,0,0,1,0,1,1,0,1,0,0,0,0,0,1,0,0,1,0,1,0,0,1,1,0,0,1,1,1,1,1,0,0,1,0,0,0,0,0,0,1,0,1
0,1,1,0,1,0,0,1,0,1,0,0,1,1,1,0,1,0,1,1,0,1,1,0,0,0,0,1,0,1,0,0,0,1,1,1,1,1,0,1,0,1,0,1,0,0,1,0,1,1,1,1,1,0,0,0,1,1,0,1,1,1,0,1,0,0,1,0,0,1,1,1,0,1,1,0,0,0,1,1,1,1,1,0,1,0,1,1,1,0,1,1,0,1,0,0,0,0,1,0,1
0,1,0,1,0,1,0,1,0,0,1,0,1,1,1,0,1,1,1,1,0,1,1,0,1,1,0,0,1,1,0,0,1,0,1,1,0,0,0,1,1,1,1,1,0,0,0,0,1,0,1,0,1,1,0,0,1,0,1,0,0,0,1,1,0,0,0,1,0,0,0,0,1,0,1,0,0,1,0,0,0,0,1,1,1,0,1,1,1,1,1,0,1,1,1,0,1,0,0,1,1
0,0,1,0,1,1,0,1,1,0,0,1,0,0,1,1,0,1,0,1,0,0,0,0,0,1,0,1,0,0,0,1,1,1,0,1,0,0,1,0,1,1,0,1,1,1,0,1,0,1,0,1,0,0,1,0,1,0,1,0,1,0,0,1,1,1,1,0,1,0,1,0,0,1,1,1,0,0,1,1,0,1,1,1,1,0,0,1,0,0,1,0,0,0,0,0,0,0,0,1,1
1,1,0,1,1,0,1,0,0,0,1,0,1,1,0,1,0,0,1,0,0,1,0,0,1,1,1,1,0,0,1,1,0,1,1,0,1,0,0,0,0,1,1,0,0,0,0,0,1,0,1,1,0,0,1,1,0,0,0,0,0,0,0,0,0,1,0,0,1,1,0,0,0,0,0,1,0,0,0,1,0,1,0,0,0,0,0,0,0,1,0,0,0,1,1,1,1,0,1,1,1
0,1,0,0,1,1,0,1,0,1,1,1,0,1,0,0,0,0,1,1,1,1,1,1,0,1,1,1,1,1,1,1,0,0,1,1,1,1,1,0,1,0,0,0,0,1,0,1,1,1,1,1,1,1,0,1,0,1,1,1,0,1,1,1,1,0,1,0,1,1,0,1,0,0,0,1,1,1,1,0,1,1,0,1,0,0,1,0,0,0,0,0,0,0,1,1,0,1,0,0,1
0,0,1,1,0,0,1,0,0,1,1,1,0,1,0,0,1,0,0,1,0,0,1,0,0,1,0,1,0,1,1,1,1,0,1,0,1,0,1,1,0,1,0,0,0,0,0,0,1,0,0,1,1,1,0,0,1,0,1,0,1,1,1,0,0,0,1,1,0,0,0,0,1,0,1,0,0,1,0,0,1,0,0,0,1,0,1,1,1,1,0,1,0,0,1,1,1,0,0,0,1
0,1,0,1,0,1,1,0,1,1,1,1,1,1,1,1,0,1,1,0,1,1,1,1,1,1,0,1,1,1,1,0,0,1,1,0,1,1,1,1,0,0,1,0,0,1,0,1,0,1,1,0,0,0,1,0,0,1,0,0,1,0,0,1,0,0,0,1,1,1,1,0,0,1,0,1,1,0,0,1,0,1,1,0,0,0,0,0,0,1,0,0,1,1,0,0,1,1,0,1,0
0,1,1,0,0,1,1,1,0,1,1,1,0,0,0,1,1,1,1,0,1,0,1,1,1,0,0,0,0,1,0,0,1,1,0,0,1,1,1,0,1,0,0,0,1,0,0,0,0,1,1,0,1,0,0,1,1,1,1,0,0,1,1,1,1,1,0,1,1,1,1,1,0,0,1,0,1,0,1,1,1,1,1,1,1,1,1,0,1,0,0,1,0,0,1,0,1,0,0,1,0
0,1,0,1,1,1,0,0,1,0,1,1,1,1,0,1,1,1,0,1,0,1,0,0,1,1,0,1,0,0,0,1,1,0,1,1,1,1,1,0,1,0,1,1,1,1,1,1,0,0,1,1,1,0,1,1,0,1,0,0,0,1,1,0,0,1,1,1,1,1,0,0,0,1,0,1,0,0,0,0,1,1,0,1,0,0,0,1,1,1,1,0,0,0,1,0,1,1,1,0,1
0,1,1,0,0,1,0,0,1,1,1,1,1,1,0,0,0,0,1,1,1,1,1,1,1,0,0,0,1,1,1,1,1,0,0,1,0,0,1,0,0,1,0,1,1,0,0,1,1,0,0,0,1,1,1,0,0,0,1,1,0,1,1,1,1,0,1,0,1,0,0,0,0,0,1,1,1,0,0,1,0,0,0,1,0,1,1,0,1,1,0,0,0,1,0,0,0,1,1,0,1
0,1,1,1,0,0,0,1,0,1,1,0,0,1,1,1,1,1,1,1,1,1,0,0,1,0,1,0,0,1,1,0,1,1,1,0,1,0,1,1,1,0,1,0,1,1,1,1,1,0,1,0,1,0,1,1,1,0,1,0,0,1,1,1,0,0,0,1,0,0,0,1,1,1,0,1,1,0,1,0,0,1,1,0,0,1,0,0,0,0,0,1,1,0,1,0,0,0,1,1,1
0,0,0,1,0,1,1,0,0,0,0,1,0,0,1,1,1,0,0,1,1,1,1,1,0,0,0,1,0,0,0,1,1,0,0,0,0,0,0,1,1,0,0,1,0,1,1,1,1,1,0,0,0,1,1,1,1,1,1,1,0,1,1,0,0,1,0,0,0,1,1,1,0,1,0,1,1,0,0,1,1,0,1,1,1,0,1,1,0,0,0,0,0,0,0,0,0,0,0,0,0
0,0,1,0,1,0,0,0,0,1,0,1,1,0,1,1,0,1,1,0,1,0,0,0,0,1,1,0,0,0,0,0,0,0,0,1,1,0,0,0,0,1,0,1,1,1,0,0,1,0,1,0,1,0,1,1,0,0,1,0,1,1,0,0,0,0,0,1,0,0,1,0,0,0,1,1,1,1,1,0,1,0,0,0,1,1,0,1,0,0,1,1,0,0,1,1,1,0,0,0,0
0,1,1,1,0,0,0,1,0,0,1,1,1,1,0,1,0,0,0,1,0,1,1,1,0,0,0,1,0,0,0,1,0,1,0,1,0,0,1,0,1,0,0,0,0,0,0,1,0,0,0,0,1,0,1,0,1,1,0,0,0,0,1,0,0,0,0,0,0,1,1,1,1,0,0,1,1,1,1,1,1,1,0,0,0,1,0,1,0,1,1,0,1,0,0,0,1,0,0,0,1
1,1,1,1,0,1,1,1,0,0,1,1,1,1,0,0,1,1,1,0,0,1,1,0,1,1,1,1,0,1,0,1,1,0,0,1,0,1,0,0,1,0,0,1,0,0,0,0,1,0,1,1,1,1,1,0,1,0,0,0,0,0,1,0,0,0,1,1,0,0,1,0,1,1,0,0,1,1,1,1,1,1,0,0,0,0,0,1,0,1,1,0,0,1,1,0,0,0,1,1,1
1,0,1,1,0,0,0,0,1,1,0,1,1,1,0,0,1,0,0,1,1,1,0,1,0,0,0,1,1,1,1,1,0,0,1,1,0,0,1,0,1,1,0,1,0,0,0,1,0,0,0,0,1,1,1,0,0,0,0,1,1,0,0,0,1,1,0,1,1,1,0,1,0,1,1,0,1,1,1,0,1,0,1,0,1,0,0,0,1,0,0,0,0,0,1,1,1,1,0,1,1
0,1,1,0,1,1,1,1,1,1,0,1,0,1,0,1,0,1,1,0,1,0,0,0,0,0,0,1,0,1,0,1,0,0,1,1,1,0,0,1,0,0,1,1,1,1,1,0,1,1,0,1,1,0,0,0,1,0,0,0,1,1,1,0,1,1,1,1,0,1,1,0,0,1,0,0,0,0,0,0,1,0,1,1,0,0,0,0,0,0,1,1,1,1,1,1,1,0,1,0,0
1,0,0,0,0,0,1,1,0,0,1,1,0,1,0,0,1,0,0,0,1,0,0,0,0,1,1,0,1,0,0,0,1,1,1,1,0,0,0,0,1,1,0,0,0,1,1,1,0,1,1,1,0,1,0,0,1,0,1,0,0,0,1,1,1,1,0,1,0,0,1,1,0,1,1,1,0,1,0,1,0,0,1,0,1,0,0,1,0,1,1,1,1,1,0,0,1,0,1,0,1
1,0,0,0,0,1,0,0,0,0,1,1,0,1,1,0,0,1,0,0,1,1,0,1,1,0,0,0,0,1,1,0,0,1,1,1,0,0,0,1,0,0,1,0,1,1,0,1,1,1,1,1,0,0,0,1,1,1,1,0,1,1,1,1,0,0,0,0,0,1,0,1,1,1,1,0,0,0,0,1,0,1,0,0,0,0,0,0,0,0,1,0,1,1,0,1,0,0,1,0,1
1,0,1,0,0,0,1,0,0,0,0,1,0,0,0,1,1,1,1,1,1,1,1,1,1,1,0,1,0,0,1,1,0,1,1,0,0,0,1,0,1,0,0,0,1,1,0,1,1,1,1,1,1,1,0,1,1,1,1,0,0,0,1,0,1,1,0,0,1,1,0,1,0,0,1,0,1,1,1,1,0,1,0,1,1,1,0,1,1,1,0,1,0,0,1,0,1,1,0,1,1
1,1,1,1,1,1,1,0,0,1,1,1,0,1,0,0,0,0,1,1,1,1,0,1,0,0,0,0,0,1,0,0,1,0,0,0,1,0,1,0,0,1,0,0,0,0,1,0,0,0,1,0,1,1,1,1,0,1,0,1,0,0,1,1,1,1,1,1,1,1,1,0,1,1,1,1,1,0,0,1,0,0,0,0,1,1,1,0,0,0,1,1,0,0,0,1,0,0,0,1,0
0,1,1,0,1,1,0,1,0,0,1,1,1,0,1,1,1,1,0,1,0,1,1,1,0,1,0,1,1,0,1,1,1,1,0,0,1,1,1,0,0,0,1,0,0,0,1,1,0,0,0,0,0,1,0,1,1,0,0,0,0,0,0,1,1,1,0,1,1,0,0,1,0,1,0,0,1,1,1,1,1,0,1,1,1,0,0,1,1,1,0,1,1,1,0,1,0,0,0,0,1
1,0,0,0,0,0,0,1,0,0,1,1,1,1,1,0,1,0,0,1,0,1,1,1,0,0,1,0,1,1,0,0,0,0,0,0,0,1,1,1,0,0,0,0,0,0,0,0,0,0,1,0,1,0,1,1,0,0,1,1,0,1,1,0,1,0,0,0,1,1,1,1,1,1,0,1,1,1,1,0,0,1,1,1,0,1,1,1,1,1,0,1,0,1,1,1,0,0,0,1,0
0,1,1,0,1,1,0,1,0,1,1,1,1,1,1,0,1,1,1,1,1,1,0,0,1,1,0,0,1,1,0,0,1,1,0,1,1,0,0,1,0,1,0,1,1,0,0,0,1,0,1,0,0,0,1,1,0,0,1,0,1,0,0,1,0,0,0,0,0,0,1,1,0,0,0,1,1,1,0,1,1,1,0,0,0,0,1,0,1,0,1,1,1,0,1,1,1,0,1,1,1
0,1,1,0,1,1,1,0,0,1,0,0,0,0,0,1,1,0,1,0,0,0,1,0,1,0,0,1,1,0,0,0,0,0,0,0,1,0,1,1,1,1,0,0,1,1,0,1,1,1,1,1,1,1,1,0,0,0,1,0,0,1,1,0,0,0,1,1,0,0,0,1,1,1,0,1,1,0,1,0,0,0,1,0,0,0,1,0,1,0,1,0,0,0,1,0,1,1,0,1,0
0,1,1,1,1,0,0,0,0,0,0,1,1,0,0,1,1,0,0,0,1,0,0,0,0,1,1,1,0,0,0,1,0,0,0,0,0,1,0,0,0,0,0,1,0,1,1,1,0,1,1,0,1,1,0,0,0,1,0,1,1,1,0,1,1,1,0,1,0,1,0,0,1,1,0,0,1,0,1,0,0,1,0,1,0,1,1,1,1,1,1,1,0,0,1,0,1,0,0,0,1
1,1,1,1,1,0,1,0,0,0,1,1,0,1,0,1,1,0,0,1,0,0,1,0,0,0,0,0,1,0,1,1,0,1,1,0,1,1,1,1,1,1,1,0,1,1,0,0,1,0,0,1,1,0,0,0,0,1,0,1,0,1,1,0,0,1,0,0,1,1,0,1,0,1,0,1,1,0,1,1,1,1,1,1,0,1,1,0,0,0,1,1,0,0,1,0,0,1,1,1,1
1,1,1,0,0,0,1,1,0,1,0,1,1,0,0,0,1,1,1,0,1,0,1,1,0,0,1,0,1,1,0,0,0,1,1,0,1,0,1,0,0,1,1,1,1,1,1,0,1,1,1,0,0,1,0,1,1,1,1,0,1,1,0,1,0,1,1,1,0,0,0,1,0,0,1,0,0,0,0,1,0,1,1,0,1,1,0,0,1,0,1,0,0,0,1,0,0,0,0,0,0
0,1,0,1,0,0,0,0,1,0,0,1,1,0,0,1,0,0,0,1,0,0,0,0,0,1,1,0,0,0,1,1,0,0,0,0,0,1,1,0,1,1,0,1,0,1,0,1,1,0,0,0,1,0,0,0,0,0,1,0,1,1,1,1,1,0,0,0,1,0,1,1,1,1,0,0,0,0,0,1,1,0,0,1,0,0,1,1,0,1,1,0,1,1,0,0,0,1,1,1,1
0,0,1,0,0,0,0,0,0,1,0,1,0,1,0,1,0,1,0,0,1,0,0,1,1,0,0,1,0,0,0,0,0,1,0,0,0,1,0,0,1,1,0,1,0,0,1,0,0,1,0,0,0,0,1,1,0,0,0,1,1,1,0,0,0,0,1,1,1,0,1,0,1,0,1,0,0,0,0,0,0,0,1,1,0,1,1,0,0,1,0,0,1,0,1,1,1,1,1,1,1
1,1,0,1,1,1,0,0,0,1,0,0,0,1,1,0,1,0,0,0,0,1,0,0,1,1,0,1,0,0,1,1,1,0,1,0,1,0,0,0,1,0,0,0,1,1,1,1,0,1,1,0,1,0,1,1,1,1,1,0,1,1,0,0,0,0,0,1,1,0,0,0,1,0,0,1,0,0,0,0,1,0,1,0,0,1,1,1,1,0,0,1,0,1,0,1,0,0,0,1,1
0,0,0,0,1,1,1,0,0,1,1,1,1,1,0,0,0,1,1,0,0,0,0,1,0,1,0,0,0,0,1,0,0,1,0,0,0,0,0,1,1,1,0,0,1,0,1,1,0,1,1,0,1,1,1,0,1,1,1,0,0,0,1,0,1,1,1,1,1,1,0,1,1,1,0,0,1,1,1,0,0,1,1,1,0,1,0,1,1,0,0,0,1,0,1,0,1,0,0,1,1
0,0,0,0,1,1,0,1,0,0,1,1,1,1,1,1,1,0,1,1,1,0,0,0,0,1,0,0,1,1,0,0,0,1,0,0,0,0,1,1,0,1,1,0,0,1,1,0,0,0,0,0,1,0,0,1,1,1,1,1,0,0,1,1,1,0,1,1,0,1,0,1,1,1,0,1,1,0,0,0,0,1,0,0,0,1,1,0,0,1,0,0,1,0,0,1,0,0,1,1,0
0,1,1,1,0,1,1,0,1,0,1,0,1,0,1,1,1,0,0,0,0,1,1,0,0,1,0,1,0,0,0,0,1,0,1,1,0,1,1,0,0,0,0,0,1,1,0,1,0,0,0,1,0,1,0,0,0,1,0,0,0,0,0,1,0,0,0,1,1,0,0,1,1,0,0,1,1,1,0,0,1,1,1,0,1,1,0,1,0,1,0,1,1,0,0,0,1,0,0,1,0
0,0,1,0,1,0,0,0,1,0,1,1,0,1,0,0,1,0,0,0,1,1,1,1,0,0,0,1,0,0,1,1,1,0,0,1,1,0,1,1,1,0,1,0,1,0,1,0,0,0,0,1,0,1,0,0,0,0,1,1,1,0,0,1,1,0,0,1,0,1,0,1,1,0,0,1,0,0,1,0,0,0,1,0,0,0,1,0,1,0,1,0,1,0,0,1,0,0,0,0,1
1,0,1,1,0,0,1,1,1,1,1,0,1,1,0,1,1,1,0,0,1,1,0,0,0,0,0,1,0,1,0,0,0,0,0,1,0,1,0,1,1,1,1,1,1,1,1,1,0,0,0,0,1,1,1,0,1,0,1,0,0,0,0,0,0,0,1,0,1,0,1,0,1,1,1,1,0,0,0,1,0,1,0,1,1,1,0,0,1,1,1,0,1,1,1,1,0,0,1,1,0
1,0,0,0,0,1,0,0,1,1,1,0,1,1,1,1,1,0,0,0,0,1,1,0,0,0,0,1,0,0,0,1,0,1,1,1,1,1,1,1,0,0,1,0,0,1,0,1,1,0,1,0,0,1,1,1,0,0,1,0,0,1,1,0,1,1,1,1,1,1,0,0,1,0,1,1,1,1,0,0,1,1,1,0,0,0,0,0,1,1,1,0,1,1,0,0,1,0,0,0,1
1,1,1,0,1,1,0,1,0,1,1,1,0,1,1,1,0,0,0,0,1,1,0,1,0,1,1,0,1,0,0,0,0,1,0,1,0,1,1,1,1,1,0,1,0,1,0,0,1,1,1,1,0,0,0,0,0,0,0,1,1,0,0,1,0,0,1,0,1,1,1,1,1,1,0,0,1,0,1,1,0,0,0,0,1,0,0,1,1,0,0,0,1,1,1,0,1,0,0,1,1
1,0,0,0,1,1,0,0,0,1,0,0,1,1,0,0,1,1,1,0,0,1,1,1,0,1,0,1,0,1,0,1,1,1,0,1,1,0,0,0,0,0,1,1,1,0,0,0,1,1,0,1,1,0,1,1,1,1,0,1,1,0,0,0,0,1,1,1,1,0,0,1,1,0,0,1,0,0,0,1,0,0,0,1,0,0,1,1,1,0,0,0,0,0,0,0,1,0,0,1,1
1,0,1,0,1,1,0,1,1,1,1,1,0,1,0,1,1,0,1,0,1,0,0,0,1,1,0,0,1,1,1,0,0,1,1,0,0,1,1,0,1,1,0,1,1,0,1,1,0,1,0,1,1,0,1,0,1,0,0,0,0,1,1,1,1,1,0,1,1,0,1,1,1,0,0,1,1,1,1,1,0,1,1,0,1,1,1,0,0,1,0,1,1,1,0,0,0,0,1,1,1
1,0,0,0,1,0,0,0,0,1,0,1,0,1,1,1,1,0,0,1,0,0,1,1,0,0,0,1,0,0,0,0,0,0,0,0,0,1,1,0,1,0,1,0,0,0,1,1,1,0,1,1,1,0,1,1,0,1,1,1,1,1,0,0,0,1,1,1,1,1,0,1,0,0,0,1,0,0,0,0,1,1,0,1,0,0,0,0,0,0,0,1,0,1,0,0,0,0,0,1,1
1,1,1,1,0,0,1,1,1,1,1,1,0,1,0,0,0,0,1,1,1,1,1,0,0,0,1,1,0,0,1,1,1,1,0,1,1,0,1,1,0,1,1,1,1,1,0,1,0,1,0,1,0,1,1,0,0,1,0,0,0,1,0,0,1,0,0,0,1,0,1,1,1,0,1,1,0,0,0,0,0,1,1,0,0,0,1,0,1,0,1,0,0,1,1,1,1,0,1,0,0
1,1,1,1,1,0,0,0,0,0,1,0,1,0,0,1,0,0,1,1,0,0,1,1,1,1,1,0,1,0,1,0,0,0,1,1,1,1,0,1,0,1,0,1,0,0,1,0,0,0,1,0,1,0,0,0,0,1,0,1,0,0,0,0,0,1,1,1,1,0,1,0,0,1,0,1,0,0,0,0,1,0,1,1,1,1,1,0,1,0,1,0,1,1,0,0,0,1,0,1,1
0,1,0,1,1,0,1,1,1,0,0,0,1,1,1,0,1,0,1,0,1,1,1,0,0,0,1,1,0,0,0,0,0,0,1,0,1,0,0,1,1,0,1,0,0,0,1,1,1,1,0,1,0,0,0,1,0,1,0,1,0,0,0,0,0,1,1,1,1,1,0,1,0,1,0,0,0,0,0,1,0,0,1,1,0,1,0,0,0,1,0,1,1,0,0,1,1,1,0,1,0
1,1,0,1,1,0,0,1,0,1,1,0,0,1,0,1,1,0,1,0,0,1,0,0,1,1,0,0,0,0,0,1,1,0,1,0,1,1,0,1,1,0,1,1,1,0,0,0,0,1,0,1,0,0,0,1,1,0,1,1,1,0,0,0,1,0,0,1,0,0,1,0,1,1,0,0,0,1,1,0,0,1,0,1,1,0,1,0,0,0,0,0,1,0,1,0,1,0,0,1,1
0,1,0,1,0,0,0,1,0,0,0,0,0,1,1,0,1,0,1,0,1,1,1,0,1,0,0,1,0,0,0,1,1,0,0,0,1,1,1,1,0,1,1,1,1,0,1,1,0,1,1,1,0,1,1,0,1,0,0,1,0,0,1,0,0,0,1,0,1,0,0,0,0,1,0,0,0,1,1,0,1,1,0,1,0,0,0,1,0,1,0,0,1,1,1,1,1,0,1,0,0
1,1,1,1,1,1,1,0,1,1,1,1,0,0,1,1,1,1,0,1,1,0,1,0,0,0,0,1,1,1,1,1,1,1,1,0,1,1,0,0,0,0,0,1,1,1,0,1,0,0,0,0,1,1,0,1,0,0,1,0,1,0,1,0,1,0,1,0,1,0,1,1,0,1,1,0,0,1,1,1,1,0,0,1,1,1,1,0,1,1,0,0,0,0,0,1,0,0,0,0,0
0,1,0,0,0,1,0,1,0,1,0,0,1,0,1,1,1,1,1,1,1,0,1,1,0,0,0,0,1,0,0,0,1,0,1,0,1,0,1,0,1,1,1,0,1,0,0,1,1,1,1,1,1,0,0,1,0,0,0,0,0,1,0,1,1,1,1,1,0,0,1,1,1,1,0,0,1,0,0,0,1,0,0,0,1,1,1,1,1,0,0,1,0,1,0,0,0,1,0,0,0
1,0,0,0,0,0,0,1,0,1,0,0,0,0,0,0,1,1,0,0,1,0,1,0,0,0,1,1,0,1,0,1,1,1,0,0,1,0,1,0,0,0,0,1,0,1,1,0,0,1,0,1,0,1,1,1,1,0,0,1,1,0,0,1,1,1,1,1,1,1,0,0,1,1,0,1,1,1,0,0,0,1,1,1,0,1,0,1,0,0,0,0,1,1,1,0,1,0,1,1,1
1,0,1,0,0,0,0,0,1,0,1,0,0,1,1,1,0,0,1,1,1,1,0,0,1,1,0,0,0,0,1,1,1,1,1,0,1,0,1,1,0,1,1,1,1,1,0,0,0,0,0,0,1,1,0,1,1,1,1,0,1,1,0,0,0,0,0,1,0,0,0,0,0,1,0,1,0,0,0,0,0,1,0,0,1,1,1,0,1,1,0,1,0,0,1,1,0,1,1,1,1
0,0,1,0,1,0,0,1,1,1,1,0,0,0,0,0,0,1,1,1,1,1,1,1,0,0,1,1,0,1,1,1,0,0,0,0,0,1,0,1,1,0,1,1,0,1,0,0,1,0,0,1,0,0,0,0,0,1,1,0,1,0,1,0,0,0,1,1,0,0,1,0,0,1,0,1,1,1,0,0,1,1,0,1,1,1,1,0,0,1,0,1,1,0,0,1,1,0,0,1,1
0,0,1,0,0,1,0,0,1,1,1,1,0,1,0,0,1,0,1,0,1,0,1,1,1,0,1,0,1,0,1,1,1,1,0,0,0,1,1,0,0,0,1,1,0,1,1,0,1,0,0,1,1,1,1,0,1,0,0,1,1,1,1,1,0,1,1,0,1,0,1,1,1,0,1,1,1,1,1,0,0,0,1,1,0,1,0,0,1,0,0,0,0,1,0,0,0,0,1,1,1
0,0,0,0,1,0,0,0,0,0,1,0,0,1,0,0,1,0,0,0,1,1,1,1,1,0,0,0,1,0,0,1,1,0,0,1,0,0,1,0,0,1,1,1,0,0,1,0,1,0,1,0,0,1,1,1,1,0,1,1,1,0,1,0,0,1,0,1,0,0,1,0,1,0,1,1,0,1,1,0,0,0,1,1,1,0,1,0,0,0,0,1,0,0,0,0,0,1,1,0,1
1,0,0,1,1,0,1,0,0,0,0,0,0,1,0,0,1,1,0,1,1,1,0,1,1,1,1,0,0,0,1,0,1,1,1,1,1,0,1,0,0,0,1,1,0,1,1,0,0,0,0,1,0,1,0,1,0,0,0,1,1,1,0,1,0,1,0,1,1,1,1,1,0,0,1,0,1,0,0,0,1,1,0,1,1,0,0,1,1,1,1,0,1,1,1,0,0,1,1,0,1
1,0,1,1,1,0,1,1,1,1,1,1,0,0,1,0,1,0,1,1,0,0,0,0,1,1,1,0,0,1,0,1,0,0,0,1,1,1,0,0,0,1,1,0,0,1,1,0,0,1,1,0,0,0,0,1,1,0,1,0,1,1,0,1,1,0,0,1,0,0,1,1,1,1,1,0,0,0,1,1,1,1,0,1,1,1,0,1,1,1,1,1,0,1,0,1,0,1,0,0,0
1,0,1,1,1,1,0,0,0,0,1,1,1,1,1,0,1,0,0,1,0,0,0,0,0,1,0,0,1,0,0,0,1,1,1,1,0,1,1,0,0,0,0,1,0,0,0,0,0,0,0,0,0,0,1,1,0,1,1,0,1,0,1,0,0,0,1,1,1,0,1,0,0,0,1,0,1,1,1,1,1,1,0,1,0,0,0,0,0,1,0,0,0,0,0,1,0,1,0,1,1
1,1,0,1,0,0,0,0,0,1,0,1,0,1,1,0,1,1,1,1,1,0,0,0,0,0,0,0,0,1,1,1,1,1,0,0,0,1,0,0,1,1,1,0,1,0,1,1,1,0,1,1,0,1,1,1,1,1,0,0,1,0,0,1,0,1,0,0,1,1,0,0,1,1,0,0,1,1,1,0,0,0,0,1,1,0,1,0,0,0,1,1,1,0,0,0,1,1,0,1,1
0,0,1,0,0,1,0,0,0,1,1,0,0,0,1,1,1,0,1,0,0,1,0,1,0,0,1,0,0,1,0,1,1,0,0,0,1,1,1,1,1,1,1,1,1,0,1,0,0,1,0,1,0,1,0,1,0,1,0,1,0,0,1,0,1,0,1,0,1,1,0,0,1,0,1,0,1,0,0,1,1,1,0,1,1,0,1,0,1,1,1,0,1,1,0,0,1,0,0,1,0
1,0,0,1,1,1,0,1,1,0,1,0,1,1,1,1,0,0,1,1,1,0,1,0,1,1,1,0,0,1,1,1,0,0,0,1,1,0,1,1,0,1,0,1,0,0,0,1,0,1,1,1,1,0,1,1,0,1,0,0,1,0,0,1,0,1,1,1,1,1,0,0,0,0,1,1,1,1,1,1,1,0,0,1,0,1,1,0,0,1,1,1,1,1,0,1,1,0,1,1,1
1,1,1,0,1,1,1,0,1,0,0,1,1,0,0,0,1,1,0,0,0,0,0,0,1,0,0,1,0,0,0,1,0,0,0,0,0,1,1,0,0,1,1,1,1,1,0,1,1,1,0,1,1,0,1,1,1,0,1,0,0,0,0,0,1,0,0,0,0,1,0,0,0,1,1,1,0,1,0,1,1,1,0,1,1,1,0,1,1,0,1,0,1,0,0,1,1,0,0,0,1
1,0,1,1,1,0,1,1,1,0,1,1,0,1,0,1,0,0,0,0,1,0,0,0,0,0,1,0,1,0,1,1,0,1,0,0,0,0,1,0,1,1,1,0,1,1,0,1,1,0,0,1,0,0,0,1,1,0,1,1,0,1,0,1,1,0,0,0,0,0,0,0,1,0,0,0,1,1,1,0,0,0,1,1,0,1,0,1,0,0,1,1,1,0,1,1,0,1,1,0,1
1,1,1,1,1,0,0,0,1,0,1,1,1,1,0,0,1,0,0,0,0,1,0,1,0,0,0,1,0,0,0,0,0,0,1,0,0,0,0,1,1,1,1,0,1,0,0,1,0,0,1,1,1,1,0,0,1,0,1,0,0,0,1,1,1,0,1,1,0,0,0,1,1,1,0,1,0,1,0,0,0,0,1,1,0,0,1,0,1,1,0,1,1,1,0,1,0,0,1,1,0
0,1,0,1,0,0,1,1,0,1,0,0,1,1,0,1,1,1,1,0,1,1,0,1,1,1,0,0,0,1,1,0,0,1,1,1,0,1,1,0,0,1,1,1,0,1,1,1,0,0,1,1,0,0,1,1,0,0,1,1,1,1,0,0,1,1,0,0,0,0,0,1,1,1,0,1,1,0,1,1,1,0,1,1,1,0,0,0,0,0,0,0,1,1,0,0,0,0,0,1,1
1,0,1,1,0,0,0,0,1,1,0,0,1,0,0,1,1,1,0,0,1,0,0,1,1,1,1,0,1,0,1,1,0,0,1,0,0,1,0,1,1,1,0,1,1,0,1,1,1,1,0,1,1,0,0,1,0,0,0,1,1,1,1,1,0,1,1,0,0,0,1,0,1,1,0,0,0,0,1,1,1,0,0,1,1,1,0,1,1,1,1,1,0,0,0,0,0,1,0,0,1
1,1,0,1,0,1,1,1,0,0,1,0,1,0,1,0,1,0,0,0,0,0,1,1,1,1,0,1,1,0,1,0,0,0,0,0,0,0,0,0,0,1,1,1,0,1,0,0,1,1,1,1,1,0,1,1,0,0,1,0,1,1,1,1,1,1,1,0,1,0,1,1,0,1,1,0,1,0,1,1,0,0,0,0,1,1,0,0,1,0,1,1,0,1,1,1,1,0,1,0,0
1,1,0,0,1,1,1,1,1,0,1,1,0,0,1,0,0,1,1,1,0,0,0,0,1,1,0,1,1,0,1,0,1,0,0,0,0,1,1,1,0,1,0,1,0,0,0,0,1,0,0,1,0,1,0,1,1,0,1,1,0,0,0,1,0,0,1,0,0,1,1,1,0,0,1,1,0,0,1,1,1,0,0,0,0,1,1,1,1,1,0,0,1,0,0,0,1,1,0,1,1
0,0,0,0,1,0,1,0,1,0,0,1,1,0,1,1,0,1,1,0,0,0,0,0,0,1,1,0,0,1,1,1,0,1,1,1,1,1,0,1,0,1,0,0,0,1,1,0,0,0,1,1,0,1,0,1,1,1,1,0,0,1,0,1,0,0,0,0,0,0,1,1,0,0,1,1,1,0,1,0,1,1,0,0,0,1,1,0,1,1,0,1,0,1,0,1,1,0,1,1,1
1,1,0,0,0,1,0,1,1,0,0,1,1,1,1,0,1,0,0,1,1,1,0,1,1,0,1,1,1,1,1,1,1,0,0,1,0,1,0,0,0,1,1,1,0,1,0,1,1,1,1,1,1,0,0,1,0,1,0,0,1,1,1,0,0,0,0,1,0,0,1,0,1,0,0,1,1,0,1,0,1,1,1,1,0,0,1,0,0,0,1,1,0,1,1,1,0,0,1,0,0
1,1,1,0,1,1,0,1,0,0,1,1,0,1,1,0,1,1,0,1,1,0,0,0,1,1,1,0,0,0,0,1,0,1,1,1,1,0,0,0,0,1,0,0,0,0,0,1,1,1,1,0,0,1,1,1,0,1,0,1,0,1,1,1,0,1,0,0,1,1,0,0,0,1,0,0,0,0,0,1,0,1,0,1,0,1,1,1,0,1,0,0,1,0,0,1,0,0,0,0,1
1,1,0,1,0,0,0,1,1,0,1,0,0,1,0,0,0,0,0,0,0,1,1,1,0,0,0,1,1,1,0,0,1,1,0,1,1,0,1,0,0,1,0,1,1,1,0,1,0,0,0,1,0,1,1,0,0,1,1,0,0,0,0,0,1,1,1,0,0,0,0,0,1,1,0,1,1,1,1,1,0,1,0,1,1,1,1,1,0,0,1,0,0,0,1,1,0,1,0,0,0
0,1,1,1,1,0,0,1,1,1,0,0,0,0,1,1,1,1,0,1,0,1,0,0,0,0,1,1,0,1,0,1,0,0,0,0,1,1,1,0,0,0,0,1,0,0,1,1,1,0,0,0,0,1,1,1,0,1,1,1,0,0,0,0,0,1,1,1,1,0,0,1,1,0,0,1,0,0,0,1,0,1,0,1,0,0,0,1,0,1,1,0,0,0,1,0,0,0,0,0,1
0,1,0,0,1,0,1,1,1,0,0,1,1,0,1,0,0,0,0,0,1,1,0,1,1,0,0,1,1,1,0,1,1,1,0,0,1,0,1,1,1,0,0,0,0,0,1,0,0,1,1,1,1,1,1,1,0,0,0,1,0,0,1,0,0,1,1,1,1,0,0,1,0,1,1,1,0,1,1,1,1,0,0,1,0,0,1,1,1,1,1,0,1,0,1,1,0,1,1,1,1
0,1,0,1,0,1,0,0,1,0,0,0,1,0,1,1,0,1,1,1,1,0,1,0,0,1,0,0,0,1,1,0,1,0,0,1,1,1,1,0,1,1,1,1,0,1,0,1,1,1,1,0,0,0,0,1,0,0,0,1,1,1,0,1,1,1,0,1,1,0,0,1,1,1,1,0,0,0,1,0,0,0,0,1,1,1,0,0,1,1,0,0,0,0,1,0,1,0,1,1,1
0,1,0,0,0,1,1,0,1,1,1,1,1,0,1,1,1,1,0,1,1,0,0,0,0,1,1,1,0,1,0,1,1,1,0,0,1,0,1,1,1,0,0,1,1,0,0,1,0,0,1,0,1,1,1,1,1,1,0,0,0,1,1,1,1,0,0,0,0,1,1,0,0,0,0,0,0,1,0,1,0,1,1,1,1,0,1,1,0,0,1,0,1,1,1,0,0,0,0,1,0
1,1,0,0,0,1,0,0,1,1,1,1,1,0,1,0,1,1,1,1,1,0,1,1,0,1,1,1,0,1,1,1,1,0,1,0,1,0,0,0,1,1,1,0,0,0,1,1,1,0,1,1,1,0,1,0,1,1,0,1,1,1,1,1,0,0,0,1,1,1,0,0,1,0,1,0,0,0,1,1,1,1,1,1,0,1,0,0,1,0,0,1,0,1,1,1,1,0,0,1,1
0,0,1,0,1,1,0,0,0,1,1,0,0,1,0,1,1,1,1,1,1,0,1,1,0,0,0,1,1,0,1,1,1,0,1,1,0,0,0,1,0,0,1,0,1,1,1,1,1,1,1,1,1,0,0,0,0,1,0,1,0,0,1,1,1,0,1,1,0,0,1,1,1,0,0,0,1,1,1,1,1,0,0,1,0,1,0,0,1,0,1,1,0,0,1,0,0,0,1,1,1
0,0,1,0,0,1,1,1,0,0,0,0,0,1,1,1,0,0,1,0,0,0,1,0,0,1,1,1,1,0,1,1,0,0,0,0,0,0,1,1,1,0,1,1,1,1,1,1,0,0,0,1,1,1,1,1,1,0,0,0,0,1,1,0,1,1,1,1,0,0,1,0,1,1,0,1,1,0,1,1,1,1,1,1,0,0,1,1,1,0,0,1,0,1,0,1,0,0,0,0,1
0,1,1,0,1,0,1,0,1,0,1,0,0,0,0,0,0,0,0,0,0,0,1,1,1,1,1,1,0,0,1,1,0,1,1,0,1,0,1,1,1,0,1,1,1,0,0,1,1,1,1,1,0,1,0,0,0,1,1,1,0,0,1,0,0,0,1,1,1,1,0,1,0,0,1,0,1,1,0,1,1,1,1,1,1,0,0,1,1,1,0,0,0,1,0,1,0,1,0,1,1
0,1,1,0,1,1,1,0,0,1,0,0,1,0,1,0,1,1,0,1,0,1,1,0,0,0,0,1,0,0,0,1,1,0,1,0,0,1,0,0,0,1,0,1,0,1,1,1,1,1,0,1,0,0,1,1,0,0,1,0,0,1,0,1,0,0,0,1,0,1,1,0,0,0,0,1,1,0,0,0,0,1,0,0,1,0,0,0,0,0,0,1,0,1,0,1,1,0,0,0,1
1,0,0,1,1,0,0,0,0,0,1,1,1,1,0,0,1,0,0,0,1,0,1,0,0,1,1,1,0,1,0,0,0,0,0,1,1,1,0,0,0,1,1,0,1,0,0,1,0,1,1,1,0,1,0,0,0,0,0,1,0,1,1,0,0,1,1,0,0,1,0,0,1,1,0,0,1,1,1,1,1,0,0,1,1,0,1,0,1,0,1,0,1,1,1,1,0,0,0,1,0
0,1,1,1,1,0,0,1,0,0,0,1,1,0,1,1,0,1,1,1,1,1,1,1,1,0,0,0,0,0,1,1,1,0,0,1,1,0,1,0,0,1,1,0,0,1,0,1,0,1,1,0,1,0,0,1,0,0,0,1,0,0,1,1,1,1,1,1,1,0,1,1,0,1,0,1,1,0,0,0,1,0,0,1,1,0,1,1,0,1,1,0,1,1,1,1,1,0,1,1,1
1,1,1,1,1,0,1,0,1,0,1,0,1,0,1,0,1,0,1,0,1,0,1,1,0,1,0,1,1,1,1,0,1,0,0,0,0,0,1,0,0,1,0,1,0,1,0,1,0,0,1,1,1,0,0,0,1,1,1,0,0,0,0,0,0,0,0,0,0,1,0,0,0,1,0,0,1,0,0,0,0,1,0,1,1,0,0,1,1,0,1,1,0,1,1,1,0,0,1,0,0
0,1,1,0,0,0,1,1,0,0,1,1,0,1,0,1,0,0,0,0,1,0,0,0,0,0,0,0,0,1,1,1,1,1,0,0,0,0,1,1,0,0,0,0,0,1,0,0,1,1,1,0,1,0,1,0,0,0,1,0,0,1,1,1,1,0,0,0,0,1,1,1,1,0,0,0,0,1,0,0,0,0,0,0,1,0,0,0,0,0,1,0,0,0,1,1,1,0,0,1,1
1,0,1,1,1,1,0,0,1,0,1,0,1,0,1,1,1,0,1,0,1,0,1,0,1,1,0,0,0,0,0,1,0,1,0,0,1,1,1,0,1,1,0,1,1,0,1,1,0,1,1,1,1,0,0,0,1,0,0,1,0,0,1,1,1,0,0,0,0,0,1,1,1,1,1,0,1,0,1,0,1,1,1,0,1,0,0,0,1,1,1,0,0,0,0,0,1,0,1,1,1
0,0,0,1,1,0,1,1,0,0,1,1,1,0,0,0,0,0,0,0,1,0,1,1,1,1,0,1,1,0,0,0,0,1,0,0,0,0,0,0,0,0,0,0,0,0,1,1,1,0,0,1,0,0,1,0,0,1,0,1,1,1,1,0,0,1,0,1,1,0,1,0,1,0,1,1,0,1,0,1,0,0,1,1,0,1,0,0,0,1,1,1,0,0,0,0,0,1,0,1,1
0,1,0,1,0,0,0,0,1,0,1,1,0,1,1,1,0,1,1,0,1,1,1,0,1,1,1,0,0,1,0,1,1,1,0,0,1,0,0,0,1,1,1,0,1,0,1,1,1,1,0,1,1,0,1,1,1,1,1,1,0,1,1,1,1,1,1,1,0,0,0,1,1,1,0,0,1,0,0,1,0,1,0,0,1,0,1,0,1,0,1,1,0,0,0,1,1,0,0,1,0
1,0,1,1,0,0,0,1,1,1,1,1,1,1,0,0,0,1,1,1,0,0,1,1,0,1,0,0,1,0,1,0,0,0,1,0,0,1,0,1,1,1,0,1,1,0,1,1,0,0,1,1,0,0,1,1,0,0,0,1,1,0,1,0,0,0,1,0,0,0,0,1,0,1,0,0,0,1,1,1,1,1,0,0,0,0,1,1,0,0,1,1,0,1,1,1,1,1,1,1,1
0,0,1,0,0,0,0,1,0,1,1,1,0,0,0,0,0,1,0,1,0,0,0,1,1,1,0,1,1,1,1,0,1,0,0,0,1,0,0,0,0,1,0,1,1,0,0,1,0,0,1,0,0,1,1,1,0,0,0,1,0,1,0,1,1,1,1,1,1,0,0,1,1,0,1,0,0,0,1,1,0,1,1,0,1,0,0,0,0,0,0,1,0,1,1,1,1,1,0,1,1
0,0,0,1,0,1,1,1,1,0,1,1,0,1,0,0,1,0,1,0,1,0,0,1,0,0,1,0,1,1,1,0,0,1,1,0,0,1,1,1,0,0,1,0,1,0,1,0,0,0,0,0,0,0,0,0,0,1,0,1,0,1,1,1,0,0,0,1,1,1,0,1,1,1,1,0,0,0,0,1,0,0,1,1,0,1,1,1,0,0,0,0,0,0,0,0,1,0,1,0,0
0,1,1,0,1,1,0,1,1,1,0,0,0,0,1,1,0,1,1,1,1,1,0,0,1,0,0,1,1,1,1,1,1,1,0,0,1,0,1,1,0,0,0,1,1,1,0,1,1,0,0,0,1,0,0,1,1,1,1,0,1,1,0,1,1,0,0,1,0,1,1,0,0,0,0,0,1,0,0,1,1,1,1,0,1,0,0,0,0,1,0,0,1,0,1,0,0,0,1,1,1
0,0,0,1,1,0,0,0,1,1,1,0,0,0,0,0,1,0,1,0,0,1,1,0,0,0,1,1,1,0,0,0,0,1,1,1,1,1,1,1,0,1,0,0,0,1,0,1,0,1,0,1,0,1,0,0,0,0,0,0,1,0,1,0,0,1,0,0,0,1,0,0,1,1,1,1,0,0,0,1,1,1,0,1,1,0,1,1,0,1,0,1,1,1,0,0,0,1,0,1,0
0,0,1,0,0,1,1,0,0,0,0,1,1,1,0,1,1,0,1,1,0,1,0,0,0,0,1,0,1,1,0,1,0,0,1,1,0,1,1,1,0,0,1,0,0,0,0,1,1,0,1,1,0,0,0,0,1,1,0,1,0,0,1,1,1,1,1,0,0,0,1,0,1,0,1,0,0,1,1,1,0,0,0,1,1,0,1,0,0,0,1,1,1,0,1,1,0,1,0,0,1
0,1,1,1,1,0,0,1,0,1,1,0,0,1,1,0,0,0,0,1,1,0,1,1,0,0,1,0,0,1,0,0,1,0,0,0,1,1,0,0,0,0,1,1,0,0,0,1,0,0,0,0,1,0,0,0,0,0,1,0,1,0,1,0,1,1,1,1,0,0,0,0,1,1,1,1,0,1,1,0,0,0,0,0,1,0,1,1,0,0,1,1,1,0,1,1,0,0,1,1,0
0,0,0,0,1,1,0,0,0,0,1,1,1,0,1,1,1,1,1,0,1,1,1,1,0,0,1,1,1,0,1,0,0,1,1,0,1,0,1,0,0,0,1,1,0,0,0,0,1,1,1,1,0,0,0,1,0,0,0,0,1,0,1,0,1,0,1,0,1,0,1,0,1,1,1,0,0,1,1,0,0,0,1,0,0,1,1,1,0,0,0,1,1,0,1,0,1,0,0,0,0
1,0,0,1,1,1,0,0,0,0,1,0,0,0,0,0,0,1,0,0,0,1,1,1,1,0,0,1,1,1,1,1,1,0,1,0,1,0,1,1,0,1,0,0,1,1,1,0,1,1,0,0,0,1,1,1,0,1,1,1,0,1,0,1,0,1,0,0,0,0,0,1,1,0,1,1,0,1,1,1,1,1,0,0,1,1,0,1,0,0,1,1,1,0,1,0,0,1,0,1,1
1,0,0,1,0,1,0,1,1,1,1,1,1,1,0,0,1,1,1,1,1,1,1,1,0,1,1,1,1,0,1,1,1,1,1,1,1,1,0,1,0,0,0,0,0,1,1,1,1,0,0,1,1,1,1,0,0,1,0,0,1,0,0,1,1,1,1,1,0,1,0,0,0,0,0,0,0,0,0,1,0,0,1,1,0,1,1,0,1,1,1,1,1,1,1,1,0,0,0,0,1
1,1,0,0,1,0,1,1,1,0,0,1,1,0,0,1,0,0,1,1,1,0,1,1,0,0,0,0,1,0,1,0,1,1,1,1,0,1,1,1,1,1,1,0,1,0,1,0,1,1,0,0,0,1,0,1,1,0,0,0,1,0,0,1,1,0,0,1,1,1,1,0,1,1,1,0,1,1,0,0,0,0,1,0,1,1,1,0,0,1,0,0,1,1,0,1,0,1,0,0,1
1,0,0,0,1,0,1,1,0,0,0,0,1,1,0,0,1,1,0,1,0,1,1,1,0,0,1,0,0,0,0,1,0,1,0,1,1,0,1,1,0,1,1,0,0,1,0,1,1,0,1,0,1,1,0,0,0,0,0,1,1,1,0,1,0,0,0,0,0,1,1,0,1,1,1,1,1,1,0,1,1,0,1,0,0,0,0,1,0,1,0,0,0,1,1,0,0,1,0,0,1
0,0,1,0,0,0,1,1,0,0,0,1,1,1,0,0,0,0,1,0,0,0,1,0,1,1,1,1,1,1,1,1,1,0,0,1,1,0,0,1,1,0,1,0,0,1,1,1,1,0,0,1,0,1,1,1,0,1,0,1,0,0,0,0,0,1,1,1,1,1,1,1,0,0,0,0,0,1,1,1,0,1,0,1,1,1,1,1,0,1,1,1,1,0,1,1,0,0,0,0,1
1,0,1,1,1,1,0,1,1,1,0,1,0,1,1,1,1,1,1,1,0,1,1,0,1,0,0,0,0,1,0,1,0,0,0,0,1,0,0,1,0,0,1,1,0,1,0,1,1,1,0,0,0,0,1,0,1,0,0,1,1,1,0,1,0,0,1,1,0,0,1,0,0,1,0,1,0,0,1,1,1,1,0,0,1,1,0,0,1,1,1,0,0,0,0,1,0,1,0,1,0
1,0,1,1,1,0,0,0,1,0,1,0,1,0,1,0,1,1,0,0,0,1,1,1,1,0,1,0,0,0,0,0,0,0,0,0,1,0,0,0,1,0,1,0,0,0,0,0,1,0,1,0,1,0,0,1,1,0,1,1,0,1,1,0,0,0,1,0,1,1,0,0,1,0,1,0,0,1,0,1,0,1,1,1,0,1,0,1,0,0,1,0,0,1,1,1,1,0,1,1,0
0,1,1,1,1,0,1,1,0,0,0,1,1,1,0,1,0,1,1,1,0,1,1,0,1,1,1,0,1,0,0,0,0,0,0,0,1,1,1,1,1,1,0,1,1,0,0,0,0,1,1,0,0,1,0,0,0,1,0,0,0,0,1,1,0,0,0,1,0,0,1,0,1,1,0,0,0,0,1,1,1,1,0,0,0,1,1,1,0,0,0,0,0,0,0,0,0,0,1,1,1
1,1,0,1,1,0,1,1,1,0,0,1,1,1,1,1,0,0,0,0,0,0,0,1,1,1,0,1,1,0,0,1,1,1,1,0,1,1,0,0,0,0,1,0,0,1,1,1,1,1,1,1,1,0,0,1,1,0,1,1,1,1,0,0,0,0,0,0,0,1,0,0,0,1,0,0,0,1,0,0,0,1,1,1,0,1,1,1,0,0,0,1,1,1,0,0,1,0,0,1,1
1,0,1,1,1,1,1,1,0,1,0,0,1,0,0,1,1,0,0,0,0,0,0,0,1,1,1,1,0,1,0,1,0,1,1,1,1,1,1,0,1,1,1,0,0,0,0,0,0,0,1,1,1,1,0,0,0,1,1,0,0,0,1,1,1,1,1,1,1,0,1,1,0,1,0,1,0,1,0,0,1,0,0,1,0,0,0,1,1,0,1,0,0,1,0,1,1,1,1,1,1
0,1,1,1,1,1,1,1,1,0,1,1,0,0,1,1,0,1,0,1,0,0,0,0,0,0,0,1,1,1,0,1,0,0,1,1,1,0,1,1,0,0,0,1,0,0,0,1,0,1,0,1,0,1,1,1,1,0,1,0,1,0,0,1,1,0,0,1,0,0,1,0,0,0,1,1,0,1,0,0,1,1,1,0,1,1,0,1,0,1,1,1,1,1,1,0,0,1,1,0,1
1,0,1,0,0,1,0,1,0,1,1,1,1,0,1,1,1,0,0,1,0,0,0,1,0,1,0,0,1,1,1,1,0,1,0,0,0,0,0,0,0,0,1,1,0,0,1,0,1,0,0,1,0,0,0,0,1,0,0,0,1,1,0,0,0,0,1,0,0,0,0,1,0,0,0,1,1,0,1,0,1,0,0,0,0,1,1,1,1,0,1,0,0,0,0,1,0,0,1,1,1
0,0,1,1,1,0,0,0,1,0,1,0,1,0,1,0,0,1,0,1,1,1,0,0,0,0,0,0,0,0,0,1,1,1,0,0,0,0,1,0,1,1,0,1,0,1,0,0,1,1,1,1,0,1,1,0,0,1,1,1,1,0,1,0,0,0,0,1,1,1,0,1,0,1,1,1,1,1,0,1,0,1,1,0,1,0,0,1,1,0,0,0,1,1,1,1,1,1,1,0,1
1,1,1,0,0,0,0,1,1,1,0,1,1,1,0,1,0,1,1,0,1,1,1,0,0,1,0,1,1,0,1,0,1,1,1,1,0,0,1,0,1,0,1,1,0,1,1,1,0,0,1,0,0,1,1,1,0,0,1,1,0,1,0,0,0,0,1,1,0,0,0,0,0,0,1,1,1,0,0,0,1,0,0,0,1,0,0,0,0,0,1,0,1,0,0,1,1,1,0,1,1
1,1,1,1,1,0,1,1,0,0,1,1,1,0,1,1,0,1,0,1,1,0,0,0,0,0,1,1,0,0,0,1,1,1,0,1,1,1,0,0,0,0,1,1,0,1,1,0,0,0,1,0,1,0,0,1,0,0,0,0,0,0,1,1,0,0,0,0,1,0,0,0,0,1,1,0,1,1,1,0,1,0,1,0,0,1,1,1,1,0,1,1,1,0,1,1,0,0,1,0,1
0,1,1,0,1,1,1,0,0,0,0,0,1,1,0,1,1,1,1,0,0,0,0,1,1,1,0,1,0,0,1,1,1,1,0,1,0,1,1,0,1,0,0,0,1,0,1,0,0,1,1,1,1,0,1,1,0,0,1,0,1,0,0,1,1,0,0,0,0,1,1,1,0,1,1,0,0,0,0,1,1,1,1,1,1,1,1,1,0,1,0,1,0,1,0,1,1,0,0,1,1
1,1,0,1,0,1,0,0,1,1,0,0,1,0,0,0,0,0,1,1,1,0,0,1,1,0,0,1,0,1,0,0,0,0,0,0,1,0,1,1,1,1,1,1,0,1,0,1,0,0,1,0,0,1,0,0,1,1,0,1,0,0,0,1,1,0,0,0,1,1,0,1,0,1,1,1,0,1,0,1,1,1,1,1,1,1,1,1,1,1,1,0,0,1,0,0,1,1,1,0,0
1,0,0,1,0,0,1,0,0,0,1,0,0,1,1,1,0,0,1,0,1,0,1,0,1,0,1,0,1,1,1,1,1,1,1,1,1,1,0,1,1,1,1,1,1,1,0,0,1,0,1,0,1,0,0,0,1,1,1,0,0,1,1,1,0,0,1,0,1,0,1,0,0,0,1,1,0,1,0,0,1,1,1,1,0,1,1,0,0,0,0,0,1,0,1,0,1,0,1,0,0
1,0,0,0,0,0,1,0,0,0,1,1,1,0,0,0,1,1,1,1,0,1,0,1,1,0,1,1,1,1,0,0,0,1,0,0,0,1,0,1,0,0,0,1,1,1,0,1,0,1,1,0,0,1,0,1,1,0,0,1,0,1,1,1,1,0,0,0,1,1,0,0,0,0,1,0,1,1,1,0,0,1,1,1,1,0,0,1,1,0,1,1,0,1,1,1,0,0,1,0,0
1,1,0,0,1,0,1,0,0,1,0,1,0,1,1,1,0,0,0,1,1,0,1,1,1,0,1,0,0,0,1,1,1,0,1,1,1,0,1,0,1,0,1,1,0,1,0,0,0,0,1,1,0,1,0,0,1,0,0,1,0,0,1,0,0,1,0,1,1,0,1,0,1,0,1,1,1,1,0,1,0,0,1,0,0,0,1,1,0,0,1,0,0,1,1,1,0,0,1,1,1
0,0,0,0,0,1,1,1,0,0,1,1,1,0,1,0,0,0,0,0,0,1,1,1,0,0,0,0,1,0,1,0,0,0,1,0,0,0,0,0,0,1,0,1,1,0,0,0,0,0,1,1,1,1,1,0,1,1,1,0,0,0,0,1,1,1,0,0,1,0,1,0,1,1,1,0,0,1,0,0,1,0,0,0,0,0,1,1,0,0,0,1,0,0,1,0,0,1,1,0,0
0,1,0,1,1,1,1,1,0,1,0,1,1,0,1,0,0,0,0,1,0,0,0,0,1,0,0,1,1,1,1,1,1,0,1,1,1,1,0,0,1,0,0,1,1,0,1,1,0,0,1,0,1,1,1,0,1,1,0,1,0,1,1,1,0,1,1,0,0,0,0,0,1,0,1,0,1,0,1,1,1,0,1,0,1,1,1,0,0,1,1,0,1,0,0,0,0,0,0,0,1
1,1,1,0,1,0,0,1,1,1,0,0,0,0,0,1,0,1,0,1,0,0,0,0,0,1,0,0,0,0,0,1,0,0,1,0,0,1,0,0,0,1,1,0,0,1,0,1,0,1,0,1,1,0,0,0,1,0,0,0,0,1,1,1,1,0,0,1,0,0,1,0,1,0,0,0,0,1,0,0,1,0,0,0,0,0,1,1,0,0,0,0,0,0,1,1,0,1,1,0,1
1,0,0,1,0,1,1,1,1,1,0,1,1,1,0,0,1,1,1,0,1,1,0,1,1,1,0,0,0,0,1,1,1,0,1,1,1,0,0,1,0,1,1,0,1,1,0,0,1,1,1,0,1,1,1,1,1,1,1,1,1,1,0,0,0,0,1,0,1,1,1,1,0,1,1,0,1,0,0,0,1,1,1,0,1,1,1,1,0,0,1,0,0,1,0,1,1,1,1,0,0
0,1,1,1,1,1,1,0,0,0,0,0,0,0,0,0,0,1,1,0,1,0,1,1,0,0,1,0,0,1,1,0,1,0,0,1,1,1,1,0,1,0,1,1,1,1,0,1,0,0,0,0,1,0,0,1,0,0,0,0,0,1,0,1,1,0,0,1,1,1,1,1,1,1,1,1,0,0,1,1,1,0,1,0,0,0,1,0,0,1,1,1,0,0,1,0,0,0,0,1,0
1,1,1,1,1,1,0,0,0,0,0,1,1,1,1,0,0,1,1,0,0,0,0,0,0,1,1,1,0,1,0,0,1,1,1,1,1,1,1,0,1,0,1,0,1,0,1,1,0,0,0,1,0,1,0,1,0,1,1,0,0,0,0,0,0,1,1,1,0,1,1,0,0,0,1,1,1,1,1,1,1,0,1,0,1,1,0,1,1,0,0,0,0,1,1,1,1,0,1,1,1
0,1,1,1,1,0,0,1,1,1,1,1,1,1,0,1,0,1,0,0,1,0,0,0,0,0,0,0,0,0,0,0,0,1,1,0,0,1,0,1,1,0,1,1,0,0,1,1,1,1,1,1,0,0,0,0,0,1,1,0,1,0,0,1,0,1,1,1,0,0,0,1,0,1,1,0,0,0,1,0,0,0,1,1,0,1,1,0,1,0,0,1,0,0,0,1,0,0,0,1,1
0,0,1,1,1,1,1,0,1,0,1,0,1,0,0,1,1,1,0,0,1,0,0,0,0,0,0,1,0,0,1,1,1,0,1,1,0,1,0,0,0,0,0,0,0,1,1,1,1,0,0,0,0,0,0,1,0,0,1,1,0,0,1,1,0,0,0,1,1,1,0,0,0,0,1,0,0,0,1,1,1,1,0,1,1,0,0,1,0,1,1,1,0,1,0,0,1,0,0,1,1
0,0,0,1,1,1,0,1,1,0,0,0,0,1,0,1,0,1,0,0,1,0,0,1,0,0,0,0,0,0,1,0,0,0,1,1,0,1,0,0,1,1,0,1,1,0,0,0,0,1,1,1,0,0,1,0,1,1,1,1,0,1,0,1,0,1,0,0,0,1,1,0,0,1,0,0,1,1,0,0,1,1,0,0,0,1,1,1,0,1,1,1,1,0,0,0,1,1,0,1,1
1,0,1,0,0,0,1,0,0,0,0,0,0,1,1,0,0,1,1,1,1,1,0,1,1,0,1,1,1,1,1,0,0,1,0,1,0,0,1,1,1,1,1,1,0,1,0,0,0,1,0,1,1,1,1,0,0,1,0,1,1,0,1,0,1,1,1,1,1,0,0,1,0,1,1,0,1,0,1,1,1,0,1,0,0,1,1,0,1,0,1,0,0,0,0,0,1,0,0,0,1
1,1,0,1,0,1,1,0,0,1,0,0,0,1,1,1,1,0,1,1,0,0,0,0,0,1,1,1,1,0,0,1,1,0,0,1,0,1,1,0,1,1,1,1,1,0,0,0,1,1,0,1,0,0,1,1,1,0,1,1,0,1,1,0,0,1,1,1,0,1,1,0,1,0,1,1,1,1,0,0,0,1,0,0,0,1,1,0,1,0,0,0,1,0,1,1,1,1,0,1,0
0,1,1,0,1,0,1,0,1,1,0,1,0,1,0,0,0,1,0,1,1,1,1,0,1,1,1,1,0,0,1,0,1,0,1,1,1,0,0,1,1,0,0,1,1,0,1,1,1,0,1,1,1,0,0,1,1,1,1,1,0,1,1,1,1,0,1,0,0,0,0,1,0,0,0,0,0,0,0,1,1,0,0,0,0,0,0,0,1,1,1,1,0,1,0,0,1,0,0,1,1
0,0,1,1,0,0,1,1,0,1,0,1,0,1,0,1,0,1,0,0,1,0,1,1,0,1,1,1,1,1,1,1,1,0,0,1,1,0,1,0,0,1,1,1,0,1,1,0,1,1,0,0,1,0,1,1,1,1,1,1,0,0,1,0,0,1,0,1,1,0,1,1,0,1,0,0,1,1,1,1,1,1,1,1,0,1,0,1,0,1,1,0,1,0,0,0,0,1,0,0,1
1,0,1,1,1,0,0,1,1,0,0,1,0,0,0,0,1,1,0,0,0,1,1,0,1,0,0,0,0,1,1,0,1,1,0,0,1,0,0,1,1,0,1,0,1,1,1,1,0,1,0,0,0,1,1,0,1,1,1,1,0,0,0,1,0,1,0,1,1,1,1,1,0,0,0,0,1,0,1,0,0,1,1,1,0,1,1,1,0,1,0,0,0,1,1,0,0,1,0,1,1
1,0,1,1,0,0,0,0,0,0,0,0,1,0,0,1,0,1,0,0,0,0,0,0,0,0,0,0,0,1,1,0,0,0,1,1,1,0,0,1,0,1,0,1,0,0,1,0,1,1,0,0,0,1,0,1,1,1,1,1,1,0,0,0,1,0,0,0,0,1,1,0,1,1,0,0,1,0,1,1,0,1,1,1,0,1,0,1,0,0,0,0,1,0,1,0,1,1,1,0,1
0,1,0,0,0,1,1,0,0,0,1,0,1,1,1,0,0,1,1,0,1,0,1,0,1,1,1,0,1,1,1,0,1,1,0,0,1,0,0,1,0,1,0,0,0,1,1,1,0,0,0,0,0,1,0,0,0,0,0,0,0,1,0,1,1,0,1,0,0,1,1,1,1,0,1,0,1,1,1,0,0,0,0,1,1,0,0,0,1,0,0,0,0,0,0,0,1,1,0,0,0
0,0,0,0,1,0,0,0,1,0,0,0,1,1,0,1,0,1,1,1,0,0,0,0,1,1,1,1,0,0,1,1,0,1,0,0,0,1,0,0,1,1,1,1,0,1,1,1,0,1,1,1,1,1,0,0,1,0,1,1,1,0,1,1,1,1,1,1,1,0,1,0,0,0,0,1,1,1,1,0,1,1,1,1,0,1,0,1,0,1,1,1,0,0,0,0,0,1,0,0,1
0,1,1,1,0,0,1,0,1,1,1,1,0,0,1,0,0,1,0,1,1,0,1,1,0,0,1,1,0,0,0,0,1,0,1,0,1,0,0,0,1,0,0,1,1,0,0,1,0,0,1,0,0,0,0,1,1,0,0,0,0,1,1,0,1,0,0,1,0,0,1,1,0,0,0,1,0,1,1,1,0,1,0,0,1,0,1,1,0,1,1,1,0,1,0,1,0,0,0,0,0
1,0,0,0,1,0,0,1,0,1,1,0,1,1,1,0,0,0,1,1,1,0,0,0,1,1,0,0,1,1,1,0,1,0,0,1,1,1,0,0,0,0,1,0,1,1,1,1,1,1,0,0,1,0,0,0,0,1,0,0,1,0,0,0,1,0,0,1,0,1,1,1,0,0,1,1,0,1,1,1,0,1,0,1,0,1,1,0,1,0,1,1,0,0,0,1,0,1,0,1,1
0,0,0,0,0,1,0,0,0,0,1,1,1,1,1,0,0,0,0,0,0,1,1,0,1,0,0,0,1,0,1,0,1,0,0,0,0,1,0,1,1,0,1,1,1,1,1,0,1,1,1,0,1,1,1,1,1,1,1,1,1,0,1,1,0,1,0,1,0,0,1,1,0,1,1,0,0,0,0,1,1,0,1,1,1,0,1,1,0,1,1,1,1,0,0,1,1,1,0,1,0
0,1,1,0,1,0,1,1,1,0,0,0,0,0,1,1,0,0,0,0,0,1,1,1,1,0,0,0,1,0,1,1,1,0,0,1,0,1,1,1,1,0,0,0,0,0,0,0,1,1,1,0,1,1,0,0,0,0,0,1,1,1,0,0,0,1,1,1,1,0,1,1,1,0,1,1,1,1,1,1,0,0,0,1,0,1,0,1,0,1,0,1,0,0,0,0,1,1,1,1,1
1,1,0,1,0,1,1,1,1,1,0,1,0,1,1,0,1,1,0,1,0,1,0,0,0,1,1,1,1,1,1,1,1,0,1,0,1,1,1,1,1,1,1,1,0,0,0,1,0,1,1,0,1,1,1,1,0,1,0,1,1,0,1,1,1,1,1,0,0,0,1,0,1,0,0,0,1,0,0,0,1,0,1,0,1,1,0,0,0,0,1,1,0,0,0,1,0,0,0,0,1
1,1,0,1,0,1,0,1,1,0,0,0,0,1,0,1,1,0,0,0,1,1,1,0,0,0,1,1,1,0,1,1,0,1,1,1,1,1,1,1,0,1,0,0,1,1,1,0,0,1,1,0,1,0,0,0,1,0,1,1,0,0,1,1,1,1,1,0,1,0,0,1,0,0,1,0,1,0,0,1,1,1,1,0,0,0,1,0,1,0,0,0,1,1,0,1,1,0,0,1,0
1,0,0,0,1,1,1,0,0,1,1,1,1,1,1,1,0,0,1,0,0,0,0,0,1,0,0,1,0,0,0,1,1,1,1,1,0,1,1,0,0,0,1,1,0,0,0,1,0,0,1,0,1,1,1,0,1,1,0,1,0,1,0,0,1,0,1,0,0,0,1,1,1,0,0,1,1,1,1,0,0,0,1,0,0,1,1,1,0,0,0,0,1,0,0,0,1,1,1,0,1
0,1,0,0,1,0,0,0,0,0,1,1,1,0,1,0,1,1,1,1,0,0,0,0,1,0,0,1,0,1,1,1,1,1,1,0,0,0,1,1,1,0,0,0,0,1,0,1,0,0,1,0,1,0,1,1,1,1,1,1,1,0,0,1,1,0,0,1,0,0,1,1,0,1,0,1,1,0,1,0,0,0,1,0,1,1,0,0,0,0,0,0,0,0,1,0,0,1,0,0,1
0,1,0,1,1,0,0,0,1,0,0,0,1,0,1,0,0,0,1,0,1,1,0,1,0,0,1,0,0,0,1,1,0,1,1,1,1,0,0,1,0,1,0,0,1,1,1,0,1,0,0,1,1,0,0,0,1,0,0,0,1,0,0,1,0,0,0,0,0,1,1,1,1,0,0,1,0,1,0,0,0,1,0,1,1,0,1,1,0,1,0,0,1,1,0,1,0,0,1,1,0
0,1,1,1,0,0,0,1,1,0,1,0,1,1,0,1,0,1,0,1,0,0,0,0,1,1,0,0,1,0,0,0,1,0,1,1,1,0,0,0,0,0,1,0,0,1,0,1,0,0,1,0,0,1,1,0,0,1,1,1,1,1,0,0,0,1,1,1,1,0,1,0,1,1,0,0,0,0,1,1,1,0,0,0,0,0,1,1,1,1,1,0,1,0,1,0,1,1,0,1,1
0,1,1,1,0,1,1,0,0,1,1,1,1,1,1,1,1,0,1,1,0,0,0,1,1,1,1,1,0,0,0,1,0,1,0,0,0,0,1,0,0,0,1,1,1,1,0,0,0,0,0,0,1,1,1,0,0,1,1,0,1,1,0,1,0,0,0,1,0,1,1,0,0,1,1,1,1,1,1,0,0,1,0,0,1,1,1,1,1,0,0,0,0,1,0,0,0,1,1,1,0
1,0,0,0,1,1,1,1,0,0,0,1,0,1,1,1,1,1,0,0,1,1,1,1,1,1,0,0,0,0,0,0,0,0,0,1,1,1,0,1,1,1,1,0,1,0,0,1,1,0,0,0,1,1,1,1,0,1,0,0,0,0,0,1,0,0,1,0,0,1,0,0,0,1,1,0,1,1,0,1,0,1,1,1,1,0,0,0,0,0,1,0,1,1,0,0,0,0,0,1,1
0,0,1,0,1,1,0,1,1,1,1,0,0,1,0,0,0,1,1,0,1,1,0,0,0,0,1,1,1,0,0,0,0,0,1,0,0,0,0,0,0,0,1,1,1,1,0,1,1,1,1,0,0,1,0,0,0,0,0,0,1,0,0,1,1,0,0,0,1,0,0,0,0,1,0,0,1,1,1,0,0,0,0,0,0,1,0,0,0,1,0,0,0,0,1,1,1,0,1,0,0
0,0,0,0,1,1,0,0,0,0,0,1,0,0,1,0,0,1,0,1,0,1,1,1,0,1,0,1,1,1,1,0,1,1,0,1,0,0,1,1,1,0,0,0,0,0,1,0,0,1,1,0,0,0,0,1,0,0,0,1,1,0,1,0,0,0,0,0,0,0,0,1,1,0,0,0,1,1,1,1,1,0,1,1,0,1,0,1,1,1,0,0,1,1,1,0,1,0,0,1,1
1,1,0,1,1,0,0,1,0,1,1,0,0,1,0,0,0,1,1,1,1,1,0,1,0,1,1,0,1,1,1,1,0,1,1,1,1,1,1,1,1,0,1,0,1,1,0,0,1,0,0,1,0,0,1,1,0,0,0,1,1,1,0,0,1,0,0,0,0,0,1,1,1,0,1,1,1,0,1,0,1,1,1,1,1,0,0,1,0,0,1,0,0,0,0,1,1,0,1,1,1
1,0,1,1,1,0,1,1,0,0,1,1,1,1,1,1,0,0,1,1,0,0,1,0,1,1,1,0,0,1,0,0,0,0,0,1,1,0,0,1,1,1,0,0,1,1,1,1,1,0,1,0,0,0,1,1,1,0,0,1,0,0,1,0,0,1,0,1,1,1,1,0,0,1,0,1,1,0,1,0,0,0,1,0,1,0,0,1,1,0,0,1,1,0,1,0,0,0,1,1,1
1,0,1,0,0,1,1,1,0,0,1,0,1,0,0,0,1,1,1,1,0,1,1,1,1,0,0,1,1,1,1,0,1,1,0,1,1,1,0,1,0,1,1,1,1,0,0,1,1,1,0,0,0,0,0,0,0,0,0,0,0,1,1,0,0,1,1,0,1,0,1,1,0,0,0,1,1,0,1,1,0,0,0,1,1,0,0,0,0,0,1,0,1,1,0,1,0,0,0,1,1
1,0,1,0,1,0,0,0,0,1,0,1,1,0,0,1,0,1,1,0,0,1,1,0,1,1,1,0,1,0,1,1,0,0,1,0,0,1,1,0,1,1,1,0,0,1,0,1,1,0,1,1,1,1,0,1,1,1,0,1,1,1,1,0,0,1,0,0,0,1,1,1,0,1,0,0,0,0,1,0,1,0,1,1,0,0,1,0,1,0,0,1,0,0,1,1,1,0,1,1,1
1,1,0,0,1,0,0,0,0,1,1,0,0,0,0,0,1,1,1,0,0,0,1,0,0,0,1,0,0,0,0,1,1,1,0,0,0,1,0,0,0,1,1,0,1,0,1,0,1,1,1,0,0,1,1,0,0,0,1,1,1,0,1,1,1,1,1,1,1,1,1,0,0,1,1,1,0,0,0,0,0,1,0,0,1,0,0,1,0,0,1,1,1,0,1,1,0,1,0,1,1
0,1,1,1,0,0,1,1,1,0,1,1,1,1,1,1,0,0,0,0,1,1,0,0,0,1,0,1,1,1,0,1,0,1,1,1,0,1,1,1,0,1,1,0,0,1,0,1,1,1,1,0,0,1,1,0,0,1,1,1,1,0,1,0,1,1,1,1,1,1,0,0,1,1,0,0,0,0,1,0,0,1,0,1,0,1,0,1,1,0,0,1,1,1,1,1,1,1,0,0,1
1,1,0,1,1,1,0,0,0,0,1,1,0,1,0,0,0,0,1,1,0,1,1,0,0,0,0,0,0,1,0,0,1,1,1,1,1,1,1,1,1,0,1,1,0,1,1,1,0,1,0,1,1,1,1,0,0,0,1,0,1,1,0,1,0,1,0,0,0,0,1,0,1,0,1,1,1,1,0,0,1,0,1,0,0,0,0,1,0,1,1,0,0,1,1,0,1,1,0,1,1
0,1,0,0,1,1,0,0,0,1,1,1,0,0,0,0,1,0,0,0,1,1,0,0,0,1,1,1,1,1,1,0,1,0,1,1,1,0,0,1,1,0,0,0,0,0,0,1,1,0,1,0,1,1,0,0,0,0,0,0,1,1,1,1,1,1,1,0,1,0,1,0,1,1,1,0,0,1,0,1,1,1,0,0,1,1,1,1,0,0,1,1,0,0,1,1,0,1,1,1,1
0,1,0,1,0,0,1,0,0,0,0,1,1,1,0,1,0,0,1,1,1,0,1,1,0,0,0,1,1,1,1,0,1,1,1,1,0,0,0,0,0,0,1,1,0,0,0,0,1,0,0,1,0,1,0,1,0,0,0,1,1,0,0,1,0,1,0,0,0,0,1,1,0,0,1,0,0,0,1,1,0,1,0,0,1,0,0,1,0,1,1,1,0,0,1,1,0,0,0,0,0
1,1,0,1,1,1,0,1,1,1,0,0,0,0,1,1,0,0,1,1,1,1,1,1,1,1,1,1,0,0,0,0,0,1,0,0,0,0,0,1,0,1,0,0,1,1,1,0,0,0,1,1,0,0,1,1,1,1,1,0,1,1,1,0,0,1,1,1,1,0,0,0,1,0,1,0,0,1,0,1,0,0,1,1,1,0,1,0,1,1,1,1,1,1,0,1,0,1,0,1,0
1,0,1,1,0,1,1,0,0,0,0,0,0,0,1,0,0,0,1,1,1,0,1,1,1,1,0,0,1,1,1,0,0,1,1,1,0,0,0,0,0,0,0,0,0,0,1,0,0,0,1,0,1,0,1,0,0,1,1,0,0,0,1,0,1,1,0,1,0,1,0,0,1,1,1,1,0,0,1,1,1,1,1,1,1,0,0,1,0,0,1,0,1,1,1,1,1,1,0,1,1
0,1,0,0,1,0,0,1,0,1,0,1,0,1,1,0,1,1,0,0,1,0,1,0,1,1,0,0,0,0,1,1,1,1,0,0,0,0,1,1,0,1,1,0,0,0,0,1,1,0,0,0,1,0,0,0,1,1,0,1,0,1,1,0,1,1,0,1,0,1,0,1,0,1,0,0,1,0,1,0,1,0,1,0,0,0,0,1,1,0,0,1,0,1,0,0,1,0,0,0,1
0,1,0,0,1,1,0,0,0,0,0,1,0,1,1,0,0,1,0,0,1,0,0,1,0,1,0,0,0,1,1,0,0,1,1,0,0,0,1,0,1,0,1,0,0,0,1,0,1,0,1,1,1,1,0,1,0,0,1,1,0,1,0,1,1,0,0,0,0,0,0,0,1,1,0,1,1,1,1,1,1,0,1,1,0,0,1,1,1,0,1,0,0,0,0,0,0,0,1,1,1
1,0,1,1,0,0,1,0,1,1,0,0,0,0,0,0,1,0,1,0,0,0,0,0,1,0,1,1,1,1,0,1,0,1,0,1,0,0,1,0,1,0,0,1,0,0,1,0,1,1,1,0,0,0,1,0,1,0,1,1,0,1,1,1,1,0,1,0,1,0,1,1,0,1,0,0,1,0,1,1,0,0,0,1,0,1,0,0,1,1,0,1,1,1,1,0,1,0,0,1,1
0,0,0,1,1,1,1,1,0,0,0,1,1,0,0,1,0,1,0,1,1,1,0,1,0,1,0,1,0,1,0,1,1,0,1,1,1,0,0,0,1,1,0,0,1,1,1,1,0,1,1,1,1,0,0,0,0,0,0,0,1,0,1,1,1,1,0,0,1,1,1,0,0,1,1,1,1,1,1,1,0,1,1,0,0,1,0,0,1,0,0,0,0,0,0,0,1,0,1,1,1
1,1,0,0,1,0,0,1,1,1,1,0,1,1,0,1,1,0,0,0,1,1,0,0,0,0,0,0,1,0,1,0,0,1,1,1,1,1,0,1,0,0,0,0,1,0,1,1,0,1,0,1,0,0,0,0,1,0,0,1,0,0,0,0,0,1,1,0,0,1,0,1,1,1,1,0,0,0,0,1,1,1,0,1,1,0,1,1,1,0,1,1,1,0,1,1,0,0,0,1,1
1,0,0,0,1,0,0,1,0,0,1,0,0,0,1,0,0,1,1,1,0,0,0,0,0,0,1,1,1,1,1,1,1,0,1,0,1,1,0,1,1,0,0,0,0,0,0,1,1,0,0,1,1,1,1,1,0,0,0,1,1,0,1,0,0,1,1,0,0,0,0,0,0,0,1,0,1,0,1,0,1,1,0,0,0,1,0,1,0,1,1,1,1,0,1,0,0,1,1,0,1
1,1,1,0,1,1,1,1,0,1,0,1,1,0,1,1,0,0,1,1,1,1,0,1,0,0,1,1,1,1,1,0,0,1,1,1,0,0,0,1,1,1,0,0,0,0,1,0,1,0,0,1,0,1,1,0,0,0,0,0,0,1,0,1,0,0,0,0,0,0,1,0,0,0,0,1,1,1,1,1,1,1,1,1,0,0,1,1,0,1,1,1,1,1,1,1,1,1,0,0,1
0,0,0,0,1,1,1,0,0,0,0,1,1,0,1,1,1,0,1,0,0,1,1,0,0,1,0,0,1,0,1,0,0,1,1,1,1,1,0,1,1,0,1,0,1,0,0,1,0,1,0,1,1,0,1,0,1,0,0,1,0,1,1,0,1,1,0,0,1,0,0,1,1,0,1,0,1,1,1,0,0,0,0,1,0,0,1,1,0,1,0,0,0,1,0,0,0,0,1,0,1
0,0,1,1,1,1,0,1,0,0,0,0,1,0,1,0,1,0,1,0,1,0,1,0,0,0,1,0,0,1,0,1,1,1,1,1,1,1,1,0,1,0,0,1,1,1,0,0,1,1,0,1,0,0,0,1,1,0,0,0,0,0,0,1,0,1,0,0,1,0,0,0,1,0,1,1,0,1,0,1,0,1,0,1,0,0,0,1,0,0,0,1,1,0,0,0,1,0,1,0,0
1,0,0,0,1,0,0,1,1,0,0,0,0,0,1,1,0,0,1,1,1,1,0,0,1,1,0,0,1,1,0,1,0,0,0,1,1,1,1,0,1,0,0,0,0,0,0,0,0,0,1,1,1,0,1,0,1,0,0,0,1,1,1,1,1,1,1,0,1,0,1,1,0,1,0,0,1,1,0,0,0,0,0,0,0,1,0,0,0,0,0,0,1,0,1,0,0,0,0,0,1
1,1,0,0,0,0,1,1,0,0,1,1,1,1,0,0,0,0,1,1,0,0,0,0,0,0,0,0,1,0,1,0,0,0,0,0,0,1,0,0,1,0,0,0,0,1,1,1,0,1,0,0,0,0,1,0,1,1,1,0,1,1,1,1,0,0,0,1,0,0,1,0,0,0,1,1,1,0,0,0,0,0,1,0,1,0,0,0,0,0,1,1,1,1,1,1,1,0,1,0,1
1,1,0,0,0,1,1,1,0,0,0,1,1,0,0,1,1,0,0,1,0,0,0,1,1,1,1,0,1,0,0,1,0,1,0,1,1,0,0,1,0,0,0,1,0,1,0,1,0,1,1,0,0,0,0,0,0,0,0,1,0,0,0,1,0,0,1,0,0,1,1,0,1,0,0,0,1,0,1,0,0,0,1,1,1,1,1,0,0,1,0,1,0,0,1,1,0,0,0,1,1
1,0,0,0,1,0,1,1,1,1,1,0,1,0,1,0,0,0,1,0,0,0,0,1,1,0,1,1,1,1,0,1,1,0,0,0,1,1,1,1,0,0,1,1,0,1,0,1,0,1,0,0,0,0,1,1,0,0,1,1,0,0,1,0,0,1,0,0,1,0,0,0,1,1,0,1,0,1,0,0,0,1,0,1,0,0,1,0,1,1,1,0,0,0,0,0,1,1,1,1,0
0,1,0,1,0,1,0,1,0,0,1,1,0,1,0,0,0,0,1,0,1,0,1,0,0,0,0,1,1,0,1,0,0,0,0,0,0,1,0,0,0,0,1,1,0,1,1,1,0,1,1,0,1,1,0,0,0,0,1,0,0,1,0,0,1,0,1,1,0,0,0,1,1,0,1,1,1,1,1,1,0,1,0,0,0,1,1,1,0,1,1,0,0,1,1,1,0,1,0,1,0
0,1,0,1,1,1,1,1,0,1,0,0,0,0,1,0,0,1,0,1,1,0,1,1,1,0,0,1,1,1,0,0,1,1,1,1,1,1,1,1,1,1,0,1,0,1,1,0,1,1,0,0,0,0,1,0,0,0,0,1,0,0,1,0,1,1,0,1,1,1,1,1,1,0,0,1,0,0,1,1,1,0,1,1,0,0,0,1,1,0,1,1,0,0,0,0,0,1,1,0,1
1,1,0,1,1,0,0,0,1,0,1,1,0,0,1,0,0,0,0,0,0,1,1,1,1,1,0,1,1,1,0,0,0,1,0,1,1,1,1,1,0,1,0,1,0,1,0,1,1,1,1,1,0,0,0,0,0,1,0,0,1,1,0,0,0,0,1,1,1,1,0,0,0,1,0,0,0,1,0,1,0,1,1,1,1,0,1,1,0,0,1,1,1,0,1,0,1,0,0,0,1
1,0,1,1,1,1,1,1,1,0,0,1,1,1,0,1,1,1,0,0,0,1,1,0,0,1,0,0,0,0,1,1,0,0,0,0,1,1,0,1,0,1,0,0,1,1,0,1,0,0,1,0,1,1,0,0,1,1,1,1,1,0,1,0,0,0,0,1,0,0,1,1,0,1,1,0,0,0,1,0,1,1,1,0,1,0,1,0,1,0,1,0,0,1,0,1,1,1,0,0,1
1,1,1,1,0,0,0,1,1,1,0,1,1,1,0,0,1,0,0,0,1,0,1,0,1,1,1,1,1,0,1,0,0,0,0,0,0,0,1,1,0,0,0,0,1,0,0,0,1,1,1,1,0,1,0,0,0,1,1,0,1,1,1,0,1,0,0,1,1,1,0,0,0,0,1,0,1,1,1,0,0,0,0,0,1,0,1,1,1,0,1,1,0,1,1,0,1,1,1,1,1
1,0,0,1,1,0,1,0,1,1,0,1,0,0,1,0,0,1,1,0,1,1,1,0,1,1,0,1,1,1,1,1,1,0,1,0,1,1,0,1,1,1,0,0,1,0,0,0,1,1,1,1,0,0,1,1,0,0,0,1,0,0,0,0,0,0,0,0,0,0,0,0,1,1,1,1,1,1,0,1,0,1,1,1,0,1,1,0,1,1,1,1,0,1,0,0,0,1,0,1,1
0,1,1,1,1,0,0,0,1,0,0,0,0,1,0,1,0,0,1,1,1,1,0,1,1,1,1,0,1,1,1,1,1,0,1,0,0,1,0,1,1,1,0,1,0,0,1,0,1,1,0,1,0,1,0,1,0,0,1,1,0,0,1,0,0,1,1,1,1,0,1,1,0,1,0,0,0,0,1,0,1,1,0,0,1,0,0,1,1,1,1,1,1,1,1,0,1,1,1,0,1
0,1,1,0,1,0,1,1,1,0,0,0,1,1,1,0,1,1,1,1,1,1,1,1,0,1,0,1,0,1,1,0,1,0,0,1,0,0,0,0,0,0,1,0,1,1,0,1,1,0,0,1,0,0,0,0,1,1,0,0,1,1,0,1,1,0,0,0,1,1,1,0,1,0,1,0,0,1,0,0,0,0,1,1,1,1,0,0,0,1,1,1,1,0,0,0,1,0,0,0,1
1,0,1,1,0,1,1,1,0,1,1,1,1,0,0,0,1,0,1,0,0,1,1,0,1,0,0,1,0,0,0,0,1,0,1,0,0,0,0,0,1,0,0,0,0,1,1,1,1,0,1,1,1,0,0,1,1,0,1,0,0,0,0,1,1,0,1,0,1,0,1,1,0,0,0,1,1,1,1,1,0,0,1,1,1,0,1,0,0,0,1,0,0,0,0,1,0,0,1,0,1
1,1,1,1,1,0,1,1,1,0,1,0,1,1,1,1,0,0,0,0,1,1,1,0,1,1,0,1,0,1,1,1,1,0,0,1,1,1,1,1,1,0,1,0,0,1,0,0,0,0,1,0,1,1,1,1,0,0,0,0,1,0,0,0,0,1,0,1,0,0,0,1,1,0,0,0,1,0,0,0,1,1,1,0,0,1,0,0,1,0,0,0,1,1,0,0,1,0,1,0,1
0,0,1,1,0,1,0,1,0,1,1,1,1,1,0,0,0,1,1,1,1,0,0,0,1,0,1,1,0,1,1,0,0,0,0,1,0,1,1,0,1,0,1,0,1,1,0,1,0,0,0,0,1,1,0,1,1,0,0,0,1,0,0,0,1,1,0,0,0,1,1,1,1,0,0,1,1,1,1,0,1,1,0,1,1,0,1,0,1,1,1,0,1,1,0,0,1,0,0,0,1
0,1,1,1,1,1,1,1,0,0,1,1,1,0,0,0,0,1,1,1,1,0,1,0,0,1,0,0,0,1,0,1,0,0,1,1,1,1,1,0,1,1,1,1,0,0,0,1,0,1,1,1,0,1,0,1,1,0,0,0,0,1,1,0,0,1,0,1,1,0,1,1,1,0,0,1,1,0,0,1,1,0,0,1,1,1,1,1,0,1,1,1,0,0,1,0,1,0,1,0,1
0,1,0,1,1,0,0,1,0,1,1,1,0,0,1,1,1,1,0,0,1,0,1,0,1,1,0,1,1,1,1,0,0,0,0,0,1,1,0,0,1,0,0,1,0,0,0,1,1,1,1,1,1,0,0,0,1,0,1,0,0,0,1,0,1,1,0,1,0,0,1,0,0,0,1,1,0,0,0,1,1,0,0,0,0,1,0,1,0,0,0,0,1,0,0,0,1,1,0,0,1
1,1,1,0,0,1,1,0,0,1,0,0,0,0,1,0,0,1,1,1,1,1,0,1,1,1,0,0,0,0,1,1,1,1,0,1,1,1,0,0,0,1,0,0,1,0,0,0,0,0,0,0,1,0,0,0,1,1,0,1,1,1,0,1,1,1,1,0,0,0,1,0,1,0,0,0,1,0,1,1,1,0,1,1,0,0,0,0,1,0,0,1,0,1,1,0,0,0,1,0,1
1,0,1,0,0,1,0,1,0,0,1,1,1,1,0,1,1,1,1,1,1,1,0,0,1,0,1,1,0,0,0,1,0,1,1,1,1,0,1,1,1,1,0,0,0,0,0,0,0,0,1,0,1,0,1,0,1,0,1,1,1,1,1,0,0,1,1,1,0,1,1,0,1,1,0,1,1,0,1,1,1,0,1,0,0,0,1,1,1,1,1,0,1,0,1,1,1,0,0,0,1
1,1,0,1,0,0,1,1,1,1,1,1,1,1,1,1,0,0,0,0,0,1,0,0,1,0,1,0,0,1,0,0,0,0,0,1,0,1,0,0,0,0,1,1,0,1,0,0,0,1,0,0,1,0,0,1,1,0,0,0,0,0,1,0,0,0,0,1,1,0,0,1,1,1,1,1,0,1,0,0,1,1,1,1,1,1,0,1,0,0,1,0,0,0,0,1,0,0,1,1,0
0,1,0,0,0,0,1,1,1,1,1,0,1,0,0,0,1,0,0,1,1,1,1,0,1,0,1,0,1,1,0,0,0,1,0,0,1,0,1,1,0,1,0,0,0,1,0,0,1,1,1,1,1,1,0,1,1,0,1,1,1,1,1,1,0,1,0,0,0,0,0,1,1,0,1,1,0,0,0,0,1,0,1,0,0,0,1,1,1,0,1,0,0,0,0,1,0,0,0,1,0
1,0,0,1,0,0,0,1,1,1,0,1,1,0,0,1,1,1,1,1,0,0,1,1,1,0,0,0,1,1,1,0,1,0,1,1,1,1,1,0,1,1,1,0,1,1,0,1,0,0,0,1,0,0,0,1,1,0,1,0,0,1,1,0,1,0,0,1,1,1,0,0,1,0,1,0,0,0,1,1,0,0,0,1,1,1,0,1,0,0,0,0,1,1,0,0,1,0,1,0,1
1,0,1,0,0,1,0,1,0,1,0,1,0,1,0,1,0,0,0,0,0,0,1,1,0,0,0,1,1,1,1,1,0,1,0,1,1,0,1,0,1,0,0,1,1,0,1,0,0,1,1,0,0,1,0,1,1,1,1,1,1,1,0,0,0,0,0,0,0,1,1,0,1,1,1,1,0,1,0,0,0,0,0,0,0,1,0,0,1,1,1,0,1,0,0,0,0,0,1,0,1
1,0,1,0,1,0,1,1,0,1,0,1,1,0,0,0,0,0,0,1,0,0,0,1,0,1,0,1,0,0,1,0,0,0,0,0,0,1,1,0,1,1,0,1,0,1,1,1,1,0,0,0,1,1,0,0,0,1,1,1,0,1,1,1,0,1,1,0,0,1,1,1,0,0,0,1,0,1,1,0,1,1,0,1,1,0,1,0,1,1,1,1,0,0,1,0,0,0,1,1,1
0,1,0,0,1,0,0,0,0,1,1,0,1,0,1,0,1,0,1,0,1,1,0,1,1,0,0,0,1,1,1,0,0,1,1,1,1,0,1,1,1,1,0,1,0,0,0,1,1,0,1,1,0,0,0,0,1,1,0,1,0,1,0,1,1,1,0,0,0,0,1,1,0,0,0,1,0,0,1,0,1,1,1,0,0,0,0,0,1,0,0,0,1,1,1,1,0,0,0,1,1
0,1,1,1,0,1,0,0,0,1,1,0,0,1,0,0,0,0,0,1,0,0,0,0,1,0,1,0,0,0,1,0,1,1,0,0,1,1,0,0,0,1,0,1,0,1,1,0,0,0,1,0,0,1,0,1,1,1,1,0,1,0,1,1,1,0,0,0,0,1,1,1,0,1,1,0,0,0,0,0,1,0,0,0,1,0,1,1,1,1,1,1,1,1,1,0,1,1,0,0,0
1,0,0,1,0,0,1,0,0,0,1,1,0,0,0,0,0,1,1,1,0,0,1,0,1,1,1,1,0,1,1,0,0,0,1,0,0,1,1,0,0,0,0,1,1,0,0,0,1,0,0,0,1,0,1,1,1,1,1,0,0,0,1,1,1,0,1,0,0,0,0,0,1,0,1,1,1,0,0,1,1,0,0,1,0,1,1,1,1,0,0,0,0,0,1,0,1,1,0,0,1
1,1,1,1,1,1,0,1,1,0,0,0,0,1,0,0,0,1,0,0,1,0,0,1,1,1,1,1,0,1,0,1,0,1,1,0,1,1,0,0,1,1,0,1,1,1,1,0,1,0,1,1,1,1,1,0,1,0,1,0,0,0,0,0,0,1,1,0,1,0,0,1,1,1,1,1,1,1,0,1,1,1,1,0,0,1,0,1,1,0,1,1,0,0,1,0,0,0,0,0,1
1,1,1,0,1,0,0,1,1,0,0,0,0,0,0,0,0,1,1,0,0,1,1,0,1,1,1,1,0,1,0,1,1,0,0,1,1,0,1,1,0,1,1,1,0,1,0,0,0,0,0,1,0,1,0,1,0,0,0,0,1,1,1,1,1,0,1,1,0,0,1,1,0,1,1,1,0,1,1,1,1,0,1,0,0,1,1,1,0,1,1,1,0,1,1,0,0,1,1,1,1
1,1,0,0,0,1,0,1,0,1,0,0,0,1,1,0,1,1,0,0,1,1,0,1,0,0,1,1,0,0,0,1,0,0,0,1,1,0,0,0,0,1,1,1,0,0,1,1,0,1,1,0,0,1,0,1,1,1,0,0,1,0,1,1,1,1,1,0,1,1,1,1,1,1,0,0,0,0,1,1,1,0,0,0,1,0,0,0,1,1,1,0,0,0,0,1,0,1,0,1,0
0,1,0,1,0,0,1,1,0,1,0,0,1,1,1,1,1,1,0,1,0,0,0,1,1,1,0,1,1,0,0,0,0,1,1,0,1,0,0,0,0,0,1,1,0,0,1,1,0,1,0,1,0,1,1,1,1,0,0,0,1,1,1,1,1,1,1,0,1,1,0,1,1,0,1,1,1,1,0,1,0,1,0,0,0,0,1,1,1,1,0,1,0,0,1,1,0,0,1,1,1
0,1,1,1,1,0,1,1,0,0,0,1,0,0,1,1,0,1,1,0,1,0,0,0,0,0,1,1,0,1,1,1,0,1,1,0,0,1,1,1,1,1,1,0,0,0,0,1,0,1,1,0,1,1,0,0,0,1,0,1,0,0,1,0,0,0,1,0,1,0,0,1,1,0,1,0,1,0,1,1,1,0,1,1,1,0,0,0,1,0,1,1,0,0,0,0,0,0,0,0,1
1,0,1,1,1,0,0,0,0,1,1,0,0,0,1,1,0,0,1,0,1,1,0,1,0,0,1,0,0,1,1,0,0,1,1,0,0,1,0,0,1,1,0,0,1,0,1,1,0,1,1,0,1,0,1,1,1,0,0,1,0,0,1,0,1,1,0,1,1,0,0,0,0,1,0,1,1,1,1,1,1,0,0,1,1,0,0,0,1,1,0,1,1,0,1,0,1,0,1,0,0
1,0,1,1,1,1,1,1,1,0,1,1,1,0,1,1,1,0,1,1,1,1,1,0,1,1,1,1,1,1,0,0,0,1,0,1,0,1,0,1,0,1,0,1,1,0,1,1,0,0,0,1,1,1,0,1,0,1,0,1,0,1,0,0,0,1,1,1,1,0,1,1,1,1,1,1,1,1,1,0,0,0,1,0,1,0,0,1,0,1,0,1,0,1,1,0,0,0,0,0,0
0,0,1,1,0,0,1,1,1,0,0,0,1,1,0,0,0,1,0,1,0,1,1,1,0,1,0,1,0,1,1,1,0,0,1,1,1,1,1,1,0,0,0,1,1,1,1,1,1,1,0,0,0,1,1,0,0,0,1,1,0,0,0,0,0,1,1,1,1,1,0,1,0,0,0,1,1,1,1,0,1,1,0,0,0,1,1,1,1,0,0,0,1,0,1,0,1,0,1,0,1
1,1,1,1,0,1,0,1,1,1,1,1,1,1,1,1,1,1,0,1,1,1,0,1,0,1,0,0,1,1,1,1,0,1,0,1,1,1,0,0,1,0,0,1,0,0,0,1,1,1,0,0,1,0,0,1,1,1,0,0,0,1,1,1,1,1,0,0,0,0,1,0,0,0,0,1,0,0,1,1,1,1,0,0,1,0,1,0,1,1,1,1,0,1,0,0,1,0,1,1,1
1,1,1,0,1,0,0,1,0,0,1,1,1,1,1,1,0,1,0,0,1,0,1,1,0,1,1,0,0,1,1,0,0,1,0,1,1,1,1,0,1,1,0,0,0,1,1,0,1,1,0,0,1,1,0,0,0,1,1,1,0,0,1,0,1,1,0,0,1,0,0,1,0,1,0,0,0,0,1,0,1,1,0,1,0,1,0,1,0,0,1,1,1,1,0,1,1,0,0,1,1
1,0,1,0,1,0,0,0,1,1,0,1,0,1,0,0,0,1,1,1,0,1,1,1,1,0,0,0,1,1,1,1,1,0,1,0,1,0,1,1,1,0,1,1,1,1,1,1,0,1,0,0,1,1,0,1,0,1,0,1,0,0,0,1,0,1,0,0,1,1,0,0,0,1,0,0,1,1,0,0,1,0,0,0,0,1,0,0,1,0,1,1,1,0,0,0,0,1,1,1,1
0,0,0,1,0,0,0,1,1,0,0,1,0,0,1,0,1,1,0,1,1,1,1,0,0,1,1,0,1,0,0,1,0,0,1,1,1,1,1,0,1,0,1,1,1,0,0,1,0,1,0,1,0,1,0,1,1,0,0,0,1,1,1,0,1,0,0,0,1,0,1,0,1,0,1,0,1,0,1,0,0,1,1,1,0,0,1,1,0,1,1,1,0,1,0,0,0,1,0,0,1
1,0,0,1,1,1,1,0,1,0,0,0,0,0,1,1,1,1,1,0,1,1,0,0,1,0,0,1,0,1,0,1,0,1,0,0,1,1,1,0,0,0,1,1,1,0,1,1,1,1,1,0,0,1,0,0,0,1,0,0,0,1,0,1,1,1,1,0,1,1,1,1,1,0,0,1,0,1,0,1,0,0,0,0,0,0,1,0,1,0,0,0,1,0,1,0,0,0,0,1,0
0,1,1,0,0,1,0,1,1,0,0,1,0,0,0,0,0,0,0,1,0,0,0,1,1,1,1,0,0,0,1,0,1,1,0,0,1,1,1,0,1,0,0,0,0,1,0,0,1,0,1,0,1,1,1,0,0,0,1,0,1,0,1,1,0,0,0,1,1,1,0,1,0,0,0,1,0,1,1,1,1,0,0,0,0,1,0,0,0,0,0,0,0,0,0,1,0,0,1,1,1
1,1,0,1,0,0,1,0,0,1,0,0,0,0,1,0,1,1,0,0,1,1,0,1,0,0,1,1,0,1,1,1,0,0,0,1,0,0,1,0,1,0,1,1,1,1,0,0,1,0,0,0,1,1,1,0,0,1,0,1,1,0,0,0,0,0,0,0,1,0,1,0,1,1,0,1,0,0,1,1,1,0,1,1,1,1,0,1,0,1,0,0,1,0,1,1,1,1,1,1,0
0,0,1,0,1,1,1,1,1,1,0,0,0,1,0,1,1,1,1,0,1,1,1,0,0,1,0,0,1,1,1,0,0,1,0,1,0,0,1,0,0,0,1,0,0,0,1,0,1,1,1,1,1,0,0,0,1,0,0,0,1,0,0,1,0,0,0,1,0,0,1,0,0,0,0,0,0,1,0,0,1,0,0,0,0,1,1,0,0,0,1,0,1,0,1,1,1,1,0,1,1
0,1,1,0,1,0,1,1,0,0,1,0,1,0,1,1,0,1,0,1,1,0,0,0,1,1,1,1,0,1,1,1,1,0,1,0,0,0,0,0,0,0,0,1,1,0,0,1,0,0,0,0,1,0,1,1,1,0,1,1,1,0,0,0,1,1,1,0,0,1,0,1,0,1,1,1,0,0,0,1,0,1,1,1,1,1,1,1,1,1,1,0,1,0,0,0,0,0,1,0,1
1,1,1,1,0,1,0,1,0,1,0,0,0,0,1,0,0,0,1,0,0,0,1,0,0,0,1,1,0,0,1,1,0,0,0,0,1,0,0,0,1,0,1,1,1,1,1,1,1,0,0,1,1,1,1,1,0,0,1,0,0,1,1,0,0,1,0,1,0,1,0,0,0,0,0,1,0,0,1,1,1,0,1,0,1,0,1,0,1,1,1,1,0,1,1,0,1,1,0,1,0
1,0,1,0,1,1,0,0,0,0,0,0,0,0,0,1,0,0,0,1,0,1,0,0,1,0,0,1,1,1,0,1,0,1,0,0,0,0,0,0,0,1,1,0,0,1,1,1,0,0,1,0,1,0,0,1,1,0,0,1,0,1,1,0,0,1,1,0,0,0,0,1,0,1,1,0,0,0,1,0,0,1,1,1,1,1,1,0,0,0,1,0,0,1,1,0,1,0,0,0,1
1,0,0,0,0,1,0,0,1,1,0,0,0,0,0,0,0,0,1,1,1,0,1,0,0,0,1,0,0,0,1,1,0,0,1,1,1,0,0,1,0,1,0,0,1,1,0,0,0,0,0,1,0,0,0,1,1,0,1,1,0,0,0,1,1,0,1,0,1,1,0,0,0,0,1,0,0,0,0,1,0,0,0,1,1,0,0,1,1,1,0,0,0,1,0,1,1,1,1,0,0
1,0,0,0,0,1,0,1,0,1,0,0,1,1,0,0,0,1,1,0,1,0,1,1,0,0,0,0,1,0,1,1,1,0,0,0,1,1,0,0,0,0,1,0,0,1,1,1,1,0,1,0,1,0,0,0,0,0,1,1,1,0,0,0,1,0,0,1,1,0,1,1,0,1,0,1,0,1,1,1,1,0,1,1,0,0,1,1,0,1,0,0,0,1,1,0,1,0,0,1,1
0,1,0,1,0,0,0,0,1,0,0,0,1,0,0,0,0,0,0,0,1,0,1,0,1,0,1,0,1,0,1,1,1,0,1,0,1,0,1,1,0,1,0,0,1,0,0,0,1,1,0,0,1,1,1,0,0,1,1,0,1,1,1,1,1,0,1,0,1,0,0,1,0,0,0,0,1,0,1,1,0,0,1,0,0,0,1,1,1,0,0,1,0,0,0,1,1,0,0,1,1
1,0,0,1,0,1,1,1,0,0,1,0,0,0,0,1,1,0,1,0,0,0,1,0,1,1,1,1,0,0,0,0,1,0,1,1,0,1,0,1,0,1,0,0,0,1,0,0,1,1,0,1,1,1,0,0,1,0,0,1,1,0,1,0,1,0,0,1,0,1,0,0,1,1,1,1,0,1,0,1,1,0,1,1,0,1,1,1,0,0,1,0,0,1,1,1,1,1,1,1,0
0,1,1,1,1,1,1,0,1,0,1,0,1,0,0,0,1,1,0,0,1,1,1,0,0,1,1,0,0,0,1,1,0,1,1,0,1,0,0,1,0,1,1,0,1,0,0,0,0,1,0,0,1,0,0,1,1,0,1,0,1,1,1,1,1,1,1,1,0,0,1,1,0,0,0,0,0,0,1,1,0,1,0,0,0,0,1,0,1,0,0,0,1,1,0,0,0,0,1,1,0
1,0,1,0,0,1,1,1,1,0,1,0,0,1,0,0,0,1,0,0,1,1,1,0,1,1,0,1,1,1,0,1,1,1,0,0,1,1,0,1,0,1,1,1,0,1,0,0,0,1,0,1,0,0,0,1,0,0,0,0,1,1,1,0,1,0,1,1,1,1,1,1,0,0,0,0,1,0,0,0,0,1,1,0,0,0,1,0,1,1,1,0,0,1,1,1,1,0,1,1,1
1,1,0,1,0,1,0,1,1,0,0,0,1,1,1,1,1,1,1,1,1,1,1,1,1,1,1,1,0,1,1,1,0,0,0,0,1,1,0,0,0,1,0,0,1,1,1,1,0,0,0,0,0,1,0,0,1,1,1,0,1,0,1,1,0,1,1,1,1,1,0,1,1,1,1,0,1,1,0,0,0,0,1,1,1,0,0,1,0,1,1,0,1,1,0,0,1,1,0,0,0
1,1,1,1,1,0,0,0,1,0,0,0,0,1,1,0,0,0,1,1,0,1,0,0,0,0,1,0,0,1,0,1,0,0,0,1,1,0,1,0,0,1,1,1,1,0,0,1,0,0,0,1,0,0,1,1,1,0,1,1,1,1,1,0,1,0,1,1,1,0,1,1,0,0,1,0,1,0,1,0,0,1,0,1,0,1,0,1,0,1,0,0,1,1,0,1,0,1,0,1,0
1,0,0,1,0,1,1,1,1,1,1,0,0,0,1,1,1,0,1,0,1,1,0,1,0,1,1,1,0,0,1,1,0,0,1,1,1,0,0,0,1,1,1,1,1,0,0,1,1,0,0,1,0,0,0,1,0,1,0,1,0,1,0,1,1,1,0,1,1,1,1,1,1,1,0,0,1,0,1,1,1,1,0,0,1,0,0,1,0,1,0,1,1,0,0,1,1,0,0,1,0
1,0,1,1,1,1,0,1,1,1,1,0,1,0,0,0,0,0,0,0,1,1,0,0,1,1,0,1,1,0,1,0,0,0,0,1,0,1,1,1,1,1,1,0,1,0,0,1,0,1,1,1,1,1,0,1,1,1,1,0,0,0,1,1,1,0,0,1,1,1,0,1,0,1,0,0,0,1,0,1,1,0,1,1,1,1,0,1,0,0,0,0,0,0,0,1,0,0,0,1,1
1,0,1,1,1,1,0,0,0,0,1,0,1,1,0,0,1,1,0,0,0,1,0,0,1,1,1,1,1,0,0,0,1,1,0,1,1,0,0,0,1,0,0,1,1,1,0,0,1,0,1,0,0,0,1,1,1,1,1,0,0,1,0,0,1,0,0,1,0,0,0,0,0,0,0,1,0,1,0,1,0,1,0,0,0,0,1,1,1,1,1,0,0,1,1,0,1,1,0,0,1
1,1,0,1,1,0,0,1,0,1,1,0,1,1,1,1,0,0,0,0,1,0,1,1,1,0,0,0,1,0,1,0,1,1,1,1,0,1,0,1,1,1,0,0,1,0,0,1,1,1,1,0,0,1,1,0,1,1,1,1,1,0,0,0,0,1,1,0,1,0,0,1,0,0,1,0,1,1,0,1,1,0,0,0,1,0,0,0,0,0,1,1,1,0,0,1,0,1,1,0,1
1,0,1,0,1,1,0,0,0,1,1,1,0,0,0,0,0,1,1,0,0,0,0,1,1,1,1,1,0,1,0,0,1,0,0,0,1,0,1,1,1,0,1,0,1,1,1,0,1,1,0,0,0,0,0,1,1,0,1,0,1,1,0,1,0,0,1,0,1,0,1,1,1,1,0,1,0,0,0,1,1,1,0,0,1,0,1,0,0,0,1,1,0,1,1,0,0,1,1,1,1
0,0,0,1,0,0,0,0,1,1,1,0,1,0,1,1,1,0,1,1,0,1,1,0,0,1,1,0,1,0,0,1,1,0,0,0,1,1,0,0,0,0,1,1,1,1,0,0,0,0,0,0,1,1,1,0,0,1,1,1,0,1,0,0,0,1,1,0,1,0,1,0,0,0,0,1,1,0,0,1,1,0,1,1,1,1,0,1,1,1,0,0,0,1,0,1,0,0,1,0,0
0,0,0,1,1,0,1,1,1,0,0,1,0,0,1,1,0,1,0,0,1,1,1,1,1,0,0,1,1,0,1,1,1,0,1,1,0,0,0,0,0,1,1,1,0,1,0,1,0,0,0,0,1,0,1,1,0,0,1,0,1,0,1,0,1,0,0,0,0,0,0,1,1,1,0,0,1,0,0,1,0,0,0,0,1,1,1,1,1,1,1,1,1,1,0,0,1,0,1,1,1
1,0,0,1,0,1,1,1,1,0,1,1,0,0,1,1,1,1,0,0,1,0,1,0,1,0,0,0,0,1,1,1,1,1,0,0,1,0,1,0,1,1,1,0,1,0,1,1,0,1,0,1,0,0,0,0,1,0,1,0,0,0,1,0,0,1,1,1,0,0,0,0,0,1,1,0,1,0,0,0,1,0,0,1,0,1,1,0,0,1,0,1,1,0,1,0,1,1,1,0,1
1,1,1,0,0,1,0,0,1,1,1,1,0,0,0,1,0,0,0,0,0,1,1,1,1,1,0,0,1,1,1,1,0,0,1,0,1,0,0,0,1,1,1,0,0,1,0,1,0,1,1,0,0,0,1,1,0,0,1,1,1,1,1,1,1,0,1,1,0,0,0,0,1,1,1,1,0,1,0,0,1,0,1,1,0,0,0,1,0,0,0,0,0,0,0,0,1,0,0,0,1
1,1,0,0,1,0,1,1,0,1,0,1,1,0,0,1,1,1,0,0,0,0,0,0,1,1,0,0,0,0,0,0,1,1,0,1,0,1,1,0,1,1,0,1,1,0,0,0,1,0,1,0,1,1,0,1,1,1,0,0,1,0,1,1,1,1,0,1,0,1,0,0,0,0,0,0,0,1,1,1,0,1,1,0,0,0,1,1,1,1,0,0,1,1,1,0,0,0,0,0,1
1,1,0,0,0,0,1,1,1,1,0,0,0,1,0,0,0,1,0,0,1,0,0,0,0,1,0,1,0,1,1,0,1,0,1,1,0,1,0,1,0,1,0,0,1,1,0,1,1,0,1,1,0,1,0,1,1,0,0,0,1,1,1,1,0,0,0,0,0,1,0,1,1,0,1,1,1,1,0,0,0,0,1,1,1,0,1,1,0,0,0,1,0,1,0,1,0,1,0,0,1
1,0,0,0,1,0,0,1,1,1,0,0,0,1,1,0,0,0,1,1,0,0,1,1,0,0,0,1,1,0,0,0,1,0,0,0,0,1,1,0,0,1,1,1,1,1,0,1,1,0,0,0,0,0,0,0,1,0,0,1,0,0,0,1,0,1,1,0,0,0,0,0,1,1,0,0,1,1,1,0,1,0,1,1,0,0,0,1,1,1,1,1,0,1,0,1,0,0,1,0,0
0,1,1,0,1,1,0,0,1,1,1,0,1,0,1,1,0,0,0,0,1,1,0,0,1,0,1,0,1,1,0,1,0,1,1,0,0,0,0,1,1,1,0,1,0,1,0,1,0,0,0,1,0,1,0,1,1,0,1,0,1,0,0,1,0,0,0,1,0,0,0,1,1,1,0,0,1,1,0,1,1,0,0,0,0,1,1,0,1,0,1,1,1,1,1,1,1,1,0,0,0
0,0,1,1,1,1,1,0,1,0,1,0,1,0,0,0,1,0,1,0,0,0,1,0,1,1,0,1,1,0,1,0,1,0,0,0,0,1,1,1,1,1,0,1,0,0,0,0,0,0,0,1,0,0,1,0,1,0,0,1,0,1,1,0,1,0,0,0,0,0,1,0,0,1,0,1,0,0,1,1,0,0,1,0,1,0,1,1,1,0,0,0,1,1,1,1,1,1,1,1,1
0,1,0,0,0,0,1,1,0,1,1,1,0,0,1,0,1,0,1,1,0,1,1,0,0,0,1,0,1,0,1,1,1,1,0,0,0,0,1,1,0,0,1,0,0,1,0,1,0,1,0,0,0,1,0,0,1,0,0,0,1,1,0,1,1,1,0,1,1,1,0,0,1,1,1,1,0,0,1,0,1,0,1,1,0,0,1,1,0,1,1,1,1,1,0,1,1,1,0,1,1
1,0,0,1,1,0,1,0,0,0,1,0,0,0,0,0,1,0,0,0,0,1,0,1,1,1,1,0,0,1,1,0,1,1,0,0,1,1,0,0,1,1,1,1,1,0,1,1,0,0,0,1,0,1,0,1,0,0,1,0,1,0,1,0,0,1,1,0,0,0,0,1,1,1,1,1,1,1,1,0,1,1,1,1,1,1,1,0,0,0,0,0,0,1,0,1,1,1,1,0,0
1,0,1,1,1,0,1,0,0,0,0,1,0,1,0,1,0,0,1,0,1,1,1,1,1,1,0,1,0,0,0,1,0,1,0,0,0,1,1,1,0,1,1,0,0,0,0,1,1,0,1,0,0,0,1,1,1,0,1,1,1,1,1,0,0,1,0,1,0,1,1,1,1,0,1,0,1,0,0,1,1,0,1,1,1,1,0,0,0,1,0,0,0,1,0,1,1,0,0,1,1
1,0,0,1,0,1,1,1,1,1,1,0,0,0,0,0,0,0,0,1,1,0,0,1,1,1,0,0,0,1,0,1,1,1,0,1,0,0,0,1,1,1,0,0,1,1,0,1,1,1,1,0,1,1,1,0,0,0,0,0,0,1,1,0,0,1,0,0,0,0,0,0,1,1,0,0,1,0,0,0,0,1,1,1,0,0,1,0,1,1,0,1,1,1,0,0,0,0,0,1,1
0,0,1,0,0,1,0,0,1,1,0,1,0,1,1,1,0,0,1,0,1,1,0,0,0,0,0,0,1,1,0,1,1,1,1,1,0,0,0,0,1,0,0,1,0,1,1,1,0,1,0,1,0,1,0,1,0,0,1,0,1,1,1,1,1,1,0,0,0,1,0,1,1,1,1,1,1,1,0,0,1,1,1,1,1,1,0,0,0,0,1,1,0,0,0,0,1,1,0,1,1
1,0,0,0,0,1,1,0,1,0,1,1,1,1,1,0,0,0,1,1,1,1,0,0,0,1,1,0,0,0,0,1,0,1,1,0,0,1,0,1,0,1,0,0,1,1,0,1,1,1,0,1,0,1,1,1,0,1,1,0,1,0,1,0,0,0,1,0,0,1,0,0,1,0,0,0,0,0,1,0,1,1,0,0,0,0,0,1,0,0,1,0,0,0,1,1,1,0,1,1,0
0,1,0,0,1,0,0,1,1,0,0,0,1,0,0,1,1,1,1,1,0,1,1,1,1,1,0,0,0,0,1,1,1,0,1,0,1,0,1,1,1,0,1,1,0,1,0,1,0,1,1,1,0,1,0,0,0,0,0,1,1,1,0,0,1,0,1,1,0,0,0,1,1,1,1,1,0,0,0,1,0,0,0,0,1,1,0,1,1,1,1,0,0,0,0,1,1,0,0,1,1
1,0,0,1,1,1,0,0,0,0,1,1,1,0,1,1,1,0,0,0,1,1,0,0,0,1,1,1,0,1,1,0,0,0,1,1,0,0,1,0,1,0,0,1,1,1,0,1,0,0,0,0,1,1,1,1,1,0,0,0,0,1,1,0,0,1,0,1,1,0,1,1,0,1,0,1,0,1,0,1,1,0,0,1,0,1,1,1,1,1,1,0,1,0,0,1,1,0,0,0,0
1,1,0,1,1,0,1,1,1,1,0,1,0,1,0,1,1,1,1,1,1,0,1,0,1,0,1,1,1,0,1,0,1,0,1,1,1,1,1,1,1,1,0,0,1,0,1,1,0,1,0,1,0,0,1,1,0,0,1,0,1,0,0,1,1,0,0,0,1,0,0,0,0,1,1,1,1,0,0,1,1,0,1,1,1,0,0,1,0,1,0,0,1,1,1,0,0,1,0,1,1
0,1,1,1,1,1,1,1,1,1,1,1,0,0,0,1,0,0,0,1,1,1,0,1,0,1,1,1,1,1,1,0,1,0,1,1,0,0,0,0,1,1,0,1,1,0,0,1,0,0,1,1,0,1,1,1,1,0,0,0,0,0,1,1,1,1,1,1,0,0,0,1,1,1,1,0,0,0,1,0,0,1,0,1,1,1,0,0,1,0,1,0,1,1,1,1,1,1,1,1,0
1,1,1,1,1,1,1,1,1,1,0,1,1,1,0,0,1,1,0,1,0,0,0,1,1,0,1,1,1,1,0,1,0,1,0,1,1,0,0,1,1,0,0,0,0,1,1,0,1,1,0,0,0,1,1,0,0,0,1,0,1,1,1,1,1,1,0,0,1,0,1,0,1,1,0,1,1,0,1,1,0,0,0,1,0,1,1,0,0,1,1,1,0,0,0,1,0,0,1,0,1
1,1,1,0,0,0,1,1,1,1,1,1,0,1,1,1,0,1,1,1,0,0,1,0,0,1,1,0,1,0,0,0,1,1,0,1,1,1,0,1,0,1,0,1,0,0,0,0,1,0,1,1,0,1,0,0,1,1,0,1,0,0,0,1,0,1,1,0,1,0,0,1,1,1,1,1,1,0,1,0,0,1,1,0,1,1,1,0,1,0,0,0,1,1,0,1,0,0,0,0,1
0,1,1,1,1,0,1,1,1,0,1,1,0,0,1,0,0,1,1,1,0,1,0,0,0,1,1,1,1,1,0,1,0,0,1,0,0,1,0,0,1,0,1,1,0,1,1,0,1,1,0,0,0,0,0,0,0,1,1,0,0,0,0,1,1,1,0,0,0,1,0,0,0,1,1,1,0,0,1,1,0,1,1,1,0,1,1,0,0,0,0,0,0,1,0,0,0,1,0,0,1
1,1,1,1,0,0,1,1,0,1,1,0,1,0,1,1,1,0,0,0,1,1,0,0,1,1,1,1,0,0,0,0,1,1,0,1,1,1,0,1,0,0,1,0,1,0,0,1,1,0,1,1,1,0,1,0,0,0,1,1,0,1,1,1,0,0,0,0,0,1,1,0,1,0,0,0,0,1,0,1,0,1,0,0,0,1,0,0,0,1,1,0,0,0,0,0,1,0,1,1,0
0,0,1,0,0,1,0,0,1,1,0,1,1,0,0,0,1,1,0,0,1,1,0,0,0,0,0,1,0,1,0,0,1,1,1,1,1,1,0,0,0,0,1,0,0,0,0,1,0,1,1,1,1,0,1,1,0,1,1,0,0,0,0,0,1,1,1,1,1,0,1,0,0,0,1,1,1,1,0,0,1,0,1,1,1,0,1,0,0,0,0,1,0,0,0,1,0,0,1,0,1
0,0,1,0,0,1,1,1,1,0,1,0,1,1,1,1,0,0,1,1,0,1,0,0,0,1,0,1,0,1,0,0,1,0,0,1,1,1,1,0,0,0,1,1,1,1,0,1,0,0,1,0,1,0,1,1,0,1,1,1,1,0,1,0,1,1,1,0,1,0,1,0,1,0,0,0,0,1,0,1,0,0,1,0,1,1,1,0,1,0,1,0,0,1,0,0,1,0,1,0,0
0,0,1,0,0,1,0,1,0,1,1,0,1,1,1,0,1,1,1,1,1,0,0,1,0,0,0,1,0,1,1,1,1,1,1,0,1,1,0,1,0,1,0,0,0,0,0,0,0,1,1,1,1,0,1,0,1,0,1,1,0,1,1,1,0,0,1,1,0,0,1,1,0,1,1,1,0,1,0,0,0,0,0,0,1,1,0,1,0,0,1,0,1,0,0,0,1,1,1,1,0
0,0,1,1,0,0,1,0,1,1,1,1,0,0,0,1,1,0,0,0,1,0,1,0,0,0,1,0,0,0,0,1,0,0,0,1,0,1,1,0,0,1,0,0,0,0,0,0,1,0,1,1,1,1,0,0,1,0,0,0,0,0,1,1,1,1,0,0,1,1,1,0,0,0,1,1,1,0,1,0,0,1,1,0,1,0,1,1,0,0,0,1,1,1,1,1,1,1,0,1,0
1,0,1,1,1,0,0,0,1,0,0,0,0,1,0,0,1,1,0,0,0,0,1,1,0,1,1,0,0,0,0,0,1,0,1,0,1,1,1,1,1,1,1,0,0,0,0,0,1,0,1,1,1,1,0,1,0,1,1,0,0,1,0,1,1,1,1,0,1,0,0,0,1,1,1,0,1,0,1,1,0,0,1,1,0,0,1,0,0,1,1,0,1,0,0,1,0,1,1,1,1
1,0,1,1,1,1,1,0,0,0,1,0,0,0,1,0,1,0,0,1,1,0,0,1,1,0,0,0,0,1,1,1,1,0,0,0,1,1,1,0,1,0,1,1,0,0,0,0,0,1,0,1,0,1,1,1,0,1,1,1,1,1,0,1,1,0,0,0,1,1,1,0,0,0,0,1,1,1,1,0,0,1,0,0,0,1,0,0,1,0,0,1,1,1,0,1,1,0,1,0,0
1,1,0,0,0,0,0,0,1,0,0,1,1,1,1,0,0,0,0,0,1,0,1,0,0,0,0,0,1,1,0,1,1,1,0,1,0,1,1,0,1,0,1,1,0,0,0,0,0,1,0,0,1,1,0,0,1,1,1,1,0,1,0,0,1,1,0,1,1,0,1,1,0,0,1,1,0,1,0,0,0,1,1,0,1,1,0,1,1,1,1,0,1,0,0,1,0,0,1,0,1
1,0,0,0,1,1,1,1,1,1,1,1,1,1,1,0,0,0,1,0,0,1,1,1,0,0,1,0,1,1,0,1,0,0,0,0,0,1,0,0,1,0,1,1,0,1,1,1,1,1,1,1,0,0,0,1,0,1,0,1,0,0,0,0,0,0,1,0,0,1,1,0,0,0,1,1,1,1,0,1,0,1,1,0,1,0,0,1,0,1,1,1,0,0,0,1,1,0,0,0,0
0,1,1,0,0,0,0,1,1,0,1,1,1,1,1,1,0,1,1,1,1,0,0,0,1,0,0,1,1,0,0,1,1,0,1,1,0,1,0,0,1,1,1,0,0,0,1,0,1,1,1,1,0,0,0,0,1,1,0,0,1,1,0,0,0,0,0,1,0,1,0,1,0,0,1,0,0,1,0,0,1,1,1,1,0,1,0,0,1,0,0,1,0,1,1,1,1,0,0,0,1
1,1,1,0,0,1,1,1,0,0,1,1,1,0,1,1,0,1,0,1,0,1,1,1,1,1,1,0,1,1,0,1,1,0,0,1,1,0,0,0,1,1,0,1,1,0,0,0,0,1,1,0,0,1,1,1,0,0,0,1,0,0,0,0,0,1,0,0,0,0,0,1,0,0,0,0,0,1,1,0,0,0,0,0,1,1,1,0,1,1,0,0,1,0,1,0,1,0,1,1,1
0,1,1,1,0,0,1,0,1,0,0,0,0,0,0,0,1,0,1,0,0,1,1,0,1,1,1,1,0,0,0,0,1,1,1,0,0,0,1,1,0,1,0,1,1,1,1,1,0,0,0,1,1,1,1,0,1,1,0,0,1,1,1,0,0,0,0,1,0,1,0,0,1,0,0,1,0,1,1,0,1,0,0,0,1,1,0,1,0,0,1,1,1,0,0,0,0,0,1,0,0
1,0,0,1,0,0,0,1,0,1,0,1,0,0,0,0,1,1,1,0,0,0,0,1,0,1,0,1,0,1,0,0,1,0,0,1,0,1,1,0,0,1,0,1,0,1,0,1,0,0,1,1,1,1,1,1,1,1,1,0,1,1,1,0,1,0,1,1,1,0,1,1,0,1,1,0,1,1,1,1,1,1,0,1,1,1,0,0,0,0,1,1,0,1,0,0,0,1,0,0,1
0,0,0,0,1,0,0,0,0,0,1,1,0,0,1,0,0,1,1,0,0,0,0,1,1,1,0,1,1,0,0,1,1,1,1,0,0,1,1,0,0,0,1,0,1,1,1,0,1,0,1,1,1,0,0,1,0,0,0,1,0,1,1,1,1,1,1,1,1,0,1,0,1,1,1,1,1,1,0,0,0,0,1,0,0,0,0,0,0,0,0,1,1,1,1,0,0,1,1,1,1
1,1,1,1,1,0,0,0,1,1,1,1,0,1,0,1,1,1,0,0,0,1,1,1,0,1,1,1,1,1,0,1,1,1,1,1,0,1,0,0,1,1,0,1,1,1,1,0,1,0,0,0,1,0,0,0,0,0,0,1,1,1,1,0,1,1,0,1,0,1,1,1,1,0,0,1,1,0,0,0,1,0,0,0,0,1,0,1,1,1,0,1,1,1,0,1,1,0,0,1,1
0,0,1,0,1,0,1,0,0,0,1,1,0,0,0,1,1,1,0,1,0,1,1,0,0,1,0,0,1,1,1,0,1,0,0,1,0,0,0,1,1,0,1,0,1,0,0,1,1,1,0,0,0,1,0,1,0,1,0,1,0,1,1,0,0,0,1,1,0,0,1,0,1,1,0,0,1,1,0,1,0,1,1,0,0,1,0,1,0,1,1,0,1,1,1,0,1,1,0,0,1
1,0,1,0,1,1,0,1,0,1,1,1,1,1,1,0,0,1,0,1,0,0,1,1,0,1,1,1,1,0,1,1,1,0,1,1,0,1,0,1,0,0,1,1,1,0,1,1,0,1,0,0,0,1,1,1,0,1,1,0,1,0,1,1,0,1,0,1,1,0,0,0,0,0,1,1,0,0,1,1,1,0,0,1,0,1,1,0,1,1,1,0,1,1,0,0,1,1,0,1,1
0,0,1,0,0,0,0,0,0,0,0,0,0,0,0,0,1,0,0,0,0,1,1,0,1,0,0,1,0,1,0,0,0,1,1,1,1,0,1,0,1,1,1,1,1,1,1,1,1,0,1,0,0,1,1,1,1,1,1,0,0,0,1,0,0,0,0,0,1,0,1,0,1,1,0,1,0,0,0,0,1,0,1,1,1,0,1,0,0,0,1,0,0,1,0,1,1,1,0,0,1
1,1,0,0,0,0,0,0,1,0,1,1,0,1,1,0,1,1,0,1,1,0,0,1,1,0,1,0,1,1,1,0,1,1,1,0,0,0,1,1,1,0,1,0,0,1,1,1,1,0,0,1,1,1,0,0,1,0,0,0,1,1,0,0,1,0,1,1,0,0,0,1,0,0,0,0,1,0,0,0,0,0,0,1,1,0,1,0,0,0,1,0,1,0,0,0,0,1,1,1,1
1,0,0,1,0,1,0,1,1,0,0,1,1,1,0,0,0,1,1,0,0,0,1,1,0,0,0,1,1,1,1,0,1,1,1,1,0,1,1,1,0,1,0,1,1,1,1,0,0,1,1,1,1,1,1,1,0,0,1,1,0,1,1,1,0,1,1,0,0,1,0,1,1,1,1,0,0,1,0,1,0,1,1,0,1,0,1,0,0,1,1,0,1,0,0,1,0,1,0,0,1
1,0,1,0,0,1,1,0,1,1,0,1,0,1,1,1,0,0,1,1,0,1,1,0,1,0,1,0,0,1,1,1,1,1,1,0,1,1,1,1,0,0,0,1,0,0,1,0,0,1,1,0,0,0,0,0,0,1,1,0,1,0,0,0,1,0,0,0,0,1,1,1,1,0,1,1,1,1,1,0,1,1,0,0,1,0,1,1,1,1,0,0,0,0,0,0,0,1,0,1,1
1,1,0,0,1,1,0,0,1,0,1,1,0,0,0,1,0,1,0,1,1,0,1,0,0,0,1,1,0,1,1,0,0,1,1,0,1,0,0,1,1,0,1,0,1,1,0,1,0,1,0,0,1,0,1,1,1,0,0,0,1,1,0,1,1,1,1,0,1,0,0,1,0,0,0,1,1,1,1,0,1,0,0,0,1,1,0,0,0,1,1,0,1,0,1,0,1,0,1,0,1
1,0,1,1,0,0,1,1,0,0,1,1,1,0,1,0,0,1,1,1,1,0,1,1,1,0,1,1,1,1,1,0,0,1,1,0,1,0,0,1,0,1,1,1,1,1,0,1,1,1,0,0,1,0,0,0,1,0,0,1,1,1,0,0,0,1,1,0,1,1,1,1,0,1,0,0,0,0,1,0,1,1,0,1,0,0,0,0,0,0,1,1,1,1,1,0,1,1,1,0,0
0,1,0,1,0,1,1,1,1,1,1,0,1,0,0,0,0,0,0,0,0,0,0,0,0,1,1,0,0,1,0,1,0,1,1,1,0,1,1,1,1,1,0,0,1,0,1,0,1,1,0,0,1,1,1,1,0,1,1,1,1,1,1,1,0,1,1,0,0,0,1,0,0,1,0,0,1,0,1,1,0,1,1,0,1,1,1,0,0,0,1,1,1,1,0,0,0,0,1,0,1
1,0,0,1,0,1,0,0,0,0,0,1,0,1,1,1,0,0,1,1,1,0,0,0,0,0,0,1,0,0,0,0,0,0,0,1,1,0,1,1,0,1,1,0,0,1,0,0,1,0,1,0,1,1,0,0,0,1,1,0,1,0,0,0,0,0,0,1,1,1,0,1,0,1,0,1,0,1,0,1,0,0,0,0,1,0,0,0,0,0,0,1,0,1,1,0,0,1,0,0,0
1,0,1,0,1,1,1,1,1,0,1,0,1,1,1,1,1,0,0,1,0,0,1,0,1,0,1,0,0,1,1,1,1,0,1,0,1,0,0,0,1,0,1,0,1,1,0,0,0,0,0,1,0,0,1,1,0,1,0,1,0,1,0,0,1,0,1,1,1,1,0,1,0,1,1,0,0,0,0,0,1,1,0,1,1,0,0,1,0,1,1,1,1,0,1,0,0,0,1,1,1
1,0,1,1,0,0,1,0,0,1,1,1,0,1,1,0,1,1,0,0,0,1,0,0,1,0,1,0,1,0,1,1,1,1,1,0,0,1,0,0,0,0,1,0,0,1,0,1,0,1,0,0,0,0,1,0,1,1,1,0,0,0,0,0,1,0,1,1,1,0,0,1,0,0,1,0,0,0,0,1,1,0,1,0,0,0,0,1,1,0,1,1,1,1,1,0,1,1,0,0,1
1,0,1,0,0,1,0,1,1,0,1,1,0,0,1,0,0,0,1,1,1,0,0,0,0,0,1,0,1,1,1,1,0,0,0,0,1,1,0,0,0,0,0,0,1,1,0,1,0,0,1,0,0,1,1,0,0,0,0,1,0,0,1,0,1,0,1,0,0,0,1,0,0,1,0,0,0,1,1,0,0,0,1,1,0,1,1,0,0,1,1,1,0,0,0,1,1,1,0,0,0
0,1,0,1,1,0,1,0,0,1,0,0,0,1,0,0,1,0,0,1,1,0,0,1,0,1,1,0,1,1,0,0,1,0,0,1,1,1,1,1,1,0,0,1,0,0,0,1,0,0,1,0,1,1,0,0,0,1,0,0,1,0,0,0,0,1,0,0,0,0,0,1,0,1,1,1,0,0,0,0,1,1,1,1,0,0,0,0,1,1,0,1,0,0,0,0,1,0,0,0,1
1,1,0,1,0,0,1,0,0,1,1,0,0,0,1,1,1,0,1,0,1,1,1,0,1,1,0,1,1,0,0,0,1,0,1,1,0,0,0,0,0,1,1,1,0,0,0,0,1,0,0,0,1,0,1,1,0,0,0,1,0,1,0,0,1,0,0,1,1,0,1,1,1,0,1,0,1,1,0,0,0,1,0,1,0,1,1,0,1,0,0,0,0,0,0,0,1,0,0,1,0
0,1,1,1,1,0,0,1,1,0,1,1,0,1,0,0,0,0,1,1,0,0,1,0,0,0,1,1,1,0,1,1,0,0,0,0,0,1,1,1,0,0,0,0,0,1,1,0,1,0,1,0,0,0,1,1,0,1,1,0,1,0,1,0,0,0,0,1,0,0,1,0,0,0,0,1,1,1,1,0,0,1,0,1,0,0,0,0,1,0,1,0,1,1,1,0,1,1,0,0,1
1,0,0,0,1,1,0,1,0,0,0,0,0,0,0,0,1,0,0,1,0,0,0,0,1,0,1,0,0,1,0,0,1,0,0,0,1,1,1,1,1,0,0,0,1,0,0,0,0,1,1,0,0,1,1,0,0,0,1,0,1,0,0,0,1,1,0,1,1,0,0,0,0,0,1,0,0,1,1,0,0,0,1,0,0,0,1,1,0,0,0,1,0,1,1,0,0,1,0,1,1
1,0,1,1,1,1,0,1,1,0,0,0,0,1,1,0,0,1,0,1,0,1,0,1,0,0,1,1,1,1,0,1,0,0,1,1,1,1,0,0,0,0,1,1,0,1,1,1,0,1,0,1,1,0,0,0,0,0,0,1,1,1,1,1,0,1,0,1,1,0,0,1,1,0,0,0,1,0,1,0,0,0,1,0,0,0,0,0,0,0,1,0,1,1,1,1,1,0,0,1,1
0,0,0,0,0,0,1,1,0,1,0,1,1,0,0,0,0,1,1,1,0,1,1,0,0,0,0,0,0,1,1,1,0,0,1,1,0,1,1,0,0,1,0,1,0,0,0,1,1,0,0,1,0,0,0,1,1,0,0,1,1,0,0,0,0,1,1,0,0,0,1,1,1,1,1,1,0,0,0,0,1,0,0,1,1,0,1,0,0,1,0,1,1,1,1,1,0,1,0,0,1
1,1,0,1,0,0,0,1,1,1,0,0,0,0,1,0,0,1,0,0,0,0,0,1,0,0,0,0,0,1,0,1,0,1,1,0,1,0,1,1,0,1,1,0,0,1,1,1,0,1,1,1,1,1,0,0,0,0,1,1,1,1,0,0,0,1,0,0,0,0,0,0,1,1,1,1,1,1,1,0,1,0,1,0,0,1,1,1,1,1,1,0,0,1,0,1,0,0,0,1,1
1,0,1,0,1,1,0,0,1,0,0,0,1,0,0,1,1,0,0,0,0,1,1,0,0,0,0,1,1,0,1,0,0,0,0,0,0,0,0,1,0,0,1,1,0,0,0,1,1,0,0,1,0,0,0,1,0,0,1,0,0,1,1,1,0,1,0,0,0,1,1,0,0,0,0,1,0,1,0,0,1,1,1,1,1,0,0,1,1,1,0,0,0,0,1,1,1,0,1,0,1
1,0,0,1,1,1,0,1,0,0,0,1,1,1,1,1,1,0,0,0,0,0,0,1,0,0,0,0,1,0,1,1,0,1,0,1,0,0,0,1,0,0,0,0,0,1,0,0,0,1,1,0,0,1,1,0,1,1,1,1,1,0,0,0,1,0,0,1,0,0,0,0,1,1,1,0,0,0,1,0,0,0,0,1,1,1,0,0,0,1,0,1,1,1,0,0,1,1,1,0,1
1,0,1,1,1,1,1,0,0,0,1,1,0,1,1,0,0,1,1,1,1,1,0,1,0,0,1,1,0,0,0,1,1,0,0,1,0,1,1,0,1,0,0,0,0,0,1,0,1,1,0,1,1,0,0,1,1,1,1,1,1,0,0,1,1,0,1,0,1,1,1,0,1,0,1,0,0,0,0,0,1,1,0,0,0,0,1,0,0,0,0,0,1,0,0,1,0,1,0,0,1
0,0,0,0,1,1,0,1,0,1,1,1,0,0,0,0,1,1,1,0,1,1,0,0,1,1,0,0,1,0,1,1,0,1,0,0,0,1,1,1,0,0,0,0,1,0,1,1,0,0,0,0,1,0,1,0,0,1,0,0,1,0,1,1,1,1,1,0,0,1,1,1,0,1,1,1,1,0,1,1,1,0,1,1,1,1,1,1,1,0,0,0,0,0,1,1,0,0,1,1,1
1,0,0,1,1,1,0,0,0,1,0,1,0,1,1,0,1,1,1,0,1,1,0,0,1,0,0,1,0,0,0,1,0,1,0,0,1,1,0,0,1,0,0,0,0,0,0,1,1,0,1,1,1,0,1,1,1,1,0,0,0,0,0,0,0,0,0,0,1,1,0,1,1,0,1,1,0,1,1,1,0,1,1,1,0,1,1,0,0,1,1,1,1,0,1,0,1,1,0,1,1
1,1,1,1,1,1,1,0,0,1,0,1,0,1,0,1,0,1,0,1,1,1,1,1,0,0,0,0,0,1,0,1,0,0,0,0,1,1,1,1,0,0,0,0,0,0,1,0,1,0,1,0,1,1,1,0,1,1,0,1,1,1,0,1,1,0,1,1,1,0,0,1,1,1,1,1,0,1,0,0,1,1,0,0,0,1,0,1,0,1,0,1,0,0,0,1,1,0,0,1,1
0,0,0,0,0,1,1,1,1,1,0,0,0,0,1,0,1,1,1,1,1,1,0,0,0,0,1,0,0,1,1,1,0,1,1,1,1,0,1,0,0,1,1,0,0,0,0,0,0,0,0,1,0,1,0,0,0,0,0,0,1,0,0,1,0,0,1,1,0,0,0,0,0,0,1,1,0,1,1,0,1,1,0,0,1,0,0,1,1,0,1,1,0,0,1,1,0,1,1,1,0
1,0,1,1,0,1,1,1,1,1,1,0,1,1,0,1,0,1,1,1,1,0,0,0,1,0,1,1,0,1,1,0,1,0,0,0,0,1,0,1,1,1,1,1,0,1,0,0,0,1,1,1,1,0,1,0,1,1,1,1,1,1,0,1,1,0,0,0,1,1,0,0,1,1,0,1,0,0,0,1,1,1,0,1,0,0,0,0,1,0,0,1,1,0,1,1,0,0,1,0,0
1,1,0,1,0,1,0,1,1,0,0,1,0,0,1,1,1,1,1,1,0,0,1,1,1,1,1,1,0,1,0,1,0,1,1,1,1,0,0,1,0,0,0,1,1,1,0,1,0,1,0,1,0,1,1,0,0,1,0,1,1,0,1,1,1,1,1,0,1,1,1,0,1,0,0,1,1,0,1,1,0,1,1,0,0,1,1,1,1,1,1,1,0,0,0,0,1,0,0,1,0
1,1,1,0,1,1,0,1,1,1,0,0,1,0,0,1,0,1,0,0,1,0,1,1,1,1,1,1,1,0,0,1,0,0,1,1,0,1,1,1,1,0,1,0,1,1,0,1,1,0,0,0,1,1,1,1,1,0,0,0,1,0,1,1,0,1,1,0,1,1,0,1,0,0,1,1,1,0,0,1,0,1,0,0,1,1,0,0,0,0,0,0,1,1,1,1,0,1,1,1,1
0,1,1,1,0,0,0,1,0,0,1,0,1,1,0,1,1,1,0,0,0,0,1,1,0,1,0,0,0,0,0,1,0,1,0,1,1,0,1,0,1,1,0,1,0,0,0,1,1,1,0,1,0,0,1,0,0,0,1,0,1,0,0,1,0,1,1,0,1,0,0,1,0,1,0,1,0,1,1,0,0,1,1,0,0,0,0,1,1,1,1,1,1,0,0,0,1,0,0,1,1
1,1,1,1,1,1,0,1,0,0,1,1,0,1,1,1,0,0,0,0,1,0,0,1,1,0,1,1,0,0,0,0,0,0,0,1,0,0,1,0,1,0,1,1,1,1,0,1,1,1,1,0,0,0,0,0,0,1,1,0,1,0,1,0,1,1,0,0,0,1,1,1,1,1,1,1,1,1,0,1,1,1,1,1,0,0,1,1,1,0,0,0,1,0,1,0,1,1,0,0,1
1,1,0,1,1,0,1,1,1,0,1,0,0,0,0,0,0,1,0,1,1,1,0,1,1,1,0,0,0,0,1,0,0,0,0,1,1,1,0,0,1,1,1,0,0,1,1,1,1,1,1,0,1,1,0,1,1,0,1,0,1,1,0,1,1,0,1,1,1,0,1,1,0,0,1,0,1,1,1,1,1,0,0,0,1,1,1,1,0,0,1,0,1,0,0,1,1,1,0,1,1
1,0,0,1,0,0,0,0,1,1,0,1,0,0,0,0,0,1,1,1,0,1,1,1,0,1,1,0,0,1,1,0,0,1,0,1,1,1,1,0,0,0,1,0,0,1,1,1,0,0,0,1,1,1,1,0,1,0,1,0,0,1,1,1,1,0,1,0,0,0,0,1,1,0,0,0,0,1,1,1,0,1,0,1,0,1,1,1,0,0,0,0,1,0,1,0,1,0,1,0,1
0,1,0,0,0,1,0,1,1,0,0,0,0,0,1,1,1,1,1,0,0,0,1,1,1,1,1,0,0,0,1,1,0,0,0,1,0,1,0,0,1,0,0,1,0,0,1,0,0,1,0,1,0,1,0,0,0,0,0,0,0,0,1,0,1,1,1,0,1,1,0,0,1,0,1,0,1,0,1,1,1,1,0,1,1,1,1,0,0,0,1,0,0,0,0,0,0,0,0,1,1
0,0,0,0,1,0,0,1,0,0,1,0,1,1,0,1,0,0,1,0,0,0,1,0,1,1,1,0,1,1,1,0,1,0,0,1,1,0,1,1,0,1,0,1,1,1,1,0,0,1,0,0,0,1,1,1,0,1,0,0,1,1,1,0,1,1,0,1,1,0,0,1,0,1,1,1,0,0,1,0,0,0,1,1,1,0,1,1,1,1,0,0,1,1,0,1,1,1,0,1,1
1,0,1,0,1,0,0,0,1,1,0,0,1,1,0,0,0,0,1,0,1,1,1,0,0,0,1,1,1,1,1,1,0,0,1,0,0,1,0,0,0,0,1,0,1,0,1,0,0,0,0,1,0,1,0,0,1,0,0,0,0,0,1,1,1,0,0,1,1,0,0,0,1,0,0,1,0,1,1,1,0,0,1,1,0,0,1,0,0,1,0,1,0,0,1,1,1,0,0,0,1
1,1,1,0,0,0,0,0,0,1,0,0,1,0,0,0,0,1,0,1,0,0,1,1,1,0,0,1,0,0,1,1,0,1,1,0,0,0,1,0,1,1,0,0,1,1,1,0,1,0,0,0,1,0,1,1,1,0,0,1,0,1,0,1,0,0,0,1,1,1,1,0,0,0,1,0,1,0,1,1,1,0,0,0,1,1,0,1,1,1,0,0,1,0,1,0,0,0,0,0,1
0,0,1,0,1,0,0,0,0,0,1,0,0,1,1,1,1,0,0,0,0,0,0,0,0,0,1,1,1,0,0,1,1,1,0,1,0,0,1,0,1,1,0,0,0,0,1,0,0,0,1,1,1,0,1,1,0,0,1,1,1,0,0,0,0,1,0,1,0,1,1,1,0,0,0,1,1,1,0,0,0,1,0,1,0,1,0,0,1,0,0,1,0,0,1,0,1,0,1,1,1
0,0,1,1,1,0,0,0,1,0,1,1,0,0,1,0,1,0,0,1,0,0,0,1,1,0,1,0,1,1,1,1,1,0,0,1,1,1,1,1,1,1,1,1,0,0,0,0,0,0,0,1,1,1,0,1,0,0,0,0,1,1,1,0,0,1,0,1,1,1,1,1,0,1,1,0,0,1,0,0,1,0,0,0,1,0,0,1,1,1,0,0,1,1,1,0,0,0,1,1,0
0,0,0,1,1,0,1,1,0,1,1,0,1,0,1,0,1,1,1,0,0,1,1,1,0,1,1,0,1,1,0,0,1,0,1,0,0,0,0,0,0,0,0,0,0,1,1,1,1,1,1,1,1,0,0,1,0,1,1,0,1,1,0,1,1,1,1,1,0,0,1,1,1,0,1,0,1,1,1,0,0,0,0,1,1,1,0,1,0,0,0,0,1,1,0,1,1,0,1,0,0
0,0,0,1,0,1,1,1,1,1,1,0,0,0,1,0,0,1,1,1,0,0,1,0,1,1,1,0,0,1,0,1,0,0,1,1,1,0,1,1,1,1,0,1,0,0,0,1,0,1,0,1,0,1,1,1,1,1,0,1,0,1,1,1,1,1,1,1,1,1,1,1,1,0,1,1,1,1,1,1,1,1,1,0,0,1,0,0,0,0,0,1,0,0,1,0,0,1,0,0,1
0,1,0,1,1,1,1,1,1,0,0,0,0,0,0,1,1,1,0,0,1,0,1,1,1,0,1,0,1,1,0,1,0,0,1,0,0,0,1,1,1,1,1,0,1,1,0,1,0,1,0,0,1,1,0,1,1,1,1,0,1,1,0,1,1,1,1,0,0,0,0,0,1,0,1,1,1,1,0,0,0,1,0,0,0,1,1,1,0,0,0,1,1,0,0,0,1,1,0,1,0
1,0,0,0,0,0,0,0,1,1,0,1,1,1,1,1,0,1,0,1,1,1,1,1,0,1,1,1,1,0,1,1,0,1,1,1,1,1,0,1,1,0,0,1,0,0,1,0,0,0,1,1,0,1,1,1,0,1,0,0,0,1,0,0,1,1,1,0,1,0,1,0,0,1,0,0,1,0,0,1,1,1,1,1,1,0,0,0,0,0,1,0,0,0,1,1,1,1,0,0,1
0,0,1,0,0,1,0,1,1,0,0,1,0,0,0,0,1,1,0,0,0,1,1,0,0,1,0,1,1,1,0,1,0,1,0,0,1,1,1,1,0,0,1,1,1,1,1,1,0,1,0,0,1,0,1,1,1,0,1,0,0,1,1,0,0,1,0,0,0,0,1,0,1,1,0,1,0,1,0,0,0,1,1,0,1,1,0,1,0,1,1,0,0,1,1,1,0,0,0,0,1
0,0,0,1,1,0,1,1,0,1,1,0,0,1,1,0,1,0,1,0,1,0,1,1,1,0,1,1,1,1,1,1,1,1,1,1,0,0,1,1,1,0,0,1,0,0,1,1,0,1,0,1,0,1,0,1,0,0,0,1,1,0,0,0,1,0,1,1,1,1,0,0,1,1,0,0,0,0,1,1,1,1,0,1,1,1,1,0,1,1,0,0,1,1,1,0,1,1,0,0,1
0,0,1,1,1,0,0,1,0,1,0,1,1,0,1,0,1,1,0,1,1,0,1,1,1,0,0,1,0,1,1,0,0,0,0,1,1,1,1,1,0,1,1,1,0,0,0,1,1,1,1,1,0,1,0,0,0,1,0,1,1,0,1,0,0,1,0,1,1,0,1,1,0,1,0,1,0,0,1,1,0,1,1,1,1,0,1,0,1,0,0,0,0,1,0,1,1,0,1,1,1
0,1,1,0,1,1,1,0,0,1,1,1,0,0,1,1,1,1,1,1,1,1,1,1,0,1,1,1,1,0,1,0,0,0,1,0,0,1,1,0,0,1,1,0,1,0,1,0,1,0,1,1,1,1,1,1,0,0,0,0,0,0,0,0,1,1,0,0,0,1,0,0,1,1,0,1,1,1,0,0,1,1,1,1,0,1,0,0,0,1,0,0,0,0,0,0,1,1,0,0,0
0,0,1,0,0,1,1,1,0,0,1,1,0,1,1,0,1,1,0,0,0,0,0,1,0,0,0,0,1,0,1,1,1,1,0,1,0,1,0,1,0,0,0,1,0,0,0,0,1,1,1,1,0,1,1,0,1,1,0,1,0,0,1,1,0,0,1,0,1,1,1,0,0,0,0,0,0,1,1,0,0,0,0,0,1,1,1,1,0,0,1,0,0,1,1,0,0,1,0,0,1
0,0,0,0,1,1,1,0,0,0,1,1,1,0,0,1,0,1,0,0,1,1,1,0,1,1,0,0,0,0,1,0,1,0,1,1,1,1,1,1,1,1,1,1,1,1,0,0,0,1,1,0,1,1,0,1,0,1,0,0,0,1,0,0,0,0,0,1,0,1,0,0,1,0,0,0,1,0,0,1,1,0,0,1,1,0,1,1,0,0,1,1,1,0,0,1,0,0,1,0,1
0,1,1,1,0,0,1,1,1,1,1,0,1,1,1,0,1,1,0,1,1,1,0,0,0,0,0,1,0,1,1,1,1,1,0,1,0,1,0,1,1,1,0,0,1,0,1,1,1,1,1,1,1,0,0,0,0,1,1,0,0,1,0,1,1,1,0,1,1,1,0,1,1,0,0,1,1,1,0,0,1,1,0,0,0,1,1,1,0,0,0,1,1,0,1,1,1,1,1,1,1
1,1,0,0,0,1,0,0,1,0,1,1,0,0,0,1,1,1,1,0,1,1,1,0,1,1,0,0,1,0,1,0,0,0,1,1,0,0,0,0,0,1,0,1,1,1,1,0,1,0,0,0,1,0,1,0,1,0,1,0,1,0,0,1,1,0,1,0,0,1,0,0,1,1,0,0,0,1,0,1,1,0,0,1,0,1,0,0,0,1,0,1,1,0,1,0,0,1,0,0,1
1,1,1,0,0,0,0,0,0,0,0,1,0,1,1,0,0,0,1,0,0,0,0,1,0,1,0,1,0,0,0,0,1,0,1,1,0,0,1,0,1,0,1,0,0,1,0,1,1,1,0,1,0,1,0,1,1,0,1,1,0,0,0,1,0,0,0,0,1,1,1,1,0,1,1,1,0,0,0,0,0,1,0,1,1,0,0,1,0,1,1,1,1,0,0,0,0,1,0,0,1
0,0,1,1,1,0,1,1,0,0,0,1,1,0,1,1,0,0,0,1,1,1,1,0,0,0,1,0,1,0,1,1,1,0,0,1,0,1,0,0,0,1,0,1,1,0,1,1,0,0,0,1,0,0,0,1,1,1,1,1,0,0,1,1,1,0,1,0,0,0,1,0,1,1,0,1,1,0,0,0,1,1,1,1,0,1,0,1,1,1,1,0,0,0,0,0,0,0,1,1,1
0,0,1,1,1,1,1,0,0,1,0,1,1,1,1,0,1,0,1,1,1,1,1,0,1,0,1,0,1,0,0,0,0,0,0,1,1,0,0,1,1,0,1,1,0,0,1,1,0,0,0,0,1,0,1,0,1,0,1,0,1,0,0,0,1,0,0,1,0,0,0,0,0,1,0,0,1,0,0,1,1,1,0,0,0,0,1,1,0,1,0,1,0,0,1,0,0,0,1,1,0
1,0,1,1,1,0,0,1,1,0,1,0,1,1,0,1,1,0,0,1,0,0,1,0,0,1,1,1,0,0,0,1,1,1,0,0,1,0,1,0,0,1,0,1,1,1,0,0,1,0,1,0,0,1,0,1,1,1,0,1,1,1,1,1,0,1,1,0,0,1,1,0,1,1,0,1,1,0,1,1,1,0,1,0,0,0,1,0,0,0,1,0,0,0,0,0,1,1,1,0,1
1,1,1,1,1,1,0,0,1,1,0,1,1,0,1,1,0,1,0,0,1,0,1,0,1,0,0,0,0,1,1,0,0,0,1,0,1,0,1,1,0,1,0,1,1,0,0,0,1,1,1,0,0,1,1,0,0,1,1,0,1,0,0,0,0,0,1,1,0,0,1,0,1,1,0,1,1,0,0,1,1,1,0,0,1,0,0,1,1,1,0,0,0,1,0,1,0,0,1,0,1
1,0,1,0,1,0,0,0,1,1,1,0,1,0,0,1,0,0,1,1,1,0,0,1,1,0,0,0,0,0,1,1,1,1,0,0,0,0,1,0,0,1,1,1,0,0,1,1,0,1,0,1,0,0,1,1,1,1,0,0,1,0,0,1,1,1,0,1,0,1,1,0,0,0,0,0,1,1,1,1,0,0,1,0,1,0,0,0,0,1,0,1,1,0,1,0,0,0,1,0,1
1,1,0,1,0,1,1,1,0,0,0,0,0,1,1,0,1,1,0,1,1,1,1,0,0,0,1,0,0,0,1,1,0,1,1,0,0,0,1,0,0,1,0,1,0,0,1,1,1,0,0,0,0,1,1,0,0,0,0,0,0,0,1,0,0,0,0,1,0,1,1,0,0,1,1,0,0,0,1,1,1,1,1,0,1,0,1,0,1,0,1,0,1,1,0,1,1,0,1,0,1
0,1,0,1,0,0,1,1,1,1,0,0,1,0,1,1,1,0,0,1,0,0,0,1,0,0,1,0,0,0,1,0,1,1,0,1,0,1,0,0,0,0,0,1,0,1,1,0,0,1,1,0,0,1,0,0,1,1,0,0,1,0,1,1,1,0,0,1,1,0,0,1,0,0,1,1,0,1,0,1,0,0,1,1,1,0,0,1,1,1,1,1,1,0,0,0,0,1,1,1,0
0,1,1,0,1,1,1,0,1,1,1,0,0,0,1,0,0,0,1,0,0,0,0,0,0,1,0,1,0,1,1,0,0,0,0,1,0,0,0,0,0,1,0,0,1,1,0,1,0,0,1,1,1,0,0,0,1,1,1,0,0,0,0,1,0,0,1,1,0,0,1,1,0,0,1,0,1,0,0,0,0,0,0,0,0,1,0,1,1,0,1,0,0,0,0,1,0,0,0,0,0
1,0,0,1,1,0,0,0,0,0,1,0,1,1,1,1,1,1,1,0,1,0,1,1,1,0,1,0,0,0,0,0,0,0,0,0,0,1,1,1,0,1,1,1,1,0,0,0,0,1,0,0,0,0,1,1,0,0,0,0,0,0,0,0,1,1,0,1,0,1,0,1,1,0,1,1,1,1,1,0,1,0,0,1,1,1,0,0,0,0,1,1,1,1,0,1,0,0,0,1,0
0,0,1,1,0,0,1,1,0,1,0,0,0,1,1,1,0,1,1,0,1,1,0,0,0,0,0,1,0,1,0,1,0,0,1,0,0,1,1,0,0,0,1,0,1,1,0,0,1,1,1,1,0,0,0,0,0,0,0,1,1,1,1,0,1,1,1,1,0,0,0,0,1,0,1,1,1,0,1,1,1,0,0,1,1,0,0,0,0,1,0,1,1,0,0,0,0,1,0,1,0
1,0,1,1,0,0,0,0,1,0,0,0,0,1,1,0,1,0,0,1,1,1,0,0,1,1,1,0,1,0,0,0,1,1,0,0,1,0,1,0,1,0,0,1,0,0,1,0,0,1,0,0,1,1,0,0,1,1,1,0,1,1,1,0,1,0,0,0,1,0,1,1,1,1,0,0,0,1,0,1,0,0,0,0,1,1,0,0,1,1,1,1,1,0,1,0,0,1,0,1,1
0,1,0,0,1,0,0,1,0,0,1,0,1,0,0,0,1,1,1,1,1,0,0,1,1,1,1,1,1,0,1,0,1,1,1,0,0,0,0,1,0,0,0,1,0,1,0,0,0,0,0,1,0,0,0,1,0,0,1,0,1,1,0,0,1,1,1,0,1,1,0,1,1,0,1,1,0,1,0,0,1,0,1,0,0,1,0,1,1,0,1,1,1,1,1,1,1,0,1,1,1
1,1,1,0,1,0,1,0,0,0,1,0,1,0,1,1,1,1,0,0,1,1,0,1,1,0,0,1,0,1,0,1,0,1,1,1,1,0,1,0,0,0,0,0,1,1,1,0,0,0,1,0,0,0,1,1,0,1,1,1,1,1,0,0,1,1,0,1,1,1,0,1,1,0,1,0,0,0,0,1,0,1,1,0,1,1,1,1,0,0,1,0,1,1,0,1,0,1,0,1,1
0,0,0,1,0,1,0,1,1,0,1,0,0,1,0,1,0,1,1,1,0,1,1,0,0,0,0,0,1,1,0,1,0,1,0,1,0,1,0,1,0,1,1,0,1,1,0,0,0,0,1,1,0,1,1,1,0,1,1,1,1,1,1,0,1,1,0,1,0,0,1,1,0,1,0,0,1,1,0,1,1,0,1,1,1,0,0,0,1,0,1,1,0,1,1,0,1,1,1,1,0
1,1,0,1,0,0,1,0,1,0,1,1,1,0,1,0,0,1,1,1,0,1,0,0,1,0,0,0,1,1,0,0,0,0,0,1,1,1,0,0,1,1,0,1,0,1,0,1,0,0,0,1,1,0,1,0,0,1,1,1,1,1,1,1,0,0,1,1,0,0,1,1,1,1,1,0,1,0,0,1,1,0,0,1,1,1,1,0,0,1,0,1,1,0,0,0,0,1,0,1,0
1,0,1,0,0,1,0,0,1,1,1,1,0,0,1,0,0,1,1,0,1,1,1,1,1,0,1,1,1,1,1,1,0,0,1,0,1,1,0,0,1,0,1,1,1,0,1,1,0,0,0,0,0,0,1,0,1,1,0,0,1,0,0,0,1,0,1,0,1,1,0,0,0,1,1,1,1,0,1,1,0,1,0,0,0,1,0,1,1,1,1,0,0,1,1,1,0,1,1,0,0
0,0,0,1,0,1,0,1,1,0,0,1,0,0,1,0,1,0,0,1,0,1,1,0,1,1,0,1,1,0,0,1,0,1,0,0,1,0,0,1,1,0,0,0,0,0,1,0,0,1,1,1,1,0,0,1,0,0,0,0,1,1,0,1,1,1,0,0,1,0,1,1,0,1,1,0,1,0,0,1,1,0,1,1,0,1,1,0,1,0,1,0,1,0,0,1,0,0,1,1,1
1,1,1,0,1,0,1,1,0,1,1,1,1,0,0,1,0,1,0,1,1,0,1,1,0,0,1,0,1,1,0,0,0,1,0,0,0,1,1,0,1,0,0,0,0,0,0,1,0,0,1,1,0,1,1,1,1,0,1,0,1,0,0,0,1,0,0,0,0,1,0,0,0,1,1,1,1,0,1,0,1,0,1,1,0,0,1,0,1,1,1,0,1,1,1,1,0,1,0,1,1
1,1,0,0,1,1,1,0,1,1,0,0,0,0,0,1,1,0,0,1,0,0,1,1,1,0,1,0,0,1,1,1,1,0,1,1,1,1,1,0,1,1,0,0,0,1,1,0,1,0,1,1,1,0,0,0,1,1,0,0,1,0,1,1,0,1,0,0,1,0,0,0,1,1,0,0,0,1,0,0,0,0,1,1,1,0,1,1,0,0,1,1,0,1,1,0,0,1,1,1,1
1,0,0,1,1,0,1,1,1,1,0,1,1,0,0,1,1,1,1,0,0,0,1,0,1,1,1,1,0,0,0,1,1,1,1,0,1,1,0,1,0,0,1,1,1,1,1,1,1,1,0,1,0,0,1,0,0,0,0,1,1,1,1,0,0,0,1,0,0,1,0,0,1,1,0,1,0,1,1,1,1,0,1,1,0,0,1,0,0,0,1,1,1,1,0,1,0,0,1,0,1
0,1,0,1,0,1,1,1,1,0,1,0,1,1,1,1,0,0,0,1,0,1,0,0,1,1,0,0,0,0,0,0,1,1,0,0,0,1,1,1,0,0,0,1,1,1,1,0,0,0,1,1,1,0,0,1,0,0,1,1,0,1,0,0,0,1,0,1,1,0,1,0,1,1,0,0,0,1,1,1,1,0,1,0,1,1,1,1,1,0,1,1,0,0,1,0,1,1,0,1,0
1,1,1,0,0,0,0,1,0,1,0,1,0,0,0,1,0,0,0,0,0,0,0,0,1,0,1,1,0,1,0,0,1,0,1,0,1,1,1,0,1,0,1,0,1,0,0,1,0,0,0,0,1,0,1,0,0,0,0,1,0,0,0,0,0,0,1,1,0,1,0,0,1,0,0,0,1,0,0,1,0,1,1,1,0,1,1,1,0,0,0,1,1,1,1,1,0,1,1,1,1
0,1,1,0,1,0,1,1,1,1,1,1,1,0,1,1,0,0,0,0,0,1,0,1,1,0,1,1,0,1,1,1,1,1,1,1,1,0,1,1,1,1,1,0,1,0,1,1,0,1,0,1,1,1,0,1,1,1,0,1,1,0,0,0,1,0,1,1,0,0,1,1,1,0,0,1,1,1,0,1,1,0,1,1,0,1,1,1,1,0,0,1,0,0,0,0,0,1,0,1,1
0,0,0,1,1,1,0,0,0,1,0,1,0,1,0,0,0,0,0,0,0,1,1,0,0,1,0,0,0,1,0,1,1,1,1,1,1,1,1,0,0,0,0,0,0,1,0,1,1,0,1,1,1,0,1,1,0,0,1,0,0,1,0,0,0,1,1,1,1,1,0,1,0,0,1,0,1,0,1,1,0,1,1,0,1,0,0,0,0,0,1,1,0,1,0,1,0,0,0,1,1
1,0,1,1,0,1,1,0,0,1,0,1,0,1,1,0,0,1,0,1,0,1,0,1,0,0,1,0,0,1,1,1,1,1,0,1,1,0,0,1,0,1,1,1,0,1,1,0,1,1,0,0,0,1,1,0,0,0,1,1,0,1,0,1,1,1,1,0,0,1,0,0,1,1,1,1,1,0,1,0,1,1,0,1,1,1,1,1,0,1,1,0,0,0,0,0,0,0,0,1,0
0,0,1,1,1,1,1,0,1,1,1,1,0,0,1,0,0,0,1,0,1,1,0,1,0,1,1,0,0,1,0,1,0,0,0,0,0,0,0,1,1,0,1,1,0,1,1,0,0,1,0,1,0,0,0,1,1,1,1,0,0,1,0,1,1,0,0,1,1,1,0,1,1,0,1,1,0,1,0,0,1,0,1,1,1,0,1,0,0,1,0,0,0,0,1,1,0,1,1,0,0
1,0,1,1,1,1,1,1,1,0,0,1,1,0,0,1,0,1,0,0,1,1,0,0,1,1,1,1,0,1,0,1,1,1,1,1,1,0,1,0,0,1,1,1,1,0,0,1,1,1,0,0,1,0,1,0,0,1,1,1,0,1,0,1,0,1,1,1,0,1,0,1,1,1,0,0,0,0,1,0,0,1,0,1,1,0,0,1,0,1,0,0,0,0,1,0,1,0,0,1,1
0,0,1,0,1,0,0,0,0,1,1,0,1,1,0,1,0,0,0,1,1,0,0,1,1,1,1,1,1,1,0,0,1,1,1,1,1,1,1,0,0,1,0,0,0,1,0,0,0,0,0,1,1,1,1,0,0,0,0,0,1,0,0,0,0,1,1,1,1,1,0,0,1,1,0,0,1,0,1,1,0,0,0,0,0,0,1,1,1,1,1,1,1,0,1,0,0,1,1,1,1
1,1,0,1,1,1,1,1,0,1,1,0,0,1,0,1,1,0,0,1,1,1,0,1,0,1,1,0,1,0,0,1,1,1,0,1,1,0,0,0,0,1,0,0,0,1,0,0,1,0,1,1,0,0,0,1,0,1,1,0,1,0,0,0,1,1,1,0,1,0,1,0,0,1,1,0,0,1,0,0,0,1,0,1,1,1,1,0,0,1,0,1,1,1,1,1,0,0,1,1,0
1,1,1,1,0,1,1,1,0,1,0,0,1,1,0,1,0,1,0,0,0,0,1,1,1,0,1,1,0,0,1,0,0,0,1,0,1,0,1,1,0,0,1,0,1,0,0,1,1,1,0,0,0,0,1,0,1,1,1,1,1,1,0,1,0,1,1,1,0,0,0,0,0,0,1,0,0,0,0,0,0,1,1,0,0,0,0,0,1,1,1,1,1,1,0,1,0,0,1,1,1
1,0,0,1,0,0,1,1,0,1,0,0,0,0,0,0,0,1,1,1,1,1,0,0,0,0,0,0,0,0,0,0,1,1,0,0,0,0,1,1,1,0,0,1,1,0,1,1,0,1,0,1,0,0,1,0,0,1,1,1,0,1,0,0,1,0,0,0,0,0,0,0,0,0,1,1,0,1,0,1,0,0,0,1,0,0,0,1,0,1,0,0,1,0,0,0,0,0,1,0,1
1,1,1,1,1,0,0,0,1,1,0,0,1,1,0,1,0,0,0,1,0,1,1,0,1,0,0,0,0,0,0,0,1,1,1,1,0,0,0,0,1,0,1,1,0,0,1,0,0,0,1,1,0,0,1,0,1,1,0,0,1,0,0,1,0,1,1,0,0,0,1,0,1,0,1,1,1,1,1,0,0,0,0,1,0,1,0,0,0,0,0,1,0,0,1,1,1,0,0,0,1
0,1,0,0,1,0,0,1,0,1,0,1,1,1,0,0,1,0,0,0,1,1,1,0,1,0,0,0,0,1,1,0,1,0,1,1,0,1,1,0,0,1,1,0,0,0,1,0,0,1,1,1,1,1,0,0,0,0,0,1,1,0,0,0,1,1,1,1,1,0,0,0,1,0,0,1,1,1,0,1,0,1,1,1,0,1,0,0,1,1,1,0,0,1,0,1,0,0,1,0,1
1,0,0,0,1,1,0,0,1,1,1,1,0,0,1,1,1,0,1,1,1,1,1,1,1,1,1,1,1,0,1,0,0,1,1,0,1,1,0,0,0,1,0,0,0,1,1,0,0,1,0,1,1,1,0,0,0,1,1,1,1,1,0,0,1,1,0,1,1,0,0,1,0,1,1,0,1,0,1,1,0,0,1,0,1,1,0,1,0,0,1,0,1,0,1,0,1,1,1,0,0
1,1,1,0,1,0,0,1,0,0,0,1,1,0,0,0,1,1,1,0,0,0,0,1,1,1,1,0,1,1,0,1,1,0,0,1,0,0,1,0,1,0,1,1,0,0,0,0,1,1,1,0,0,1,0,0,0,0,0,1,0,0,0,1,0,1,0,1,0,0,1,1,1,1,1,0,1,1,0,1,0,1,0,0,1,1,1,0,0,0,1,1,1,1,0,1,1,1,1,0,1
1,1,0,0,1,0,0,1,0,1,1,0,1,1,0,0,0,1,1,1,1,0,0,1,0,1,0,0,1,1,1,0,1,0,1,1,1,1,1,1,1,0,1,0,1,0,0,1,0,0,1,1,0,0,1,1,0,1,0,0,1,0,1,1,0,1,1,0,0,0,1,0,0,1,0,0,1,1,1,0,0,1,0,1,1,1,0,0,1,0,1,0,1,0,0,0,1,0,0,1,1
1,0,0,1,1,0,1,0,1,1,1,1,0,1,1,0,1,1,0,0,0,1,0,1,1,1,0,1,0,0,0,1,1,0,0,0,0,0,1,1,0,1,1,1,0,0,0,1,1,1,1,0,0,1,1,1,1,1,0,0,1,1,0,1,0,1,0,1,0,1,1,0,0,1,0,0,1,1,1,1,1,1,1,0,1,1,1,1,0,1,0,1,0,0,0,1,0,1,1,1,1
0,1,0,0,0,1,1,1,0,1,0,0,0,1,1,1,1,1,0,0,1,0,0,1,1,1,1,1,1,0,0,1,0,0,0,0,1,1,0,1,0,0,0,1,0,0,1,1,0,0,1,1,1,0,1,0,0,1,0,0,1,0,1,1,1,1,0,0,0,0,1,0,0,1,0,1,0,1,1,0,1,0,1,1,1,0,1,0,0,1,0,1,1,1,0,1,0,1,1,0,0
0,0,0,0,0,0,0,0,0,0,0,0,1,0,1,1,0,1,1,0,1,1,0,0,0,0,0,1,0,0,1,0,0,0,1,1,0,0,1,0,0,0,1,1,1,0,1,1,0,1,1,1,0,1,0,1,1,1,1,0,1,0,0,0,0,1,1,1,1,0,0,0,1,0,0,1,0,0,0,1,0,0,1,1,0,0,0,0,0,1,0,0,1,1,0,0,0,1,0,0,1
0,1,0,1,1,0,0,0,1,0,1,0,0,0,1,1,1,0,1,0,0,0,1,1,0,1,0,1,1,1,0,1,1,1,1,0,1,0,1,1,1,1,1,1,0,0,1,1,0,1,1,1,1,1,1,0,0,0,0,1,1,0,0,0,1,1,1,1,1,0,1,0,0,0,1,1,1,1,1,0,1,1,1,0,0,0,1,0,1,0,1,0,1,0,0,0,0,1,1,1,0
1,0,0,0,0,0,1,1,0,1,0,0,0,1,0,0,0,0,0,1,1,1,0,1,1,0,0,0,1,0,0,0,1,1,1,0,1,0,1,0,0,1,1,1,1,1,1,0,0,0,0,1,0,0,1,1,1,1,1,0,1,1,1,0,1,0,0,0,1,0,1,1,0,1,0,1,0,1,0,1,1,0,0,0,0,0,0,0,1,0,1,0,0,0,0,0,0,0,0,0,1
1,1,1,1,0,0,1,1,0,1,1,1,1,1,0,1,0,1,1,0,1,0,0,1,1,1,1,0,1,1,0,0,1,1,1,0,1,1,1,0,0,0,1,1,0,0,1,1,0,1,1,1,1,1,1,0,0,1,0,1,0,0,1,1,1,0,0,1,1,1,1,1,1,1,1,1,1,1,1,1,0,1,1,1,1,0,0,1,1,0,1,0,0,0,0,0,0,1,0,1,1
1,1,0,0,1,1,1,0,0,0,0,0,1,1,1,1,1,1,0,0,0,1,0,1,1,1,0,1,1,1,0,1,1,1,0,1,0,0,0,0,0,1,0,0,1,0,1,0,1,1,0,1,0,0,1,0,1,0,1,0,0,0,1,1,1,1,1,0,0,1,0,0,0,0,1,0,0,1,1,1,0,0,0,0,1,1,1,1,0,1,0,1,0,0,0,0,0,1,1,1,1
0,1,1,0,0,1,0,0,0,0,0,1,0,1,0,0,1,1,1,0,1,0,1,0,0,0,0,0,1,0,0,0,1,0,0,0,1,1,1,0,1,0,0,0,0,1,0,1,0,0,1,0,0,0,0,1,0,0,1,1,1,1,0,1,0,0,0,1,1,1,1,1,0,1,1,0,1,1,0,0,1,0,1,1,0,1,1,1,0,1,0,1,0,0,1,0,1,1,1,0,1
0,0,0,1,1,1,0,0,0,0,0,0,0,0,0,1,1,0,0,1,1,1,0,0,0,0,0,0,0,1,0,0,1,0,1,1,1,1,0,1,1,0,0,1,0,1,1,1,0,0,0,0,1,0,1,0,1,1,0,1,0,0,1,0,1,1,0,0,1,0,1,1,1,0,0,1,0,0,1,1,1,1,1,0,0,1,1,1,0,0,0,1,0,0,1,1,0,0,1,0,0
0,0,0,0,0,0,1,0,1,0,1,1,1,1,1,1,0,0,0,1,1,0,0,0,1,0,1,0,1,1,1,1,0,1,1,1,0,1,0,1,1,1,0,1,1,0,0,1,0,1,1,0,1,0,1,1,1,1,1,0,0,1,1,1,0,0,0,1,1,0,1,1,1,0,0,0,1,0,1,0,0,0,0,0,1,0,0,0,0,1,0,1,1,0,0,0,1,0,0,1,0
1,0,1,1,0,0,1,1,0,0,0,1,0,1,0,1,1,0,1,0,1,1,1,1,0,1,1,0,1,1,1,0,1,1,0,1,0,1,1,0,0,0,0,0,1,0,0,0,1,0,0,0,0,0,1,0,0,1,1,1,0,0,0,1,0,0,1,1,0,1,1,1,0,1,1,0,1,1,1,0,1,0,0,1,1,1,1,1,0,1,1,1,0,0,0,1,1,0,1,0,1
0,0,0,1,1,0,1,0,1,0,0,1,0,1,0,0,0,0,0,0,1,0,1,1,1,0,0,0,0,0,0,0,1,0,1,0,0,1,1,1,0,0,0,1,0,0,1,0,0,1,0,0,0,0,0,0,1,0,0,0,1,0,0,0,1,0,1,0,0,1,0,0,1,1,0,0,0,0,0,0,0,1,1,0,1,0,1,0,1,0,1,1,1,0,1,1,0,1,1,0,1
0,1,0,0,0,0,0,0,1,1,0,1,1,0,1,0,0,1,1,0,1,1,0,0,1,1,0,1,1,1,1,0,0,1,1,1,1,1,1,0,0,0,1,1,1,1,1,0,1,1,0,1,1,0,1,1,1,0,1,1,0,1,1,1,0,0,0,1,0,1,1,0,1,0,1,0,1,0,0,0,0,0,0,0,1,0,0,1,0,0,1,1,1,0,1,0,0,0,0,1,1
1,0,0,1,0,0,0,1,0,0,0,0,0,0,1,1,0,0,0,1,1,0,0,1,1,0,0,1,0,1,0,1,1,0,0,0,1,1,0,1,1,1,1,0,1,1,0,1,1,1,1,1,1,1,0,1,0,0,0,1,1,1,1,0,0,0,0,0,0,0,1,0,1,0,1,1,1,0,1,0,0,0,1,1,0,0,1,0,0,0,1,1,1,0,1,1,0,1,1,0,0
1,0,1,1,0,1,1,0,0,0,0,1,1,0,0,0,1,0,1,0,0,1,0,0,0,0,0,1,1,1,0,1,0,0,1,0,1,1,0,0,0,0,0,1,0,1,1,0,1,0,1,1,0,0,0,0,1,0,1,1,1,1,1,0,1,1,1,0,1,0,0,0,0,0,0,0,1,1,0,0,0,1,1,1,1,0,1,0,0,0,1,0,1,1,1,0,1,0,0,1,0
0,0,0,1,1,1,1,0,1,0,1,1,1,0,1,1,0,0,1,0,0,1,0,1,1,0,1,0,0,0,0,0,0,1,0,0,0,0,1,0,1,0,0,0,1,0,1,0,0,0,1,0,0,1,0,1,1,1,0,0,1,0,0,0,0,1,0,0,1,1,0,1,0,0,0,1,0,1,0,1,1,1,0,0,1,1,1,0,0,0,0,1,0,0,1,0,1,1,1,0,0
0,0,0,0,1,0,1,1,1,1,1,1,0,0,1,1,1,1,0,1,1,0,1,1,0,0,1,1,1,0,1,1,1,1,1,0,1,0,0,1,1,0,0,0,0,1,1,0,0,0,1,0,0,0,1,1,0,1,0,1,1,0,0,0,0,0,0,1,0,0,0,1,0,1,1,0,1,1,1,1,1,0,0,1,0,0,0,1,1,0,0,0,0,1,1,0,1,0,0,0,1
0,1,1,1,0,0,1,0,0,0,0,1,0,0,0,0,0,1,0,1,1,0,1,0,0,0,0,0,0,1,1,0,1,0,1,0,1,1,0,1,0,1,0,1,1,1,0,1,1,1,1,1,1,1,1,0,1,1,1,1,1,0,1,0,1,1,0,1,0,1,1,1,0,1,1,0,1,1,1,0,0,1,1,1,0,1,1,0,1,0,1,1,0,1,1,0,0,0,1,1,0
0,0,1,1,1,0,0,1,0,0,1,0,1,0,1,1,0,1,1,0,1,1,1,0,0,0,1,1,1,0,1,1,1,0,0,1,1,0,0,0,0,0,0,1,0,0,0,0,0,1,0,0,0,1,1,1,0,1,1,0,1,0,0,0,1,0,0,1,0,0,0,1,1,0,1,0,1,0,1,1,0,0,0,1,1,1,1,0,1,0,0,0,1,0,0,0,0,0,0,0,0
1,0,1,0,1,0,0,1,1,0,1,0,0,1,0,0,1,1,1,0,0,1,0,1,1,1,1,1,0,1,0,1,1,0,0,0,0,0,1,1,1,0,0,0,0,1,0,1,0,0,1,1,0,0,0,1,1,1,0,1,1,0,0,1,0,0,1,1,0,0,1,1,1,0,1,1,1,0,0,0,0,0,0,0,1,1,1,1,0,1,1,0,1,0,1,0,1,0,1,1,1
1,1,1,0,0,1,0,0,1,1,1,1,0,0,0,1,0,1,1,1,1,1,1,0,1,0,0,0,0,1,0,1,1,1,0,0,1,0,1,0,1,1,0,1,1,1,0,1,0,0,1,0,0,0,0,0,0,1,0,1,1,1,0,1,1,1,0,1,1,1,1,0,1,1,0,0,0,1,1,0,0,1,0,1,0,0,0,1,0,1,0,0,0,1,1,0,0,1,1,1,1
1,0,1,1,0,0,1,0,1,1,0,0,1,0,0,1,0,0,1,1,1,0,0,1,1,1,1,0,1,1,0,0,0,1,0,0,1,0,1,0,1,0,0,1,0,0,1,1,0,1,0,1,1,0,0,1,1,0,0,0,0,0,0,0,0,0,0,1,0,0,1,1,0,1,0,0,1,0,1,1,0,1,1,0,0,0,1,1,0,0,0,0,1,1,1,0,0,0,1,1,1
1,1,1,0,0,0,0,0,0,0,1,0,0,0,0,1,1,0,0,1,0,1,1,1,1,0,1,0,0,0,1,1,1,0,1,0,1,1,1,1,1,1,1,1,0,0,1,0,0,1,0,0,1,0,0,1,1,1,1,0,0,0,1,1,1,0,1,1,0,1,1,0,0,0,1,1,0,0,1,1,1,1,0,1,0,1,0,1,1,0,0,0,0,1,0,1,0,1,1,1,1
1,1,1,1,0,1,0,1,1,1,1,0,1,0,0,0,0,0,1,0,0,1,0,1,0,1,1,1,0,0,1,1,0,1,1,0,1,1,0,1,0,1,1,0,0,0,0,1,1,1,1,1,0,1,0,0,1,0,0,1,1,1,0,1,0,0,0,0,0,1,1,1,0,1,0,1,1,1,1,0,1,0,1,0,0,1,0,0,1,0,1,1,1,0,1,1,0,1,1,1,1
1,1,0,1,0,1,0,0,0,0,1,1,1,1,0,1,0,1,1,0,1,0,0,1,1,0,0,1,0,1,1,0,0,0,1,0,0,1,1,1,1,0,1,1,1,1,1,0,0,0,0,1,1,0,0,0,1,0,0,0,0,0,0,0,0,0,1,1,1,0,0,1,0,1,1,1,1,0,0,0,0,0,1,0,1,1,0,1,0,1,1,1,0,1,1,1,0,1,0,0,0
0,0,1,1,1,1,1,1,1,0,1,0,1,1,1,1,1,0,1,1,1,0,1,1,1,1,1,1,1,1,0,1,1,0,1,0,1,0,1,1,0,1,0,1,1,0,1,1,1,0,0,1,0,0,0,1,1,1,0,1,1,1,1,1,1,0,1,0,0,0,0,0,0,1,0,0,1,0,0,1,1,1,0,0,0,1,0,0,0,0,0,0,1,0,1,1,0,1,1,1,0
1,1,0,0,1,1,1,0,0,0,0,0,1,1,1,1,1,0,1,0,0,1,1,0,0,1,1,0,0,1,0,1,1,0,1,0,0,1,1,0,0,0,0,1,0,0,1,1,1,0,1,0,0,0,0,0,1,0,0,0,1,0,0,0,0,1,0,0,1,1,1,1,0,0,1,0,1,1,0,1,0,1,1,1,1,1,1,1,0,1,0,1,1,1,1,1,0,1,1,1,1
0,1,0,0,1,0,0,1,1,1,0,0,1,1,0,0,0,0,0,0,1,0,1,0,1,1,1,0,0,0,0,1,0,0,1,1,0,1,0,0,1,1,0,1,0,1,1,1,1,0,0,0,1,0,1,0,0,1,1,0,1,1,1,1,1,0,0,1,1,0,1,0,0,0,1,1,0,0,1,1,1,1,1,1,0,0,1,1,1,1,0,1,1,1,1,1,1,0,1,0,1
1,0,0,1,1,0,0,1,1,1,0,0,0,1,0,1,0,1,1,1,1,1,1,0,0,1,0,0,1,0,0,0,1,0,0,1,1,1,1,0,1,1,0,0,0,0,0,0,0,1,1,0,1,1,0,1,0,0,1,0,0,0,0,0,0,0,1,1,0,0,0,1,0,0,0,1,0,1,1,1,1,0,1,0,1,0,0,1,1,0,0,0,1,0,1,1,0,0,0,1,1
1,0,0,1,1,1,1,1,1,1,1,0,0,1,1,0,0,1,0,1,0,0,0,1,0,0,1,0,1,1,0,0,0,0,1,0,0,1,1,1,1,1,1,0,1,1,1,1,0,0,0,0,1,1,1,1,0,0,1,0,0,1,0,0,1,0,0,0,0,1,0,1,0,0,0,1,1,0,0,0,0,0,0,1,1,1,1,0,0,1,1,0,1,0,1,0,0,1,1,1,0
1,0,0,0,1,0,0,0,1,1,0,0,1,1,1,1,1,0,1,1,1,0,1,1,0,0,0,1,1,1,1,1,1,1,1,1,0,1,1,0,0,0,0,0,1,0,0,0,0,1,0,1,1,0,0,1,1,1,0,1,1,1,1,0,1,0,0,1,0,1,0,1,1,1,1,1,0,0,1,1,1,1,1,1,0,1,0,0,1,0,0,0,0,0,1,0,0,1,1,0,1
1,0,0,1,0,0,0,0,0,0,1,1,1,1,0,1,1,1,0,0,1,0,1,0,0,1,0,0,0,1,0,1,1,1,1,1,0,0,1,0,1,0,0,0,1,1,0,1,1,1,1,1,0,1,1,0,0,0,1,0,1,1,0,1,0,1,0,1,1,1,0,1,1,0,1,0,0,1,1,1,0,0,1,0,1,0,0,0,0,1,1,0,0,0,1,0,0,0,1,0,1
0,1,1,0,1,1,1,1,0,1,0,0,0,0,1,1,1,1,1,1,1,0,0,0,0,1,0,1,1,1,0,1,0,1,1,1,1,0,0,1,1,1,1,1,0,0,0,1,1,1,0,0,1,1,0,0,0,1,1,1,1,1,0,1,0,0,0,1,0,1,0,0,0,1,1,0,1,1,0,1,1,0,1,1,1,1,1,0,1,0,1,1,0,0,0,0,1,0,0,1,1
0,0,1,1,1,0,1,0,0,1,1,1,1,1,0,0,1,1,1,1,0,1,1,1,0,1,1,1,0,0,1,1,0,1,0,0,1,1,1,1,0,1,1,1,0,1,0,0,0,0,0,0,1,1,1,1,1,1,0,0,0,0,0,0,0,1,1,1,0,1,1,1,1,1,1,1,0,1,1,1,1,0,0,0,0,0,0,0,0,0,0,0,1,1,1,0,1,0,1,0,0
0,1,0,0,0,0,0,0,0,0,0,0,1,1,1,1,0,0,1,1,1,0,1,0,0,1,0,0,1,1,0,1,1,1,1,1,0,0,0,1,0,0,1,0,1,1,0,1,0,1,1,0,1,0,1,1,0,1,1,1,1,1,0,1,1,0,1,1,0,0,0,0,0,0,1,0,0,0,1,1,0,0,0,1,0,1,0,1,1,1,1,1,1,0,0,0,0,0,1,0,1
0,0,0,1,1,0,0,0,0,1,0,0,1,1,1,0,0,1,1,1,0,0,0,0,0,0,0,1,0,1,0,1,0,0,0,1,0,1,1,1,0,1,0,0,0,1,0,0,1,1,1,1,0,1,1,0,0,0,1,0,1,1,1,1,0,0,1,1,1,0,0,1,0,1,0,1,1,1,0,1,0,0,1,1,0,1,1,1,0,1,1,1,0,1,1,1,0,1,1,1,1
0,1,0,1,1,1,1,1,0,1,0,0,0,0,0,1,1,0,1,0,1,1,0,0,0,1,0,1,1,0,1,0,0,1,1,1,1,1,1,1,1,1,0,1,0,1,1,1,1,1,0,0,0,1,0,1,0,1,0,0,0,1,0,1,0,1,0,1,0,0,0,1,0,0,1,1,0,1,0,1,1,1,0,0,1,1,0,0,0,0,0,1,1,1,1,0,0,1,0,0,1
1,0,1,0,0,1,1,1,1,0,0,0,1,1,0,0,0,1,0,0,0,0,1,1,0,0,1,1,0,0,1,1,0,1,0,0,0,1,0,1,0,1,1,0,0,0,0,0,0,0,1,0,0,0,1,0,0,0,0,1,1,1,0,0,1,1,1,1,0,0,0,0,0,1,0,0,1,1,1,1,1,0,1,0,0,1,1,1,0,0,0,0,1,0,1,1,0,0,1,1,1
1,0,0,0,0,0,0,0,0,1,0,0,1,0,0,0,0,1,1,1,1,0,1,0,0,0,0,1,0,1,1,0,0,1,1,1,1,1,1,1,1,0,0,1,0,0,0,1,1,1,1,0,1,0,0,1,0,1,1,1,0,0,1,0,1,1,0,1,0,0,1,1,0,1,0,0,1,1,1,1,0,0,0,1,1,1,1,0,0,1,1,0,1,1,0,0,1,0,1,0,1
1,1,0,0,0,0,0,1,1,1,0,0,0,0,0,1,0,0,1,1,1,0,1,0,1,0,1,1,1,1,0,0,1,1,0,1,1,0,0,0,0,0,1,0,1,1,0,1,0,1,0,0,1,0,0,1,1,1,0,1,1,1,0,0,0,0,1,1,0,1,0,0,0,0,1,0,0,0,0,1,0,1,0,1,0,0,1,0,0,1,1,1,1,1,1,1,0,1,1,1,1
1,0,1,1,0,1,1,0,1,0,0,0,0,1,0,0,0,1,0,1,1,1,1,1,0,1,0,0,1,0,1,0,0,0,1,0,0,1,0,0,0,0,0,1,0,1,1,0,0,1,1,0,1,1,0,1,1,0,0,0,0,1,0,0,1,1,1,1,0,1,1,0,0,0,0,0,0,0,0,0,1,0,1,0,1,1,0,1,0,1,1,1,1,1,1,0,0,1,1,1,1
0,0,1,1,0,0,1,0,0,0,0,1,1,0,1,1,1,0,1,0,1,1,0,1,1,1,0,1,0,0,1,1,0,1,1,0,0,1,0,1,1,0,0,1,1,1,0,1,0,1,1,0,1,0,1,1,0,0,0,0,1,0,0,1,1,0,0,1,1,1,1,1,0,0,0,0,0,0,1,0,0,1,0,1,1,1,0,1,0,1,0,0,1,0,1,0,0,1,0,1,0
1,1,0,0,0,1,0,1,0,1,1,1,0,0,0,1,0,0,0,1,0,1,0,0,1,1,0,0,0,0,0,0,1,1,1,0,0,0,1,0,0,1,1,0,1,1,1,1,1,1,0,0,1,1,0,1,0,0,0,1,0,1,1,1,1,0,1,1,1,0,0,0,0,0,0,0,0,0,0,1,1,0,0,0,1,1,0,0,1,0,1,0,1,1,0,0,0,1,1,0,1
0,0,1,0,0,0,1,0,0,0,1,1,1,1,0,0,1,1,1,1,0,1,0,1,0,0,1,0,1,0,0,0,1,1,1,0,0,0,1,0,1,1,1,0,0,1,0,1,0,0,0,0,1,1,1,1,1,0,1,0,1,0,1,0,0,1,0,1,1,0,1,0,0,1,0,1,1,1,1,1,0,0,1,0,0,0,0,1,0,0,0,0,1,1,0,1,0,0,1,1,1
0,0,1,1,1,1,1,1,1,0,0,0,0,1,0,0,1,1,0,0,1,0,0,0,1,0,1,0,0,1,1,0,1,0,0,0,0,1,1,1,0,1,0,1,1,0,1,1,1,1,0,1,0,0,0,1,1,0,0,1,1,0,0,1,1,0,1,1,1,1,0,0,1,0,1,0,0,1,0,0,0,0,1,1,1,0,1,1,1,1,1,1,1,1,1,1,1,0,1,0,1
1,0,0,1,1,1,1,1,1,1,1,0,0,0,0,1,1,0,0,1,0,1,1,1,1,1,1,1,1,0,0,0,1,0,0,0,1,1,0,1,0,0,1,1,1,1,1,0,0,0,0,1,0,0,0,1,1,1,0,1,1,0,1,1,0,0,1,1,1,1,1,1,0,0,0,0,0,0,1,1,0,0,0,1,1,1,0,1,0,1,1,1,0,0,0,1,0,0,0,0,0
0,1,1,1,1,1,0,1,0,0,1,1,1,0,1,0,1,1,0,0,0,0,0,0,0,1,0,0,1,0,0,1,0,1,0,0,1,0,0,0,1,0,1,1,1,1,0,0,1,0,1,1,1,0,0,1,0,0,0,1,0,1,1,0,1,0,1,1,1,1,0,1,1,0,0,1,1,0,1,1,1,0,0,1,1,0,1,1,0,0,1,0,1,1,1,1,1,0,0,1,0
0,0,0,0,0,1,0,1,1,0,0,0,0,1,1,1,0,1,0,1,1,1,1,1,1,0,0,1,1,0,1,0,1,0,1,0,0,0,0,0,0,0,1,1,1,0,1,0,0,1,1,0,0,0,1,1,0,0,1,0,0,1,1,0,1,1,1,1,0,0,1,1,0,1,1,1,0,0,1,1,0,1,0,0,0,0,0,1,1,0,1,1,0,0,1,1,1,0,1,1,1
0,1,0,1,0,1,1,0,0,0,1,0,1,1,0,1,0,0,1,0,1,0,1,0,0,1,0,0,0,1,0,1,0,1,1,1,0,0,0,1,1,0,0,1,1,1,0,0,1,1,1,1,1,0,1,0,1,0,1,0,0,1,0,1,0,1,1,1,1,1,0,1,0,1,0,0,1,1,0,1,0,1,0,1,0,1,0,1,1,0,0,0,1,0,1,1,1,0,1,1,0
1,0,1,0,0,1,1,0,0,1,1,0,1,0,0,0,1,0,1,0,0,1,1,1,1,0,1,1,0,1,1,0,0,1,0,0,0,0,0,0,0,0,0,1,1,1,0,0,1,0,0,1,1,1,0,0,1,1,1,1,0,0,1,0,1,1,1,0,1,0,0,1,0,0,0,0,1,0,1,1,1,1,0,0,0,1,0,1,1,1,1,1,0,0,0,0,0,0,1,0,0
0,0,1,1,0,0,1,1,1,1,0,0,1,1,0,1,1,1,0,0,0,0,0,0,0,0,0,1,1,1,1,1,1,1,0,0,1,1,0,1,1,0,0,0,0,1,0,1,0,0,1,1,1,0,1,1,1,1,1,1,0,0,0,1,1,1,0,1,0,1,0,1,1,0,1,1,0,0,0,0,0,0,0,1,0,0,0,0,1,1,0,1,0,0,0,1,0,1,1,0,1
0,0,1,1,0,0,0,1,0,1,1,0,1,0,1,1,1,0,1,0,0,0,1,0,0,0,1,0,1,1,0,1,1,1,0,1,0,1,1,1,1,0,1,1,1,1,0,1,1,1,0,0,0,0,0,1,0,0,0,1,1,0,1,0,1,0,1,0,0,0,1,1,0,0,1,0,1,1,0,0,0,1,0,0,0,0,1,0,0,1,0,0,1,0,0,1,1,0,0,0,0
0,0,1,1,0,0,1,0,0,1,0,1,0,1,0,0,1,0,0,1,1,0,1,1,0,1,1,0,1,0,0,1,0,1,0,0,0,0,0,1,1,1,1,0,0,0,0,0,0,1,1,0,0,0,1,0,1,0,0,1,0,1,0,0,1,0,1,0,1,1,1,0,0,1,1,0,1,1,1,0,1,1,0,0,1,1,0,0,0,0,0,1,0,1,1,1,0,1,1,0,0
0,0,0,1,0,0,0,0,1,0,1,1,0,1,0,1,0,0,0,1,1,0,1,1,1,1,0,0,1,1,0,0,1,1,0,0,0,0,0,0,1,1,0,1,1,0,0,1,1,0,0,0,1,1,0,0,1,0,0,0,1,1,1,0,0,0,1,1,0,0,0,0,0,0,0,1,1,1,0,0,1,1,0,0,1,1,1,0,1,1,1,1,0,1,1,1,1,1,1,1,0
1,1,1,1,0,1,0,0,0,1,0,1,0,1,0,0,1,1,0,0,1,1,0,1,1,1,1,1,1,1,0,1,0,1,0,0,1,1,1,0,0,0,0,0,0,0,0,1,0,0,0,1,1,1,0,1,0,0,1,0,1,1,1,1,0,1,0,0,1,1,0,1,1,0,0,0,1,1,0,1,0,1,1,0,1,0,1,0,0,1,0,0,1,0,1,1,0,1,1,1,1
0,1,0,0,0,1,0,0,1,1,1,0,0,0,1,0,0,1,0,0,0,1,0,0,1,1,0,0,0,0,0,0,0,0,1,1,1,1,0,1,1,0,1,0,0,1,1,0,0,1,1,0,0,0,0,0,1,1,0,0,0,0,1,0,0,0,0,0,0,1,1,0,0,1,0,1,1,1,1,0,1,0,1,1,1,0,1,0,1,1,0,1,0,1,0,1,1,0,0,0,1
0,0,1,1,0,0,1,1,1,1,0,1,1,0,1,1,1,0,0,1,0,0,0,0,1,0,1,1,1,1,1,1,1,1,0,0,1,1,1,1,1,0,1,0,1,1,0,0,0,0,0,1,1,1,1,0,0,0,1,0,1,1,0,0,1,1,0,1,0,1,1,0,0,0,0,1,0,1,1,0,1,1,1,0,0,0,1,1,1,0,1,0,0,0,0,1,1,1,1,1,0
1,0,1,0,1,0,0,0,1,0,1,0,1,0,1,1,0,1,0,0,1,1,1,0,0,0,1,1,0,1,1,0,0,1,0,0,0,0,1,0,1,0,1,1,1,0,0,1,0,0,0,1,0,0,0,1,1,0,1,1,1,0,1,0,0,0,0,1,0,0,1,0,0,0,1,1,1,1,0,1,1,0,0,1,0,1,1,1,0,0,1,0,1,1,1,1,1,1,0,1,1
0,0,0,1,0,0,1,1,1,0,0,1,1,0,0,0,0,1,1,0,1,0,0,0,1,0,1,0,0,0,0,0,1,1,1,0,0,1,0,1,0,0,1,1,1,0,1,1,1,1,1,0,0,1,1,1,1,0,0,0,0,0,0,1,0,1,0,1,0,0,1,1,1,1,0,0,1,1,1,0,1,0,1,1,0,0,0,0,1,0,1,0,0,0,1,1,0,0,1,0,1
0,0,0,0,0,1,0,1,0,0,0,0,0,1,0,1,0,1,0,1,1,1,0,0,1,1,1,1,0,0,1,1,1,1,1,0,0,1,1,1,1,0,1,0,0,1,1,1,0,0,1,1,0,1,0,0,1,0,0,0,1,0,1,0,1,0,1,1,0,0,1,0,0,1,1,0,1,1,0,0,1,1,0,1,0,0,0,0,1,1,1,1,1,1,0,0,1,1,0,0,1
0,1,1,0,0,1,0,0,0,1,0,1,0,1,1,0,0,1,1,1,0,1,1,1,1,1,0,1,1,1,1,0,1,0,1,1,1,1,1,0,1,1,0,0,0,0,0,0,1,0,1,0,0,0,1,0,0,0,0,0,1,0,0,1,0,0,0,0,0,0,1,1,1,1,1,0,0,0,0,1,0,0,0,1,0,1,0,0,1,0,1,1,0,0,0,0,1,0,1,1,1
1,1,1,1,0,0,1,1,1,0,1,0,0,1,0,1,1,0,0,0,1,0,1,0,0,0,1,0,0,0,0,1,0,1,0,0,0,1,0,0,1,0,1,1,0,0,0,1,0,0,0,0,1,0,0,1,1,1,0,0,1,0,0,1,1,1,1,1,0,1,0,0,0,1,1,1,0,0,0,0,0,1,0,1,0,1,0,1,1,1,1,1,0,1,0,1,1,1,1,0,0
0,1,0,1,0,1,0,0,1,0,1,1,1,0,0,1,0,1,1,0,0,0,0,1,1,0,0,0,1,0,1,1,1,1,1,0,0,1,0,1,1,1,1,0,0,0,1,1,0,1,1,0,1,1,1,0,0,1,1,1,1,0,0,1,0,0,0,1,1,0,1,0,1,1,1,0,0,1,0,1,1,1,0,0,1,0,1,0,1,0,1,0,1,0,0,1,0,0,0,1,1
1,0,1,0,0,1,1,1,0,1,0,1,0,1,0,0,1,1,0,0,1,0,1,0,1,0,0,1,0,1,1,1,0,0,1,1,1,0,0,1,1,1,1,1,0,1,1,0,1,1,1,0,1,0,1,0,0,0,0,1,0,0,1,0,0,0,0,0,1,0,1,0,0,1,0,0,0,1,1,1,0,0,1,1,0,0,1,0,1,1,0,0,1,0,0,0,0,1,1,0,1
1,0,1,0,0,1,0,1,1,0,0,0,0,1,1,0,1,1,1,0,1,1,1,1,1,0,0,1,1,1,0,0,1,1,1,0,1,0,0,0,0,0,1,1,1,0,1,1,0,1,1,1,0,1,1,0,1,0,0,0,1,1,0,1,0,1,0,1,0,0,0,0,1,0,0,0,1,1,0,0,1,1,0,1,0,0,1,1,0,1,0,0,0,0,1,0,0,1,0,1,1
1,1,1,0,0,0,1,0,1,1,0,0,1,0,0,1,1,0,1,1,0,0,1,1,0,1,1,1,1,1,0,1,0,0,0,1,1,0,1,1,0,0,1,1,0,1,1,1,1,0,1,0,1,0,0,1,0,0,1,1,0,1,1,0,0,0,1,0,1,1,0,1,1,0,1,1,0,0,0,1,1,1,0,1,0,1,1,0,1,0,0,1,1,1,1,1,1,0,0,1,1
1,0,1,1,1,0,0,1,1,1,0,0,1,1,0,0,1,1,0,0,1,0,1,1,0,0,1,0,1,0,1,0,0,0,1,0,1,0,1,0,1,1,0,0,0,1,1,1,0,0,0,0,0,1,1,0,1,1,0,1,1,1,0,0,1,1,0,1,0,0,1,1,1,1,0,1,0,0,0,0,0,1,0,1,1,0,1,1,1,0,1,1,1,1,0,1,1,1,0,1,1
0,1,1,1,0,1,0,0,0,0,0,1,1,0,0,1,0,0,0,1,1,0,0,0,1,0,1,1,0,0,0,0,0,0,0,0,0,0,0,1,1,0,0,1,0,0,0,0,0,1,0,1,0,1,1,1,1,1,0,1,0,0,1,0,0,0,1,0,1,0,1,0,0,0,1,1,0,0,0,0,1,0,1,1,1,1,1,1,1,1,0,0,1,0,1,0,0,1,0,1,0
0,1,1,0,1,1,1,0,1,1,1,1,0,1,1,1,0,0,1,0,1,1,1,0,1,0,1,1,0,1,0,0,1,1,1,1,1,0,1,0,1,1,0,1,0,1,0,1,0,1,0,0,0,1,1,0,1,1,0,1,0,1,0,1,1,1,1,1,1,1,1,0,0,1,0,0,1,0,0,1,1,1,1,1,0,0,0,0,0,1,0,1,1,1,1,1,0,0,0,0,0
1,1,0,1,1,0,1,0,1,0,1,1,1,1,1,0,1,1,0,1,0,0,0,1,0,1,0,0,0,1,1,1,0,1,1,1,0,1,0,1,1,1,1,1,1,0,1,1,1,1,0,1,1,0,0,0,1,0,0,1,1,1,0,0,1,1,1,1,0,0,0,1,0,1,1,1,1,0,0,0,1,1,0,0,0,1,1,1,1,1,0,1,0,1,0,1,1,0,0,1,1
0,1,0,1,1,1,0,1,0,1,0,0,0,0,1,1,1,1,0,0,1,1,1,1,0,1,1,0,0,1,0,0,1,1,0,0,0,0,0,0,1,1,0,1,1,0,1,0,0,1,0,0,0,0,0,1,0,0,1,1,0,1,1,0,0,0,1,0,0,0,1,0,0,1,1,0,0,0,0,0,1,0,1,1,0,1,1,0,1,0,0,1,1,1,0,0,0,1,1,0,0
0,1,1,0,1,1,0,1,1,1,0,0,0,0,0,0,1,1,0,1,0,0,0,1,0,0,1,0,1,0,0,0,1,1,1,0,1,0,0,0,1,1,1,0,1,1,1,0,0,1,0,1,1,0,0,1,1,0,1,0,0,0,0,1,0,1,0,0,0,1,0,0,0,0,1,0,1,1,0,1,0,1,0,1,1,1,0,1,1,1,1,0,1,1,0,1,0,0,0,1,1
0,0,0,1,1,1,1,1,1,1,0,1,1,0,0,0,0,1,1,0,1,1,0,0,0,1,0,0,1,0,1,0,1,0,1,0,0,1,0,1,1,0,0,1,0,0,1,1,0,1,0,1,1,0,0,1,0,0,0,1,1,0,1,0,0,0,1,0,1,1,0,0,0,0,1,0,1,1,0,1,1,1,0,1,0,1,0,1,0,1,0,1,1,1,1,0,1,0,1,0,1
1,1,1,0,1,1,1,1,0,1,0,1,1,0,0,1,1,1,1,1,1,1,0,1,0,1,1,0,0,0,0,0,1,1,1,1,1,0,1,1,0,1,0,1,0,1,1,0,1,0,0,1,1,1,0,1,1,0,1,1,0,1,1,0,0,1,1,1,1,0,1,0,0,0,1,1,0,1,0,0,1,0,1,1,0,1,1,1,1,1,1,1,1,1,0,0,0,1,1,0,1
1,1,1,0,1,1,1,1,1,0,0,1,0,0,1,0,1,0,0,1,1,1,1,1,1,0,1,1,1,0,0,0,0,1,0,1,0,0,0,0,1,1,0,1,1,1,1,1,1,0,0,1,1,0,0,0,1,1,1,0,1,1,1,0,0,0,0,0,0,1,0,0,1,1,0,0,0,1,0,1,0,0,1,0,0,1,0,0,0,1,0,1,0,1,1,1,1,1,0,0,1
1,0,0,1,1,0,0,1,0,1,0,1,1,0,0,0,1,0,1,1,1,1,1,1,1,0,1,0,0,1,0,1,1,0,0,0,0,1,1,0,1,0,1,0,0,1,0,0,0,0,1,1,1,0,0,1,1,1,1,0,1,1,0,1,1,0,0,1,1,1,1,0,1,1,1,1,0,0,0,0,1,1,1,0,1,0,1,0,0,1,0,0,0,1,0,1,0,1,1,1,1
1,1,0,0,0,0,0,1,1,1,0,1,1,0,1,0,0,0,0,0,0,1,1,0,0,0,0,0,0,1,1,0,0,1,1,0,1,1,0,1,1,0,1,0,1,0,0,0,1,0,1,0,1,0,1,0,1,0,1,0,1,1,1,1,0,0,1,0,0,1,0,0,0,0,0,0,1,1,1,1,1,1,1,0,0,0,0,0,0,1,0,0,1,1,0,0,1,1,0,0,1
0,1,0,1,0,0,0,1,0,0,1,0,0,1,0,0,0,0,0,0,0,0,0,0,0,0,0,0,1,0,1,0,1,0,0,0,0,0,0,1,1,1,0,0,1,0,1,0,0,0,1,0,1,1,1,1,0,1,0,1,0,1,1,1,1,0,1,0,0,0,0,1,1,1,1,0,0,1,0,1,1,1,1,1,0,0,1,1,0,0,1,1,0,1,0,1,1,1,1,0,1
0,1,1,1,0,1,1,0,0,1,1,1,0,0,1,1,0,1,1,1,1,1,0,1,1,1,0,0,1,1,1,1,0,1,1,0,0,0,1,0,0,1,0,0,1,1,1,1,0,1,1,1,0,1,0,0,1,1,0,1,1,0,0,1,1,0,1,0,0,1,0,0,1,0,0,1,1,1,1,1,1,1,0,1,0,1,0,1,1,0,1,1,1,0,1,0,0,0,1,0,1
0,1,0,0,0,0,0,1,0,1,1,0,1,1,0,0,0,0,1,1,0,0,0,1,0,0,0,1,1,0,1,0,0,0,0,1,0,0,1,0,0,0,1,1,0,1,1,1,0,0,1,0,0,0,1,0,0,0,0,1,1,0,1,1,0,0,0,0,0,0,1,0,0,0,0,1,1,0,1,1,0,0,0,1,1,1,1,0,1,1,0,0,0,0,1,0,1,0,0,0,1
1,0,0,0,1,1,0,1,0,1,1,1,0,0,0,0,0,1,0,1,0,0,0,0,0,1,1,0,0,1,1,0,0,1,1,0,1,0,0,0,0,1,1,0,0,1,1,0,0,0,1,0,1,0,0,1,1,1,1,1,1,0,0,0,1,0,1,1,1,1,0,0,1,0,0,1,1,1,1,0,1,0,0,0,1,0,1,0,1,0,0,1,0,0,1,0,0,1,1,0,1
1,0,1,1,1,0,0,0,1,0,1,0,1,0,1,0,1,0,0,1,1,1,0,0,1,1,0,1,1,0,1,0,0,0,1,0,0,0,0,0,1,0,1,1,0,1,1,0,1,0,0,0,0,1,0,0,1,0,0,0,1,1,0,1,1,1,0,0,1,1,1,0,0,1,1,0,0,0,0,0,0,1,0,1,0,0,0,1,1,0,1,0,1,1,0,1,1,1,0,1,1
0,1,0,1,1,1,1,0,1,0,0,1,1,0,1,0,0,0,0,0,0,0,0,1,1,0,0,0,1,0,0,1,0,1,1,1,0,0,0,0,0,0,0,1,1,1,0,0,0,1,1,0,1,0,1,0,1,0,0,0,1,0,0,0,1,1,1,0,1,0,1,1,0,1,1,1,1,0,1,0,1,0,0,0,0,0,0,1,0,0,1,1,0,0,0,0,1,1,1,0,0
1,0,0,1,1,1,1,0,1,1,0,1,1,0,0,1,0,1,0,1,1,1,1,0,0,0,1,0,0,0,1,1,1,1,1,0,0,1,1,1,1,0,1,0,0,1,1,0,0,1,1,0,0,0,1,0,1,1,0,0,0,0,0,0,0,1,1,1,0,1,0,1,0,1,0,0,0,1,1,0,1,1,0,1,1,0,0,0,1,0,0,0,1,0,1,1,0,1,0,0,1
1,0,0,0,1,1,1,1,0,1,0,1,1,1,1,0,0,1,0,0,0,1,1,1,0,1,0,1,0,0,1,1,1,0,1,0,1,1,1,1,1,0,1,1,1,0,1,1,1,0,0,1,0,0,1,0,1,1,0,0,1,0,1,0,1,0,0,1,0,0,0,0,1,1,1,1,1,1,1,0,1,1,0,0,0,0,1,1,0,1,0,0,0,0,1,1,1,1,1,1,1
1,1,0,1,0,1,1,0,1,1,0,1,0,1,1,0,0,0,1,0,0,0,1,0,1,1,0,0,0,1,0,0,1,1,1,1,1,1,0,0,0,1,1,1,0,0,0,1,0,1,1,0,1,1,0,0,1,0,1,0,0,1,0,1,1,0,0,1,1,0,0,0,0,1,1,0,0,0,1,0,0,1,1,0,1,0,0,1,0,0,0,0,0,0,1,1,0,1,1,0,1
1,0,1,0,1,1,1,0,1,1,0,1,1,1,0,0,0,0,0,1,0,0,0,1,1,0,1,1,0,1,1,1,1,0,1,0,1,0,1,1,0,0,0,0,1,0,1,0,1,1,1,1,1,0,1,0,1,0,1,1,1,1,1,1,0,0,0,1,1,1,0,0,0,1,1,0,1,0,0,1,1,1,1,0,0,1,1,1,0,0,0,0,0,1,0,0,1,1,1,1,1
0,1,0,0,0,0,0,0,1,0,1,1,0,0,0,0,1,1,0,1,0,0,1,1,0,0,0,1,0,0,0,1,1,0,1,1,1,0,0,1,0,0,1,1,0,0,0,0,0,0,0,0,0,1,1,1,0,0,0,0,0,0,0,1,1,0,0,1,0,1,1,0,1,1,0,0,0,0,1,0,0,0,0,1,1,1,1,1,0,0,1,0,0,1,1,0,1,0,1,0,1
1,1,1,0,0,0,1,1,0,1,1,0,0,1,1,1,0,0,0,1,1,0,1,0,1,1,0,1,1,0,1,0,0,1,1,1,0,0,1,0,0,1,0,0,0,0,0,0,0,1,1,1,1,0,1,0,0,0,0,1,1,0,0,1,0,0,0,1,1,0,0,1,1,0,1,0,1,1,1,1,0,1,1,0,0,1,0,1,1,0,1,1,1,0,0,0,0,1,1,1,1
0,1,1,0,0,1,1,0,1,0,1,0,0,1,1,0,0,1,0,1,0,1,0,0,0,0,0,1,1,0,1,0,1,0,0,1,0,0,1,0,0,1,0,1,0,0,1,0,1,1,1,0,0,1,0,0,1,1,1,1,1,1,1,0,0,0,1,0,0,1,0,1,1,1,1,1,0,0,1,0,0,1,0,0,0,0,0,1,0,1,1,0,0,0,0,0,0,1,1,0,1
1,0,0,0,0,1,1,0,1,0,0,0,1,0,1,1,0,1,1,0,0,1,1,1,1,0,0,0,0,0,0,0,0,1,0,0,1,0,0,0,0,0,1,1,1,1,1,1,0,1,1,1,0,0,0,1,0,0,0,0,1,0,1,1,0,0,0,0,0,0,1,0,1,1,1,1,1,0,1,1,0,1,1,0,1,1,1,0,0,1,0,1,1,1,0,0,1,0,1,1,0
1,1,0,0,0,0,0,0,0,1,0,0,0,1,1,1,1,1,0,1,0,0,0,1,1,0,1,1,1,1,1,1,0,1,1,1,1,0,0,1,1,1,1,1,1,0,0,1,1,0,0,1,0,1,0,1,1,0,1,0,0,1,1,1,0,0,0,0,1,0,0,1,1,1,0,1,0,1,0,1,0,0,0,1,1,1,0,0,0,1,1,0,0,1,0,0,0,0,0,1,1
0,0,0,0,1,1,1,0,0,0,1,1,0,1,1,0,0,0,1,1,0,0,1,0,1,1,1,1,0,1,0,1,1,0,1,0,0,0,1,0,0,0,1,1,1,1,0,1,1,0,1,1,0,1,0,1,0,1,1,1,0,1,0,0,0,0,0,1,1,1,0,1,1,1,0,0,0,1,0,1,0,0,1,0,1,0,1,1,0,1,1,1,1,0,0,1,1,0,0,1,1
1,0,0,0,1,1,0,0,0,1,0,1,1,0,1,1,0,1,0,0,1,0,1,1,0,0,1,0,1,1,0,0,0,1,0,0,1,1,1,0,1,1,1,1,0,1,0,1,0,0,1,0,1,1,0,0,0,0,0,1,1,0,1,1,0,0,0,0,0,0,0,0,1,1,0,1,0,1,0,0,0,0,1,0,1,1,0,1,0,0,0,1,0,0,1,1,1,1,0,0,0
1,0,0,0,0,0,1,0,0,0,1,1,0,0,1,0,0,1,1,0,0,1,0,0,1,1,1,1,0,1,0,0,1,0,0,0,0,0,0,1,0,1,1,1,1,1,1,1,0,1,0,1,1,1,0,0,1,1,1,1,0,1,0,1,1,1,1,1,0,1,1,0,0,1,0,0,0,1,0,0,0,0,0,1,1,1,0,0,0,1,0,1,0,1,1,0,0,0,0,0,0
0,0,1,0,0,1,1,0,1,0,1,1,1,0,0,0,1,0,1,0,0,1,1,1,0,0,1,0,0,1,1,1,0,1,0,1,1,0,0,1,1,1,0,1,0,0,0,1,0,1,1,0,0,1,0,0,0,0,0,0,0,1,0,1,0,0,1,0,0,1,1,0,0,0,1,1,1,1,1,0,0,0,1,1,0,0,0,0,1,0,1,0,1,1,0,0,1,0,1,0,0
0,1,0,0,0,1,0,0,0,0,1,1,0,1,0,1,1,1,0,0,1,0,1,1,0,1,1,1,0,1,1,0,1,0,1,0,0,0,1,0,1,1,0,0,0,0,0,0,1,1,1,0,0,0,0,1,0,1,0,1,0,0,1,0,1,1,0,1,1,0,0,0,0,0,1,1,0,0,0,0,1,0,0,0,1,0,1,1,1,0,1,0,1,0,1,1,0,1,0,0,1
0,1,1,1,0,0,0,0,0,1,0,1,0,0,1,0,0,0,1,0,0,0,1,1,1,0,0,1,0,0,1,1,1,1,0,0,1,0,0,0,1,1,0,0,1,0,0,1,0,0,1,0,1,0,1,1,1,1,1,0,0,0,1,1,1,0,0,0,0,0,1,0,1,1,0,0,1,0,0,1,0,0,1,1,1,0,0,0,1,1,0,0,1,0,0,0,1,1,1,1,0
0,1,1,0,0,0,0,0,1,1,1,1,0,1,0,1,0,0,1,1,0,0,1,0,0,1,1,1,1,1,1,0,0,0,1,1,1,1,0,0,1,1,1,0,1,0,1,1,1,0,0,0,0,0,1,1,0,1,0,0,1,0,0,1,0,1,0,0,0,0,0,0,0,1,0,0,1,0,0,0,1,1,0,0,0,0,0,1,1,1,0,0,1,1,0,1,0,1,0,1,1
0,0,0,1,1,1,0,1,1,0,1,0,1,0,0,0,1,1,0,1,1,0,1,0,0,1,1,1,1,1,0,1,1,0,0,1,1,1,1,0,0,1,0,0,0,0,1,0,1,1,0,0,0,0,0,0,0,1,1,0,1,1,1,1,0,0,0,0,0,1,1,0,0,1,0,1,0,0,1,0,0,0,0,0,1,0,0,1,1,1,1,1,0,1,1,0,1,0,1,1,1
0,1,0,0,0,0,1,0,0,0,0,1,0,0,0,0,1,0,1,0,1,1,1,0,0,1,1,0,0,1,1,1,0,1,1,1,0,1,1,1,1,1,1,1,1,1,0,1,0,1,0,1,0,1,0,0,1,0,1,0,1,0,1,0,1,1,1,1,0,0,1,0,1,1,1,0,0,0,1,0,0,1,1,0,1,1,0,0,1,0,1,0,1,1,0,0,1,1,0,1,1
0,1,1,0,1,0,1,0,1,1,1,0,1,0,0,1,1,1,1,1,0,1,1,1,0,1,0,1,0,1,1,1,1,1,0,1,1,1,1,0,1,0,0,1,1,0,1,1,0,1,1,0,0,0,1,1,1,0,0,0,0,1,1,0,1,0,0,1,0,1,1,0,1,0,1,1,0,1,1,1,1,1,0,0,1,1,0,1,0,1,1,1,1,1,0,1,1,1,1,1,1
1,0,0,0,0,0,1,1,0,0,0,1,1,0,1,1,1,0,1,0,1,1,0,1,1,0,0,1,0,1,0,1,0,0,1,1,1,0,0,1,0,1,1,1,0,0,0,1,0,1,1,0,0,0,1,0,1,0,1,0,0,1,0,0,1,0,1,0,1,0,1,1,0,1,0,0,1,0,0,1,0,0,0,0,0,0,0,0,0,0,0,1,0,1,0,1,0,1,1,0,0
1,1,1,1,0,0,1,1,0,1,1,1,0,1,0,0,0,1,0,0,0,1,0,0,1,1,0,1,1,1,1,1,1,1,1,0,0,0,0,0,1,0,0,0,0,1,1,0,1,0,1,1,1,0,0,1,1,1,1,0,0,0,1,0,1,1,1,0,0,1,0,0,1,1,0,0,0,0,0,1,0,0,0,1,1,1,1,0,1,1,0,1,0,1,0,0,1,1,0,1,1
1,1,1,0,0,0,0,0,1,1,0,1,1,1,0,1,0,0,1,0,0,1,0,1,1,1,1,0,0,1,1,0,0,0,0,0,0,0,1,1,0,0,1,1,0,0,0,0,0,1,0,1,1,0,0,1,0,1,0,0,1,1,0,0,1,0,1,1,1,0,1,0,1,0,0,0,0,0,0,1,0,1,1,0,0,0,0,1,1,0,1,0,0,1,0,0,0,1,0,0,1
1,1,0,1,0,1,1,1,0,0,0,1,0,1,0,0,1,0,0,1,1,1,1,0,0,0,0,1,1,0,0,1,1,0,1,1,1,0,0,0,0,0,0,1,0,1,0,1,0,1,1,0,1,0,0,1,0,1,1,0,1,1,1,0,0,1,1,0,0,1,0,1,0,1,1,0,1,0,1,0,0,0,1,0,0,0,0,1,0,1,0,0,0,0,0,1,1,1,1,0,0
1,1,0,0,0,1,0,0,0,1,1,0,0,1,0,1,1,1,1,1,1,1,0,0,0,0,0,0,1,0,0,0,1,0,0,0,1,1,0,0,1,0,0,1,0,0,0,0,1,0,1,1,0,1,1,1,1,0,1,0,0,1,0,0,1,0,1,0,1,1,0,0,0,0,0,0,0,0,0,1,0,1,1,1,0,0,0,0,1,0,1,0,1,1,0,1,0,1,1,0,0
0,0,0,0,1,1,1,1,1,1,0,1,0,1,1,0,1,1,1,1,0,1,1,1,1,1,0,1,0,0,0,1,1,0,1,1,1,0,0,1,1,1,1,1,0,1,0,1,1,1,1,1,1,0,1,0,0,0,0,0,1,1,0,1,0,1,1,0,0,0,0,1,0,1,1,0,0,0,0,0,1,1,0,0,0,0,0,1,0,1,0,1,0,1,1,1,1,1,0,1,1
1,0,1,1,0,0,0,1,0,0,1,0,0,0,1,1,1,1,0,0,0,0,1,0,1,1,1,0,0,0,1,0,1,0,0,1,0,1,1,0,0,0,0,0,1,0,0,1,0,1,0,0,0,0,1,1,1,1,1,1,0,1,0,1,0,1,1,1,0,1,1,0,0,1,0,1,1,0,1,1,0,0,0,1,0,1,0,0,0,0,1,1,1,1,0,1,0,1,0,1,1
1,0,0,0,1,1,0,0,0,0,1,1,1,0,1,0,0,0,1,0,0,1,1,0,1,1,1,0,1,1,1,1,0,1,0,1,0,1,1,1,1,0,0,1,1,0,1,1,0,0,1,0,0,1,0,0,0,1,1,1,0,0,1,0,0,0,0,1,0,1,0,1,0,0,0,0,1,1,0,0,0,1,0,0,0,0,0,1,1,1,1,0,0,1,1,0,1,0,1,1,1
0,0,0,1,1,1,0,0,0,1,0,0,1,1,0,0,1,0,1,0,0,0,1,1,0,1,0,1,1,1,1,1,0,1,1,0,1,0,1,1,1,0,0,1,1,1,0,1,0,0,1,0,0,1,1,1,1,0,0,1,1,0,1,0,1,0,1,1,0,1,1,1,0,1,1,1,1,1,1,1,0,1,1,1,1,1,1,1,0,1,1,1,0,0,0,0,0,1,0,1,1
0,1,0,1,1,0,0,1,1,0,1,0,0,1,0,0,0,1,0,1,0,1,1,1,0,1,0,0,0,0,0,0,0,0,0,1,0,1,1,1,1,1,0,0,1,1,1,0,0,0,0,0,1,1,0,1,1,0,1,1,1,1,1,1,0,0,1,0,0,1,0,1,1,0,1,1,1,1,1,1,0,1,1,1,1,0,0,0,1,1,0,1,1,1,1,1,0,0,0,0,1
0,0,0,0,1,0,0,1,1,1,1,0,1,0,0,0,0,0,0,0,1,0,1,0,1,0,0,0,1,1,0,0,1,1,1,0,0,1,0,0,1,1,0,0,1,0,1,0,1,1,1,0,1,1,0,1,1,1,0,0,0,1,1,0,0,1,1,1,1,1,0,0,1,1,1,0,1,0,0,0,1,1,0,0,1,1,0,1,0,1,1,1,0,1,1,0,0,1,0,0,1
0,0,1,1,1,1,0,1,0,0,0,1,1,1,0,1,0,0,1,0,0,0,0,1,1,1,0,1,1,0,1,1,1,1,0,1,0,0,1,0,1,1,1,0,1,1,1,1,1,1,1,0,1,0,1,0,0,0,1,0,1,0,0,1,0,1,0,1,0,0,0,0,1,0,1,1,0,1,0,0,1,0,0,0,0,0,0,0,1,0,0,1,0,0,1,0,1,0,0,1,1
0,1,1,0,0,1,0,0,1,1,1,0,1,0,0,1,0,0,1,0,0,1,0,0,0,0,0,1,1,0,1,1,1,0,0,1,0,0,1,1,0,0,0,1,0,1,0,0,0,1,1,1,0,0,1,1,1,1,1,1,0,1,0,0,0,0,1,0,0,0,0,1,0,1,0,0,1,0,1,0,0,1,1,1,0,0,0,0,0,1,1,0,1,1,1,1,1,0,0,1,0
1,0,0,0,0,1,1,0,0,1,0,1,1,0,0,1,0,1,1,0,0,1,1,0,0,1,1,0,0,1,0,0,0,0,0,1,1,1,1,1,1,0,0,0,1,0,1,1,0,1,1,1,0,0,0,0,1,0,0,1,1,0,0,0,0,1,0,1,0,1,0,0,0,0,1,1,1,1,1,1,0,1,0,0,1,0,0,0,0,1,0,1,1,1,0,1,0,0,1,1,1
0,0,1,0,0,1,0,0,0,1,1,1,1,1,0,1,0,0,0,1,1,0,0,1,0,1,1,0,0,0,0,1,1,0,0,0,0,1,1,1,1,1,0,1,0,0,0,0,1,0,1,0,0,1,1,1,1,1,0,0,1,1,1,1,0,1,0,1,1,1,0,1,1,0,1,1,1,0,1,0,1,0,1,1,1,1,1,1,1,1,0,1,1,1,1,0,1,0,1,1,1
0,1,0,0,0,1,1,0,0,1,0,1,0,1,0,0,1,0,1,1,1,1,0,0,0,1,0,1,0,1,1,1,1,1,0,0,1,0,1,1,0,0,0,1,0,0,0,0,1,1,1,1,1,1,0,0,0,1,1,1,1,0,0,0,1,1,0,0,1,0,1,0,1,1,0,1,0,1,0,1,1,0,1,1,1,1,1,0,1,0,1,1,0,0,0,0,1,1,0,1,0
1,1,0,0,1,1,0,0,0,1,0,1,0,1,1,1,0,0,1,0,1,1,1,0,0,1,1,1,1,0,0,1,0,0,1,0,0,0,0,1,1,0,0,1,1,1,0,0,0,0,1,0,0,0,1,1,0,1,1,0,1,1,1,0,0,0,1,0,0,0,1,1,1,0,1,0,0,0,0,0,1,1,1,1,0,1,0,1,1,1,0,1,0,0,1,1,0,1,0,1,0
0,1,0,0,0,0,0,0,0,1,1,0,0,1,0,1,0,0,1,1,0,0,0,0,0,0,1,0,0,0,1,1,0,1,1,1,1,0,1,1,1,0,0,1,1,1,1,1,0,1,1,0,1,1,0,1,0,1,0,1,0,0,0,1,1,0,1,1,1,1,1,0,1,1,0,1,0,1,1,0,0,0,0,0,0,0,0,1,1,1,1,0,0,1,0,1,0,0,1,0,1
1,0,0,1,0,0,1,1,1,1,1,1,0,0,1,1,0,1,1,1,1,1,1,1,1,1,1,0,0,0,1,1,1,0,0,1,0,1,0,0,1,0,0,1,0,1,1,1,1,0,1,0,0,1,1,1,0,0,1,0,0,1,1,1,1,1,0,1,0,1,1,1,0,1,0,0,0,1,1,0,0,1,1,0,1,1,0,0,1,0,0,0,1,1,0,1,0,0,1,1,1
1,1,0,0,0,1,1,0,1,0,1,0,1,0,1,0,1,1,1,1,0,0,1,1,0,1,1,1,0,0,1,1,1,1,1,1,1,0,0,0,0,1,0,1,0,1,1,0,0,0,0,1,1,0,1,0,1,0,0,0,0,0,0,1,0,0,0,1,0,1,0,0,1,1,1,0,1,1,1,0,1,0,0,0,0,0,1,1,0,1,0,0,0,0,0,1,1,0,1,1,0
0,0,0,0,0,1,0,0,0,0,1,0,1,0,1,0,0,0,0,1,0,1,0,1,1,0,1,1,1,1,1,0,1,0,1,1,0,1,1,0,1,0,1,0,0,1,1,0,1,1,1,1,1,1,0,1,1,1,1,1,1,1,1,1,0,0,0,0,1,0,0,0,0,1,0,1,0,1,0,1,1,0,1,0,0,0,1,1,1,1,0,1,0,0,0,0,0,1,1,0,1
0,1,1,1,1,1,1,0,0,0,0,1,1,0,1,1,1,0,0,1,1,1,0,0,0,0,0,1,0,0,1,1,0,0,0,1,1,0,1,0,1,0,1,1,1,1,0,1,1,1,1,0,1,0,0,0,1,1,0,0,0,0,0,0,1,1,1,1,1,1,1,1,1,1,1,1,1,1,0,1,1,1,1,1,1,0,0,0,0,1,0,1,0,0,1,0,1,0,1,0,0
1,0,1,0,1,0,1,1,1,1,1,1,1,1,0,0,0,0,0,1,1,0,1,0,0,0,0,0,1,1,0,1,1,0,1,0,1,1,1,0,1,1,0,0,0,0,1,0,1,1,1,1,0,0,0,1,0,0,0,0,1,0,0,1,0,1,0,1,0,0,1,1,0,1,0,0,1,0,1,0,0,1,0,1,0,1,1,1,0,0,0,0,1,0,0,1,1,0,1,1,1
1,1,1,0,1,1,0,0,1,1,0,1,0,0,1,0,1,0,0,0,0,0,0,1,0,0,1,1,0,0,0,0,0,1,1,1,1,0,1,0,1,0,1,0,1,0,1,1,0,0,1,0,1,0,1,0,0,0,1,1,0,1,0,0,1,1,0,1,0,1,0,0,1,0,0,1,0,0,1,0,1,0,1,0,1,0,1,0,1,1,0,0,1,1,1,1,0,0,0,0,1
0,1,1,0,1,1,1,1,0,0,0,1,0,0,1,1,0,0,0,1,0,1,1,0,0,0,1,0,1,1,1,1,1,1,0,0,1,0,1,1,1,0,0,0,0,0,0,1,1,0,0,1,0,1,1,0,1,0,0,0,0,1,1,0,0,1,0,0,0,1,1,0,0,1,0,1,0,1,0,0,0,0,0,1,0,0,0,0,0,0,1,0,1,0,0,0,0,1,0,0,1
1,1,0,0,1,0,1,1,0,0,0,1,0,1,1,0,1,0,1,0,1,1,0,1,1,0,1,0,1,1,1,1,1,1,0,0,0,1,0,1,1,0,1,0,1,1,0,1,1,1,1,0,0,0,1,0,1,1,1,1,1,0,0,1,0,0,0,1,1,1,0,1,1,1,0,0,0,0,0,0,0,1,0,0,1,0,0,0,1,0,1,1,0,1,1,0,0,1,1,1,1
0,0,0,0,1,1,1,1,0,0,0,1,1,1,1,1,0,1,1,0,1,0,0,0,1,0,0,1,1,0,0,1,1,1,0,1,1,0,0,0,1,1,1,1,1,1,0,0,0,0,0,0,1,0,0,1,1,0,1,1,0,0,1,0,1,1,0,0,1,0,1,0,0,0,1,0,0,1,0,1,1,1,0,1,0,1,0,1,1,1,0,0,1,1,0,0,1,1,1,0,0
1,1,0,0,0,0,1,0,1,0,1,1,0,1,1,0,1,0,0,1,0,1,1,1,0,1,0,1,0,0,0,1,0,1,0,0,0,1,1,0,1,0,1,0,1,1,0,1,0,1,0,0,0,1,1,1,0,0,1,0,0,1,1,1,0,0,1,0,0,0,0,1,1,1,0,0,1,0,0,0,0,0,0,0,1,0,0,1,0,0,0,0,1,1,0,0,1,0,1,1,0
1,0,0,0,1,0,0,0,0,1,1,0,1,0,1,0,0,0,0,1,1,1,1,1,0,0,1,0,1,1,0,1,0,1,1,0,1,1,0,0,1,0,1,1,0,0,0,1,0,0,0,0,1,1,0,0,1,1,0,1,1,0,0,0,0,1,1,0,0,1,0,1,1,0,1,1,1,1,0,0,1,0,0,0,0,1,1,1,1,1,0,0,1,0,0,0,1,1,1,0,1
1,1,1,1,0,1,0,1,0,1,1,0,1,1,1,0,1,0,0,1,1,1,1,1,1,0,0,0,1,0,1,1,1,1,1,1,0,0,1,0,1,1,0,1,1,1,0,1,1,1,0,0,0,1,1,0,1,1,0,1,0,0,1,0,0,1,0,0,1,0,0,0,0,0,0,1,1,1,0,1,0,0,1,0,1,1,1,1,1,0,1,1,1,0,0,1,1,1,0,1,1
1,0,0,1,0,1,0,1,1,1,1,1,1,1,0,0,0,0,0,1,0,0,1,1,0,0,1,0,0,0,0,0,1,1,0,1,1,1,1,0,0,0,1,0,0,1,0,1,1,0,0,1,1,1,0,1,1,1,0,0,0,0,0,0,1,1,1,0,0,1,0,1,1,1,0,1,0,1,0,0,1,1,1,0,1,0,1,0,0,1,1,1,0,0,1,0,0,0,1,0,1
1,0,0,0,0,0,1,1,1,1,0,1,0,1,1,1,0,0,0,0,0,0,0,1,1,1,0,1,1,1,0,1,0,0,0,0,0,0,0,0,1,1,0,1,0,1,0,0,1,1,1,1,1,1,0,1,0,0,0,0,0,1,0,0,0,1,1,1,1,1,0,0,0,0,1,0,0,0,0,0,0,1,0,0,1,1,0,1,1,0,0,0,0,0,0,1,1,0,0,0,0
0,1,1,0,1,1,0,0,1,1,0,1,1,1,1,1,1,1,1,0,1,0,1,0,0,1,0,0,1,0,1,0,1,0,0,1,0,0,0,1,0,0,1,0,0,1,0,1,0,1,0,0,0,1,0,0,0,1,1,0,0,1,0,0,1,1,1,1,1,0,1,0,0,1,1,0,1,0,0,0,0,1,1,1,1,0,1,1,0,0,1,1,1,1,1,1,0,0,0,0,1
0,0,0,1,0,1,0,1,1,0,1,0,1,1,1,1,1,0,1,0,0,1,0,0,1,1,0,1,0,1,0,1,1,1,0,1,1,1,1,0,1,0,0,1,0,0,0,0,1,1,1,1,1,0,0,1,1,1,0,1,0,0,0,1,1,1,0,1,0,1,1,0,1,0,1,1,1,0,1,1,1,1,1,1,0,0,0,1,0,0,1,1,1,1,0,0,1,1,1,1,0
1,1,0,1,0,0,1,1,1,1,1,0,1,1,0,1,0,1,0,1,0,0,1,1,1,1,1,1,0,1,1,1,0,1,1,1,1,1,1,0,1,1,1,0,1,1,1,1,1,1,1,1,0,1,1,1,1,0,1,0,1,1,1,0,1,1,1,0,0,0,1,0,0,1,0,1,1,0,0,0,0,0,0,0,1,0,0,1,1,0,0,0,0,1,0,0,1,1,1,0,1
1,0,1,0,1,0,0,0,0,0,0,0,0,1,1,1,0,0,1,1,1,0,1,0,0,0,1,0,0,1,1,1,1,0,1,1,0,0,1,0,0,0,1,0,0,1,1,0,1,1,1,0,1,0,0,1,1,1,0,0,0,0,0,0,1,0,1,0,1,1,1,1,0,1,0,1,0,1,1,1,1,1,0,0,0,0,1,1,1,1,0,1,1,0,0,1,1,1,1,1,1
1,0,0,1,0,1,1,0,1,1,0,0,0,1,0,1,0,0,1,1,0,0,1,1,1,1,0,0,1,0,1,0,1,1,1,0,1,1,0,1,0,1,1,0,0,0,1,1,0,0,1,0,0,1,0,1,1,1,1,0,0,0,1,1,0,1,0,0,1,0,1,1,0,0,0,0,0,1,1,1,0,0,1,0,1,1,1,1,1,0,1,0,0,0,0,1,1,1,1,1,1
1,1,1,0,1,1,0,0,1,1,1,1,0,1,1,0,0,0,1,1,0,1,0,0,0,1,1,0,1,1,0,1,0,0,0,1,0,1,0,0,0,0,0,0,1,1,0,1,1,1,1,0,1,1,0,0,0,0,1,0,1,1,1,1,1,0,0,0,1,1,0,0,0,1,1,0,0,0,1,1,1,1,1,0,1,0,0,0,0,0,0,1,1,0,0,0,0,0,1,1,1
0,0,1,0,0,0,0,1,1,0,0,0,0,1,1,0,0,1,1,1,1,0,1,1,0,0,1,1,1,1,1,0,0,1,1,0,1,0,1,1,1,1,0,0,1,0,0,1,0,1,1,0,1,0,0,0,1,0,0,1,1,0,0,1,0,0,1,0,0,1,0,0,0,1,0,0,1,1,0,0,1,0,0,0,0,1,0,1,0,0,1,1,1,1,0,0,1,0,0,0,1
1,1,1,0,0,0,0,0,1,0,0,1,1,0,0,0,1,1,0,0,1,1,1,1,1,0,0,0,0,1,0,1,0,1,1,0,0,1,1,1,0,1,0,1,1,0,1,0,1,1,0,1,1,1,0,1,0,0,1,0,1,1,0,0,1,0,0,0,1,0,1,1,1,1,1,0,1,1,0,0,1,0,1,0,1,1,1,0,0,0,1,0,0,1,0,0,1,0,1,0,1
0,0,0,0,0,1,1,0,0,0,0,0,1,1,0,0,1,0,1,0,0,1,1,0,1,0,1,0,1,1,1,1,0,1,1,0,1,0,1,1,0,0,0,0,0,1,1,1,0,1,1,0,1,0,1,0,1,0,1,1,0,0,1,1,0,1,0,0,1,0,0,0,0,1,0,1,1,0,0,0,0,0,0,0,1,0,0,0,1,1,1,0,1,1,1,1,0,1,1,1,1
1,0,1,0,1,1,1,1,0,1,1,0,0,1,0,0,0,0,1,0,1,1,1,1,0,1,0,0,1,0,0,0,0,1,1,1,0,0,0,0,0,0,0,1,0,1,1,1,1,0,1,1,1,0,1,1,0,1,0,1,0,0,1,0,1,1,0,0,0,0,1,0,1,0,1,0,1,1,0,1,1,1,0,0,1,0,0,0,1,0,1,0,1,0,0,1,0,0,1,0,1
1,1,1,0,1,1,0,1,1,0,1,1,1,0,1,1,0,0,0,0,0,1,1,0,0,1,1,1,0,0,0,1,0,1,1,0,0,1,0,0,1,1,0,1,0,0,0,0,0,0,0,0,0,0,0,1,0,1,0,0,1,1,1,0,1,1,0,0,0,1,0,0,0,1,1,0,1,0,1,0,1,1,0,1,1,1,0,0,0,1,0,1,0,0,1,0,0,0,1,0,1
1,0,1,1,0,1,0,0,1,0,1,1,0,1,1,1,1,0,1,1,0,0,1,0,0,1,0,1,1,0,1,1,0,1,1,0,0,0,1,0,1,1,1,1,0,0,1,1,1,1,1,0,0,0,0,1,1,1,0,0,0,0,1,1,1,1,0,1,0,1,1,0,0,0,1,0,0,1,1,0,1,0,0,1,1,0,0,1,0,0,1,0,0,1,0,1,0,1,1,0,1
1,0,0,1,1,1,0,0,1,0,0,0,0,1,1,0,0,1,1,0,0,1,0,0,0,0,0,1,0,0,1,1,0,0,1,0,1,1,1,0,0,1,1,1,0,1,0,1,1,0,0,0,0,1,1,0,1,1,0,1,1,0,1,0,0,0,0,1,0,0,1,1,0,1,1,1,0,1,1,0,1,0,0,0,0,0,1,1,1,0,1,1,0,1,0,1,1,0,0,0,0
1,0,0,1,0,1,1,0,1,0,0,0,1,0,0,0,0,1,0,1,0,0,0,0,0,0,1,0,1,0,1,0,1,0,1,1,0,0,0,1,0,1,0,0,1,0,0,1,0,0,1,0,0,0,0,1,1,0,0,0,0,0,1,0,1,0,0,1,0,1,0,1,0,1,0,1,0,1,0,1,1,0,0,0,0,0,1,1,0,1,1,1,1,0,0,1,1,0,0,1,1
0,0,0,1,1,0,0,0,1,0,1,0,1,0,1,1,1,0,0,1,1,1,1,1,0,0,0,1,1,0,1,1,1,1,0,0,0,0,0,1,0,0,1,1,1,0,0,0,1,1,1,0,1,0,0,1,1,1,1,0,1,0,0,0,1,1,0,0,1,1,0,0,0,1,1,0,0,0,1,1,0,1,1,0,0,1,0,0,0,1,0,1,1,0,1,1,1,1,1,0,0
1,1,0,0,1,0,0,0,0,0,1,1,1,0,1,1,1,1,0,1,1,1,1,1,0,1,1,0,1,0,0,0,1,0,0,1,1,0,1,1,0,1,0,1,1,1,1,0,0,0,1,1,0,0,1,0,0,1,1,1,0,1,0,1,1,1,0,1,1,0,1,1,0,1,0,0,1,1,1,0,1,0,0,1,0,0,1,1,0,1,1,0,1,0,0,0,0,0,1,1,0
1,1,1,1,0,0,1,0,0,0,1,0,1,1,0,1,1,0,0,1,1,0,0,1,0,1,0,0,0,1,0,0,0,1,1,0,0,1,0,1,0,1,1,1,0,1,1,1,1,1,1,0,1,0,0,1,0,1,0,0,0,0,0,0,1,0,1,0,1,1,0,1,0,0,1,0,1,0,0,0,1,1,1,1,0,0,1,1,1,1,0,0,0,0,0,1,1,1,0,0,1
0,1,0,0,0,1,1,0,0,1,0,0,1,0,1,0,1,0,1,1,0,1,1,1,0,0,1,1,1,0,1,1,0,0,0,1,1,0,1,1,0,1,0,1,0,0,0,0,0,0,0,1,1,0,1,0,0,0,1,1,1,1,1,0,0,0,1,1,1,0,0,0,0,1,1,1,0,0,0,1,1,0,1,1,0,1,1,1,1,0,1,1,0,1,1,1,1,1,0,1,0
1,1,1,0,0,1,1,1,1,1,0,1,1,0,1,0,0,0,0,1,0,1,1,1,0,1,0,1,0,0,1,1,0,1,1,0,0,1,0,1,1,1,0,0,1,0,1,1,1,0,0,0,0,1,1,0,0,1,0,0,0,0,0,1,0,0,0,0,1,1,0,1,0,0,1,1,0,0,1,1,0,0,0,0,1,0,1,0,0,1,0,0,1,1,1,1,0,0,1,0,1
0,0,0,1,1,1,0,1,1,1,0,0,0,1,1,0,1,0,1,0,1,0,1,0,1,0,1,1,0,0,1,1,1,0,0,0,0,0,0,1,1,1,1,0,0,0,0,0,0,0,0,0,0,1,0,0,1,0,0,1,1,0,0,0,1,0,1,0,0,0,1,1,0,1,0,0,1,1,1,0,1,1,1,1,1,1,0,1,0,1,0,1,1,0,1,0,0,1,0,1,0
1,0,1,0,0,0,0,0,1,1,0,1,0,1,0,0,1,1,0,1,1,1,0,0,1,0,0,0,1,0,0,1,0,0,0,1,0,1,1,1,1,1,1,0,1,0,1,0,0,0,0,0,1,1,0,0,1,1,1,1,0,0,0,1,0,1,0,1,1,1,0,1,0,0,1,1,1,1,1,1,0,1,0,0,1,1,0,1,1,1,1,0,1,0,1,1,0,0,1,0,1
1,1,1,0,0,1,1,1,0,1,0,0,1,1,1,0,1,0,0,1,1,1,1,1,0,0,0,1,0,0,1,1,1,1,1,0,1,0,1,0,1,1,1,0,0,1,0,1,0,1,0,0,0,1,1,0,1,0,1,0,1,0,0,0,0,1,0,0,0,0,1,1,0,0,0,0,0,1,0,1,0,1,0,1,1,1,0,0,0,1,1,0,1,0,1,1,0,0,1,1,1
1,0,1,0,0,1,0,0,0,0,1,1,0,1,0,1,1,1,0,0,1,0,1,1,0,1,1,0,1,1,0,1,1,1,1,1,0,0,1,1,1,1,1,0,1,1,1,1,0,1,0,1,0,1,1,1,1,0,0,1,1,1,1,0,1,0,0,1,1,0,0,0,1,1,0,1,1,1,0,1,1,0,1,0,1,1,1,1,1,0,1,0,1,0,1,0,1,1,1,1,1
1,1,0,0,0,0,1,0,0,1,1,0,1,1,0,0,0,1,1,1,1,1,0,0,1,1,1,1,1,0,1,0,0,1,1,1,0,0,0,0,0,1,0,1,0,1,0,0,0,0,0,0,0,0,0,0,1,0,0,0,1,0,1,0,0,0,1,1,1,0,1,0,0,0,0,1,0,0,0,0,0,1,0,0,1,0,1,0,1,1,1,0,0,1,0,1,0,1,0,1,1
0,1,1,1,1,0,0,0,1,0,1,0,0,0,0,0,0,1,0,1,1,1,0,1,1,1,1,0,0,1,1,0,1,1,0,0,0,1,1,1,1,0,0,1,0,0,1,0,0,0,1,1,1,0,0,1,0,0,0,0,0,1,1,1,1,1,1,1,1,1,1,1,0,1,1,1,0,1,0,0,1,1,1,0,1,1,1,0,0,1,1,1,1,0,1,1,1,1,1,0,1
1,0,1,1,1,0,0,1,0,0,1,0,1,0,1,1,1,1,1,0,1,0,1,1,0,0,1,0,0,1,0,0,1,0,1,1,1,1,1,1,1,1,0,1,0,1,0,1,1,1,1,1,1,0,1,0,1,0,1,0,0,1,0,0,1,1,1,1,0,0,0,1,0,0,1,1,1,0,1,1,0,1,1,1,0,0,1,0,1,1,1,0,1,0,1,1,0,0,1,0,1
0,0,0,0,0,1,0,0,1,1,1,1,1,0,0,1,0,1,1,1,0,0,0,1,0,0,1,1,0,0,0,0,1,0,1,0,0,0,1,0,0,0,1,1,0,1,0,1,0,1,0,0,1,1,1,1,0,0,0,0,1,0,1,1,0,0,0,1,1,1,0,0,0,0,1,0,0,1,1,0,1,1,1,1,0,0,1,1,0,1,1,0,1,1,1,1,0,0,1,1,0
0,1,1,1,0,1,1,0,1,0,1,1,1,0,0,1,0,0,1,0,0,1,0,1,1,0,0,0,0,0,0,1,1,0,1,1,1,0,1,0,0,1,0,1,0,0,1,0,1,0,0,0,1,1,1,0,1,0,1,1,0,0,1,1,1,1,0,0,1,1,1,0,0,1,1,1,1,1,0,1,1,1,0,0,1,0,0,1,1,0,1,1,1,1,0,0,1,0,0,0,0
0,1,1,0,0,0,0,1,0,0,0,0,1,0,1,1,0,0,1,0,0,0,1,0,1,0,0,0,1,1,1,1,1,0,1,0,1,0,0,0,0,1,1,0,1,0,0,1,0,0,1,0,1,0,1,0,0,0,1,1,0,0,1,1,1,0,1,1,0,0,1,1,0,1,1,0,1,0,0,0,1,0,1,1,0,0,0,0,0,0,1,0,0,1,0,0,1,1,1,0,1
1,1,0,1,0,0,0,0,1,0,1,0,1,1,1,0,1,1,1,1,1,0,0,1,0,1,0,0,1,0,1,1,1,1,0,0,1,0,0,0,1,1,1,0,1,0,0,1,1,1,1,1,0,0,1,0,1,1,0,1,1,0,0,0,1,0,0,0,0,1,0,0,1,0,0,1,0,1,0,1,1,0,1,0,1,0,0,0,1,1,0,0,1,0,0,1,1,0,0,1,0
1,1,1,0,0,1,0,0,1,1,0,1,1,1,0,1,1,0,0,0,1,0,1,1,0,0,0,1,0,1,1,1,0,0,0,1,1,1,1,0,1,0,1,0,0,1,1,0,1,1,0,0,0,0,0,1,0,0,1,0,1,0,1,1,1,0,1,0,0,0,0,1,1,1,0,1,0,0,1,1,0,1,1,1,0,1,0,0,1,0,1,1,1,0,1,0,0,1,1,1,1
1,0,1,0,0,1,1,0,1,0,0,0,0,1,1,1,1,0,1,0,0,1,0,1,1,1,1,1,0,1,0,1,0,0,1,1,1,1,1,0,1,0,0,1,1,1,1,1,0,1,0,1,0,1,1,0,1,0,0,0,0,1,0,1,1,0,1,0,0,0,1,0,1,1,0,0,0,0,0,0,1,1,1,1,0,0,1,0,1,0,0,0,0,0,0,0,0,0,0,0,0
1,0,0,0,0,0,1,1,1,0,1,1,1,0,0,0,0,1,1,0,1,0,1,1,0,1,1,0,0,0,0,0,0,0,0,1,0,1,0,0,1,1,0,1,0,1,0,0,0,1,1,0,1,0,0,0,0,0,1,0,1,1,1,0,1,0,1,1,1,0,0,1,0,0,1,0,0,1,0,0,1,0,0,1,0,1,1,1,1,1,0,1,1,0,1,1,0,1,0,1,0
0,0,1,1,0,0,1,1,0,0,0,1,1,0,0,1,0,0,1,0,0,1,0,0,0,0,1,1,1,0,0,1,0,1,1,1,1,1,1,0,1,0,0,1,0,1,0,0,1,1,0,0,1,1,1,0,1,0,0,0,1,0,1,1,1,1,1,1,1,0,0,1,0,1,1,1,1,0,1,0,0,1,1,1,1,1,1,0,0,1,0,0,1,0,0,0,1,1,1,1,0
1,0,0,1,0,1,1,0,0,1,0,0,1,0,1,0,1,0,0,0,1,0,0,1,0,1,0,0,0,0,1,0,1,1,1,0,1,0,0,1,1,0,1,0,1,1,0,0,0,0,0,0,0,1,1,0,0,0,1,0,0,1,0,1,0,1,1,1,1,0,1,1,0,1,1,0,1,0,0,1,0,0,1,1,1,1,0,1,0,0,1,0,0,0,0,1,1,0,0,0,0
0,1,0,1,0,0,0,1,0,0,0,1,0,1,0,0,1,1,0,0,0,0,0,0,0,0,0,1,0,0,1,1,1,0,1,1,0,1,0,1,0,0,1,1,0,1,0,0,1,1,1,0,1,0,0,1,0,0,1,1,1,1,1,0,0,1,1,0,1,0,0,0,1,1,1,0,0,1,0,0,1,0,0,1,0,0,0,1,0,1,1,1,1,1,1,1,0,1,0,1,1
0,1,1,1,0,0,1,0,1,1,0,1,1,1,0,0,0,0,1,0,1,1,1,0,0,0,0,1,1,1,0,1,1,0,1,1,0,1,0,0,0,1,1,0,1,1,0,1,0,1,1,1,0,0,1,0,1,1,1,0,0,0,0,1,0,1,1,1,1,1,1,0,0,0,1,1,0,0,0,0,0,1,0,1,0,0,1,1,1,1,1,1,0,0,1,0,1,1,1,0,0
1,0,0,0,1,1,0,1,1,1,1,1,1,1,0,1,1,1,0,1,1,1,1,1,0,0,1,0,0,1,0,0,1,1,1,0,1,1,1,1,1,0,1,1,1,0,1,1,0,1,0,1,0,0,0,0,0,0,1,1,1,0,0,1,1,0,0,1,0,0,0,0,1,0,1,0,1,1,1,1,0,1,1,1,1,1,1,1,0,1,0,0,1,0,0,1,1,0,1,1,1
0,0,1,1,1,0,0,1,0,0,0,0,1,1,1,0,1,1,1,1,0,0,1,0,0,1,0,0,0,0,1,1,1,1,1,0,0,0,0,0,0,0,0,1,1,0,1,0,1,1,1,1,1,1,0,1,0,0,1,0,0,0,1,1,0,0,1,0,1,0,0,1,1,1,1,1,0,0,1,1,0,1,1,0,0,0,1,0,0,0,1,0,0,1,0,1,1,1,0,1,1
1,1,1,1,1,1,1,0,1,0,0,1,1,1,0,0,1,0,1,0,0,0,0,1,0,1,0,1,1,0,1,1,0,1,1,0,0,1,1,0,1,0,0,1,0,1,0,1,0,0,0,1,0,1,1,1,0,1,0,0,0,1,0,0,0,1,1,0,0,0,1,0,1,0,1,0,0,1,0,1,1,1,1,1,1,1,0,1,0,1,0,1,1,1,0,1,1,1,1,1,1
0,1,0,1,1,1,0,1,0,0,1,0,1,1,0,1,1,0,0,1,0,1,1,0,1,0,1,1,0,0,0,1,1,1,0,0,1,0,1,1,1,1,1,1,1,1,0,1,1,1,1,1,1,1,0,1,0,0,1,0,1,0,0,0,0,0,1,0,0,0,0,0,0,1,0,1,0,0,1,1,0,1,0,1,1,1,1,1,1,1,1,1,1,0,1,1,1,1,0,1,0
1,0,0,1,1,1,1,1,1,0,1,0,0,0,1,0,1,1,0,0,0,0,1,1,0,1,0,0,0,0,0,0,0,0,1,0,1,0,1,1,1,1,0,0,1,0,0,1,1,0,0,0,0,0,0,1,0,1,1,1,1,0,0,0,0,0,1,1,1,1,1,1,1,1,0,1,1,1,1,1,1,1,0,1,0,0,0,1,1,0,0,1,1,0,0,1,0,1,0,0,1
1,1,0,0,0,1,0,0,1,0,0,0,0,1,1,0,0,0,1,1,0,1,0,0,0,1,1,0,0,1,0,1,0,0,0,0,1,1,0,1,0,1,1,1,0,0,0,0,0,1,0,1,1,0,1,0,1,1,1,1,0,1,0,1,1,1,1,0,1,0,1,0,0,0,1,0,1,1,1,1,1,0,0,0,1,0,1,0,1,1,1,1,0,0,0,1,0,0,0,1,0
0,1,1,0,0,0,0,0,1,1,0,0,0,0,0,0,1,0,0,0,1,0,1,0,0,0,0,0,0,1,1,0,1,1,0,0,0,0,0,1,1,1,0,0,1,1,1,0,1,0,1,0,1,1,1,1,1,0,0,0,1,1,1,0,1,1,0,1,1,0,1,1,0,0,0,1,0,1,0,0,0,0,0,1,1,0,0,0,0,0,0,1,1,1,1,1,0,1,1,0,1
0,0,1,1,1,0,1,0,1,0,1,0,1,1,1,0,1,1,0,1,1,0,0,1,0,0,1,1,1,0,0,1,1,0,0,0,1,1,1,1,1,0,0,0,1,0,0,0,1,0,0,1,1,1,0,0,1,0,0,1,1,0,1,1,1,0,0,1,0,0,1,1,0,0,1,0,0,0,0,1,0,1,0,0,1,0,0,1,0,0,0,1,0,1,1,1,0,1,0,0,0
1,1,0,1,0,1,1,0,0,0,1,1,0,1,0,0,0,0,1,0,1,1,1,1,1,0,0,1,1,0,1,1,0,1,0,0,1,1,1,1,1,0,1,0,1,0,1,1,1,1,1,0,0,0,0,0,1,1,1,0,0,1,0,0,0,0,0,0,0,1,1,1,0,1,0,1,1,0,0,1,1,1,0,1,1,1,1,0,1,1,1,1,0,1,1,1,1,0,1,0,1
0,1,1,0,1,1,0,1,1,0,1,1,1,0,1,1,1,1,0,0,1,0,0,1,1,1,0,0,1,1,1,1,1,0,1,0,1,1,1,1,1,1,0,0,1,0,1,0,1,1,1,1,0,0,0,0,1,0,1,0,1,1,0,0,0,1,1,1,1,1,1,0,1,1,1,0,1,1,0,1,0,1,0,0,1,0,0,0,1,1,0,1,1,0,0,1,1,1,1,1,1
1,0,0,0,1,0,0,0,0,0,0,1,0,0,1,1,1,0,0,0,0,1,0,0,1,0,0,1,0,0,1,1,1,0,1,1,1,0,0,1,1,0,0,1,1,1,0,1,0,0,1,0,1,0,0,0,1,1,0,1,0,0,0,0,1,0,0,1,0,1,1,0,1,1,1,0,1,1,1,0,0,0,1,0,1,1,0,1,1,0,1,0,1,1,0,0,0,1,1,0,1
0,1,1,0,1,0,1,0,1,0,0,0,1,1,0,0,1,1,0,1,0,1,0,1,1,1,0,1,1,0,1,1,0,1,0,1,0,0,0,1,1,0,0,0,1,0,1,1,0,1,1,0,1,1,1,0,1,1,0,1,1,0,0,0,0,0,1,0,0,1,1,1,1,1,0,1,1,1,1,1,1,1,1,1,0,0,0,1,0,1,1,1,1,0,0,1,0,0,0,1,1
1,0,1,0,1,1,0,1,1,0,0,0,0,1,1,0,1,0,0,0,0,1,0,0,1,0,0,1,0,0,1,1,1,0,1,0,1,1,1,0,1,0,0,0,0,1,0,0,1,0,0,1,0,1,1,0,1,1,0,0,0,1,1,1,1,1,0,0,1,1,1,1,0,0,1,1,0,1,0,1,0,1,0,1,1,0,1,0,1,1,0,0,1,0,1,0,1,1,0,1,1
0,1,1,1,0,0,0,1,0,1,1,0,1,0,0,1,0,0,0,0,1,0,1,0,0,1,0,0,0,1,1,0,1,1,0,1,1,1,1,1,1,1,1,1,1,1,0,0,1,0,1,0,1,1,1,0,0,0,1,1,0,1,0,0,1,0,1,1,0,1,0,0,0,0,1,0,1,1,0,1,0,1,1,1,0,0,1,1,1,1,1,1,0,0,1,1,1,0,1,0,1
1,0,1,0,0,1,0,1,0,0,0,1,0,0,1,0,0,0,1,1,1,1,1,1,0,0,0,0,0,0,0,0,1,1,0,1,0,0,1,1,0,0,0,0,0,0,1,1,0,1,0,1,0,0,0,0,1,1,1,0,1,0,1,1,1,1,0,0,0,1,1,1,0,0,0,1,1,1,1,0,1,1,0,1,0,1,0,0,1,0,1,1,1,1,1,1,1,1,0,1,1
0,0,0,0,0,0,1,0,1,1,0,0,1,0,0,0,0,0,0,0,0,0,0,1,0,0,1,1,1,1,0,0,0,1,0,1,1,1,1,0,0,1,1,1,0,1,0,1,1,0,0,0,1,1,0,0,1,1,1,1,1,0,1,1,0,1,1,1,1,1,1,0,1,1,0,1,1,0,1,1,1,1,0,1,0,1,0,1,1,0,0,0,1,1,0,0,1,0,0,1,0
1,1,1,1,0,1,0,0,0,1,1,0,0,0,0,0,1,0,1,1,0,0,0,0,1,1,1,0,1,1,1,1,1,1,0,1,1,1,1,0,0,1,0,1,0,1,1,1,0,0,1,0,1,1,0,1,1,1,0,0,1,1,1,1,1,1,0,0,1,0,1,0,1,0,0,1,1,0,1,1,0,1,0,0,0,1,1,0,0,1,0,1,1,0,0,0,0,0,1,0,1
1,1,0,1,1,0,0,1,1,1,0,1,1,0,0,0,1,1,1,1,0,1,0,1,0,0,1,0,0,0,0,1,1,0,1,0,0,1,0,0,0,0,1,1,0,0,1,0,1,1,1,0,0,1,0,1,0,1,1,0,1,1,1,1,0,1,1,1,1,0,0,1,0,0,1,1,0,1,1,0,1,1,0,0,1,1,0,1,0,1,1,0,1,1,1,0,0,0,1,0,1
0,0,1,1,0,1,0,1,1,0,0,1,0,1,0,0,1,1,0,1,0,1,1,0,1,0,1,1,1,0,1,0,1,1,1,0,0,1,0,1,1,0,0,1,0,0,0,0,0,0,0,0,1,0,0,1,1,1,0,0,1,0,0,1,0,1,0,0,1,0,1,0,1,0,1,1,1,0,0,0,1,0,0,1,0,0,1,0,1,1,1,1,1,0,0,0,0,1,1,1,1
0,1,1,1,0,1,1,0,0,1,1,1,0,1,1,1,1,1,0,1,0,1,0,1,0,0,1,1,0,1,1,0,0,0,1,0,0,1,0,0,0,0,1,1,1,0,1,0,1,1,1,1,1,0,0,1,1,0,0,1,1,0,0,0,0,0,1,0,1,1,1,1,1,1,1,0,1,1,0,0,0,0,0,1,1,1,1,1,1,0,0,0,0,0,1,1,0,0,1,1,0
1,1,0,1,1,0,0,0,0,0,1,1,1,0,0,1,0,1,1,0,0,0,0,0,1,1,1,1,0,1,1,1,1,1,1,0,0,1,0,1,1,1,0,0,0,1,1,0,0,0,0,0,1,1,1,1,0,1,1,0,1,1,1,0,0,0,0,1,0,0,1,0,0,1,1,1,0,1,0,1,1,0,1,1,0,1,1,0,1,1,1,0,0,0,1,1,0,0,1,0,1
1,0,0,1,1,1,0,0,0,1,1,0,1,0,0,1,0,0,0,0,0,0,0,1,0,1,1,0,1,0,1,0,1,1,0,0,1,1,0,0,1,0,1,0,0,1,0,1,0,0,1,1,1,0,1,1,0,0,0,0,1,1,1,1,1,0,1,1,0,1,1,0,0,0,0,1,0,1,1,0,0,0,0,0,1,0,1,0,0,1,0,0,1,0,1,1,0,0,1,1,1
0,0,1,1,1,1,0,1,0,0,0,0,0,1,1,1,0,0,0,1,0,1,0,0,0,1,1,0,1,1,1,1,1,0,1,0,1,1,1,0,0,0,1,0,1,1,1,0,0,0,0,0,0,1,0,0,0,0,0,0,0,0,1,0,0,1,1,0,1,0,0,1,0,0,0,1,1,0,1,1,1,1,0,1,1,0,0,1,0,0,0,0,0,1,0,1,1,1,0,0,1
0,1,1,1,1,1,0,0,0,0,0,0,0,1,1,1,0,1,0,1,1,1,1,0,0,0,1,0,1,0,1,1,0,1,1,0,0,1,0,0,1,1,1,1,1,1,1,1,0,1,0,0,1,0,1,1,0,1,0,0,1,0,1,1,1,0,1,0,0,0,1,0,1,1,0,1,1,0,0,1,1,1,0,1,0,1,1,1,1,0,0,0,0,0,1,0,0,1,0,1,1
0,0,0,1,1,1,1,0,0,1,1,1,1,1,1,0,0,1,0,1,0,1,0,1,0,1,0,0,1,0,1,0,1,0,0,1,1,0,0,1,1,0,1,1,0,0,0,1,1,0,0,0,1,0,0,1,1,0,0,0,0,0,1,0,1,1,0,1,1,1,0,0,1,0,0,0,1,1,0,1,0,0,0,0,1,0,1,1,0,0,1,1,0,1,0,0,1,1,1,0,1
1,1,0,1,0,1,1,0,0,1,0,1,1,0,1,0,0,0,0,0,1,0,0,1,1,1,0,0,1,0,0,0,1,1,1,1,1,1,1,1,1,1,1,1,1,1,1,1,0,0,1,0,1,0,1,1,1,1,0,0,1,0,1,1,0,1,1,1,1,0,1,0,1,1,0,1,1,1,0,1,0,1,1,0,0,0,1,1,0,1,1,0,0,1,1,0,0,1,1,0,1
1,1,1,1,0,1,1,1,1,1,0,1,0,0,1,0,1,1,0,0,0,1,0,1,1,0,1,0,0,1,1,0,1,1,0,0,0,0,0,0,1,0,1,0,0,1,0,0,1,1,1,0,1,0,0,1,0,1,1,0,1,0,1,1,0,0,1,0,0,0,1,1,1,0,0,1,0,0,0,0,0,0,0,0,1,1,0,1,1,0,0,0,1,1,1,0,1,0,0,1,1
0,0,0,0,1,1,1,1,0,0,0,1,1,1,0,0,1,0,0,1,0,1,1,0,1,1,0,1,0,0,0,1,0,1,0,1,1,1,0,0,0,1,0,1,0,0,0,1,0,0,0,1,0,0,0,1,1,1,1,1,1,1,1,0,0,0,1,1,0,0,1,1,0,1,0,1,1,1,0,1,1,0,1,1,0,0,0,0,1,1,1,1,0,0,0,0,1,0,1,1,1
1,1,0,1,0,0,1,0,1,0,0,1,1,0,0,0,0,1,1,1,0,1,0,1,0,0,0,1,0,1,1,0,0,1,1,1,0,0,1,1,1,1,1,1,0,0,0,0,0,0,0,0,0,0,0,0,0,1,1,1,1,0,0,0,1,0,0,0,0,0,1,1,1,0,0,1,0,0,1,1,1,1,0,0,1,0,0,1,1,0,0,1,0,0,0,0,1,0,0,1,1
1,1,0,0,0,1,1,0,0,0,1,0,1,0,0,1,0,1,1,0,1,0,0,0,1,0,0,0,0,1,0,0,0,1,0,0,0,0,1,1,1,1,0,0,0,1,0,1,1,0,0,1,1,0,1,0,0,0,1,1,0,1,1,0,0,0,1,1,1,1,1,0,0,1,0,1,1,0,0,1,1,0,1,0,1,0,0,1,1,0,0,0,0,1,1,0,1,1,1,0,1
0,0,0,1,1,0,0,1,1,1,1,0,0,0,0,1,1,0,1,0,1,1,1,1,0,0,0,0,1,1,0,1,1,1,0,0,0,0,1,0,0,0,0,1,0,1,0,1,1,1,1,1,1,1,0,1,1,0,1,1,1,1,1,0,1,1,0,0,0,0,0,0,1,0,0,0,0,0,0,0,1,0,1,0,1,0,0,1,1,1,1,0,1,0,0,1,0,1,1,1,0
1,1,1,1,1,0,1,0,0,0,0,0,1,1,0,1,0,1,0,0,0,1,1,0,0,1,0,1,0,1,0,0,1,0,0,1,1,0,0,1,0,1,0,0,1,0,0,0,0,0,0,1,0,1,0,1,0,0,0,1,0,0,0,0,1,0,1,0,1,1,0,1,0,1,1,1,1,1,0,1,0,0,0,1,1,1,1,1,0,1,1,0,0,0,1,0,0,1,0,1,1
0,1,0,0,1,1,1,0,0,1,0,1,1,0,1,1,1,0,0,1,1,0,0,0,1,1,1,0,1,1,1,1,0,0,0,1,0,1,0,0,0,1,1,0,1,0,0,0,0,1,1,1,1,0,0,1,1,0,0,0,0,0,0,1,0,0,0,0,1,0,1,0,1,0,1,0,1,0,1,0,0,0,1,1,1,0,0,0,1,0,1,1,1,0,0,0,1,0,1,0,0
0,1,1,0,1,1,1,0,1,0,0,1,1,0,0,1,0,1,0,0,0,0,1,1,1,1,1,1,1,1,0,1,0,1,0,1,0,1,1,1,0,1,0,1,0,1,1,0,0,1,0,1,0,0,0,1,1,0,1,1,1,1,0,1,1,0,1,1,0,1,0,0,1,1,0,1,1,0,0,0,1,1,0,0,0,0,0,1,1,0,0,1,0,1,0,0,0,1,1,1,1
0,1,0,0,1,0,0,1,0,1,1,0,0,0,0,1,0,0,0,1,0,0,1,1,0,1,0,1,1,1,1,1,0,1,0,1,1,0,1,0,1,1,0,1,1,1,1,1,0,0,1,1,0,1,1,0,1,1,1,0,1,0,1,0,1,0,1,0,1,1,1,0,1,1,1,0,1,0,1,0,0,1,0,1,0,0,1,1,0,0,0,0,1,0,1,0,1,0,0,0,1
1,0,1,1,1,0,1,1,1,0,1,1,1,0,0,0,1,0,0,1,0,0,1,0,0,1,1,0,0,0,0,0,1,0,1,0,0,0,1,0,0,0,1,1,0,0,1,0,0,1,1,1,0,0,1,0,1,1,1,1,1,1,0,0,1,0,1,0,0,0,1,0,1,1,1,0,0,1,1,0,0,0,0,0,1,0,1,1,0,1,1,1,0,0,1,0,0,1,1,0,1
1,0,1,1,1,0,1,0,0,1,1,0,0,0,1,1,1,1,0,0,0,0,1,0,0,0,0,0,1,1,1,0,0,0,0,0,0,0,0,0,0,1,0,0,0,1,1,0,1,1,0,0,0,1,0,0,1,1,0,0,0,1,1,1,0,0,1,1,1,0,1,0,1,0,1,0,0,0,0,1,1,0,0,0,1,0,0,1,1,0,1,1,0,0,0,1,0,1,1,0,1
0,0,0,1,1,0,0,1,1,1,0,1,0,0,1,1,0,0,0,0,1,1,1,0,1,1,0,0,0,1,1,0,1,0,0,0,0,1,0,1,0,1,0,1,1,0,1,0,1,0,0,1,1,1,1,0,0,1,1,0,1,1,0,0,0,1,1,0,1,0,1,0,0,1,0,1,1,1,0,0,0,0,1,1,0,1,1,1,0,1,0,0,1,0,1,1,1,1,1,0,1
0,0,0,1,1,1,0,0,1,1,1,0,0,1,0,0,1,1,1,0,0,0,0,1,0,1,1,0,0,0,0,1,1,1,0,1,0,1,1,0,1,0,0,0,1,1,1,0,0,0,0,1,1,0,1,0,1,1,1,0,1,1,0,0,1,0,0,0,0,1,0,0,1,1,1,1,1,1,1,1,1,1,1,1,1,1,1,1,1,0,1,1,1,0,0,0,0,1,1,0,1
1,1,0,1,1,1,0,1,0,1,0,0,1,1,0,1,1,0,0,1,1,1,1,1,0,0,1,1,1,0,0,1,0,1,0,1,0,0,0,1,0,1,1,0,0,0,0,1,0,1,1,1,0,1,1,0,0,0,1,1,0,0,0,1,1,0,1,0,0,0,0,1,0,1,1,0,1,1,1,1,0,0,0,0,0,0,1,0,1,0,0,1,0,0,0,0,0,1,1,1,1
0,1,1,1,1,1,0,0,1,1,1,0,0,1,0,1,1,1,0,0,1,1,1,1,0,1,0,0,0,0,0,0,0,0,1,1,0,1,1,0,1,1,0,1,0,1,1,1,0,0,1,1,1,1,1,1,1,1,0,0,1,0,1,1,0,0,0,1,1,1,1,1,0,1,0,1,0,0,1,1,1,0,0,0,0,0,0,0,1,1,0,1,1,1,0,0,1,1,0,1,1
0,0,0,1,1,0,1,1,1,0,1,1,1,1,0,1,1,0,1,1,1,1,0,0,0,1,0,1,0,0,0,1,1,1,1,0,1,0,0,0,1,0,0,1,0,1,0,1,1,1,1,0,1,0,1,0,0,1,0,1,0,1,0,1,0,1,0,0,0,0,0,1,1,1,1,0,0,1,1,0,1,1,0,0,0,1,0,1,0,0,0,0,1,0,0,0,1,0,1,1,0
0,1,1,1,1,0,0,0,1,1,1,1,0,0,0,0,0,1,1,0,0,0,0,1,0,1,0,0,1,1,1,0,0,1,1,1,1,0,1,0,0,1,1,1,0,1,1,0,1,1,1,1,1,0,1,0,0,1,1,1,1,0,0,0,0,0,1,1,0,0,0,1,0,1,1,0,0,1,1,1,0,0,1,1,1,0,0,0,1,0,1,1,0,0,1,1,1,0,0,0,1
0,0,0,0,0,1,1,0,0,1,0,1,0,1,1,1,0,0,0,1,1,1,0,0,0,1,0,0,1,1,1,1,1,0,0,0,0,1,1,1,0,1,1,0,1,0,1,1,1,0,1,0,0,1,0,1,0,1,1,0,0,0,1,1,0,0,1,0,0,0,0,1,1,1,1,0,1,0,1,0,0,1,0,1,1,1,1,0,1,0,1,1,0,1,1,0,1,1,1,0,1
1,0,1,1,1,0,0,0,0,0,1,0,1,1,0,1,0,0,0,1,1,1,0,0,1,1,0,0,0,0,1,1,1,1,0,0,1,1,1,0,0,0,0,0,0,0,1,0,1,0,1,0,0,0,0,0,0,0,0,0,1,0,0,0,0,1,0,1,0,1,0,1,1,0,1,0,1,1,0,0,1,1,1,0,0,1,1,0,0,1,0,0,0,0,1,0,0,0,1,1,1
1,0,0,1,1,1,0,0,0,1,1,0,1,1,0,0,1,0,0,0,1,1,1,1,1,1,1,0,0,0,1,0,0,0,1,0,1,1,1,1,0,1,0,1,0,1,1,0,0,1,0,1,1,1,0,0,1,1,0,0,0,0,0,1,1,1,1,0,0,1,0,0,1,1,1,0,0,1,1,1,1,1,0,0,1,0,0,1,0,0,0,1,0,0,1,1,0,0,1,0,1
1,0,0,1,1,1,1,1,0,1,1,0,1,0,0,0,1,0,1,0,0,1,0,1,1,1,0,1,0,1,0,1,0,0,0,1,0,1,0,1,1,0,1,0,1,1,0,0,0,1,0,0,0,0,1,0,1,1,0,1,0,1,0,1,0,1,0,1,1,1,0,1,0,1,1,1,0,1,0,1,0,1,1,0,1,1,0,0,1,1,0,1,0,1,1,0,1,1,1,1,0
1,1,1,0,1,0,0,1,1,0,1,1,1,0,1,1,0,0,0,0,1,1,0,1,1,1,0,1,1,1,0,0,1,0,0,1,1,0,1,0,0,1,1,1,0,0,0,0,1,0,1,0,0,0,1,0,0,0,1,1,0,1,1,0,1,0,0,0,0,0,0,0,1,1,0,0,0,1,1,0,0,1,1,1,0,0,0,0,0,1,0,1,0,0,0,0,0,1,1,0,1
1,0,0,0,0,1,0,0,1,1,1,1,1,0,1,1,0,0,0,0,1,0,0,0,1,0,0,1,1,1,1,0,0,1,1,1,0,0,1,0,0,1,1,0,0,0,1,1,0,1,0,1,0,1,0,0,1,0,1,0,0,0,0,1,0,0,1,0,1,0,0,0,0,1,0,0,1,0,0,1,0,1,1,1,0,1,1,1,0,0,1,1,0,0,1,1,0,0,1,0,1
1,0,0,1,0,0,1,0,0,0,0,1,1,1,0,0,0,1,0,1,1,1,1,0,0,1,0,1,0,1,1,0,0,0,1,0,1,1,0,1,0,1,1,0,0,0,0,1,1,0,0,1,0,1,1,1,1,1,0,0,1,0,0,0,1,0,0,0,0,1,1,0,0,0,0,0,0,1,0,0,1,0,1,1,1,1,0,0,0,1,0,1,0,1,1,0,0,0,0,0,1
1,0,0,0,0,1,1,0,0,0,0,0,1,1,0,1,1,0,0,1,1,0,0,1,0,0,0,0,1,1,1,1,0,0,1,0,0,1,1,1,0,0,1,1,1,0,1,1,1,1,0,0,0,1,0,0,0,1,1,0,1,1,0,1,1,1,1,1,0,0,1,0,1,0,1,0,1,1,0,0,0,1,0,1,0,0,0,0,1,0,0,1,0,0,1,1,0,1,0,1,1
1,0,0,0,1,0,1,0,0,0,1,0,0,1,0,1,1,0,1,0,1,0,0,0,1,1,1,0,1,1,0,0,1,0,0,0,1,0,0,0,0,1,0,0,1,0,0,1,1,1,0,0,1,1,0,1,0,0,0,0,0,1,0,0,1,0,1,0,1,1,1,1,1,1,1,0,0,1,1,0,1,0,1,0,0,1,1,1,0,1,0,0,1,0,0,1,1,1,1,1,0
0,1,1,1,1,1,0,0,0,0,0,0,1,1,0,1,1,1,1,0,0,1,0,1,0,1,1,0,1,0,1,0,0,1,1,1,1,1,1,0,1,1,1,0,0,0,1,0,1,1,1,0,0,1,1,1,1,1,0,1,1,0,0,0,1,1,1,1,0,0,0,0,1,1,0,1,1,1,0,0,0,1,0,0,1,0,0,1,0,1,0,0,0,1,1,1,1,0,0,1,1
0,0,1,1,0,1,0,0,0,0,0,0,1,1,0,1,0,0,1,1,0,1,1,0,1,0,0,1,0,0,0,1,0,0,0,0,0,1,1,1,0,1,0,1,0,1,1,1,1,1,1,0,1,1,1,1,0,0,0,1,1,1,0,1,0,0,1,0,1,0,0,0,0,1,0,0,0,1,1,0,0,0,0,0,1,0,1,1,0,1,0,0,1,0,1,1,0,0,0,1,1
1,1,1,0,0,0,1,0,0,0,0,0,1,0,0,0,1,1,1,0,0,1,1,0,0,0,0,1,1,0,0,1,1,1,1,0,1,0,0,1,0,0,1,0,1,1,1,0,0,0,0,1,0,1,1,0,0,1,1,0,1,1,0,0,1,1,1,0,1,0,1,0,1,0,0,1,0,0,1,0,1,0,0,1,1,1,0,0,1,1,0,0,0,1,0,1,1,1,1,1,1
1,1,0,1,0,1,1,0,0,1,1,1,0,1,1,0,0,1,1,0,0,0,0,1,1,0,1,1,0,0,0,0,1,1,0,1,1,1,0,0,0,0,0,1,1,0,0,1,0,0,0,0,0,0,1,1,0,1,1,0,1,1,1,1,1,1,0,1,0,1,0,0,0,0,0,0,0,0,1,0,0,0,1,1,1,1,0,1,1,1,1,1,1,0,0,0,0,0,1,1,0
0,1,0,0,0,0,0,0,0,1,1,1,0,1,0,1,1,1,0,1,1,0,1,0,1,0,0,1,1,0,0,0,0,1,1,1,0,1,1,0,0,0,0,0,1,0,1,0,1,1,1,1,1,0,1,0,1,1,0,1,1,0,0,0,0,1,0,0,0,1,1,0,0,0,0,0,0,1,1,0,1,0,0,1,1,1,1,0,0,1,1,1,1,1,1,1,1,0,1,1,1
1,1,0,0,0,1,0,1,0,0,1,0,1,1,0,0,1,0,1,0,0,0,1,1,1,1,0,1,1,0,1,1,0,0,0,1,0,1,0,1,0,0,0,0,1,1,0,0,0,0,1,1,1,0,1,1,1,0,0,1,0,1,0,0,1,0,0,1,0,0,1,1,1,1,1,0,1,1,0,0,0,1,0,1,1,0,0,0,1,1,0,1,0,1,1,1,1,1,0,0,1
0,0,0,1,0,0,1,0,0,0,0,0,1,0,0,0,1,0,0,1,0,0,1,1,0,0,1,0,0,0,1,1,1,0,1,0,1,1,1,0,1,0,1,0,0,1,1,0,0,1,1,1,0,0,0,1,0,0,0,0,1,0,1,1,1,0,0,0,0,1,1,1,1,1,0,1,1,0,0,1,0,1,1,1,1,0,1,0,1,0,1,1,0,0,0,0,0,1,0,0,1
0,0,0,1,1,0,0,0,1,1,0,0,1,1,0,1,0,1,1,0,1,1,0,0,1,1,1,0,1,0,0,0,1,0,1,1,0,1,1,0,1,0,1,1,1,1,0,1,1,1,0,1,0,0,1,1,1,0,0,0,1,1,0,0,0,0,0,1,1,1,1,1,1,1,1,1,1,0,1,1,1,0,1,1,1,0,0,0,0,1,1,0,1,0,1,0,0,0,0,0,1
0,0,0,1,1,1,1,1,0,0,0,0,1,1,1,0,1,0,1,1,1,0,1,1,0,1,0,1,1,0,0,0,1,0,0,1,1,1,1,1,0,0,1,1,1,1,0,1,0,0,0,0,1,0,1,0,0,1,1,1,0,1,1,0,0,1,1,0,0,0,0,0,1,0,1,0,1,0,0,1,1,1,1,0,0,1,1,1,0,1,1,1,0,1,0,1,1,0,0,0,0
1,0,1,1,0,0,0,1,0,1,0,1,1,0,0,1,0,1,0,0,0,0,0,1,0,1,1,1,1,1,0,0,1,0,0,1,1,0,0,1,1,0,1,1,1,1,0,0,0,1,0,0,1,1,1,1,0,0,1,1,0,0,1,0,0,1,1,1,1,0,1,0,1,1,0,1,0,1,1,1,1,0,1,0,1,0,0,1,1,1,1,1,1,0,0,1,1,0,0,0,1
0,0,1,1,0,1,0,0,1,0,1,0,1,0,0,0,1,1,0,1,0,0,0,1,1,1,0,1,1,1,1,0,1,1,0,0,0,1,0,1,0,1,0,0,1,1,0,0,0,0,0,1,1,1,0,0,0,1,1,1,1,0,0,0,0,1,1,1,0,0,1,1,0,0,0,0,0,0,0,0,1,1,0,0,0,1,0,1,0,0,1,1,1,1,0,0,0,0,0,1,0
0,0,0,1,0,1,1,1,1,1,0,0,1,1,1,0,1,0,0,1,1,0,1,1,0,1,0,0,1,1,1,1,0,1,0,0,1,1,1,0,0,0,1,1,1,1,1,1,0,1,1,0,0,0,1,1,0,1,1,0,0,1,0,0,0,1,1,0,0,1,0,0,1,0,0,1,0,0,1,0,1,1,1,1,1,0,1,0,1,1,1,1,1,1,0,0,0,1,0,0,0
1,0,0,1,0,0,1,0,1,0,0,1,0,1,1,0,1,1,1,0,0,0,1,1,1,1,0,1,1,0,0,0,1,1,0,1,0,0,1,0,0,0,0,1,1,1,0,1,0,1,1,0,0,0,1,0,0,1,0,1,1,1,0,0,0,1,1,1,0,1,1,0,0,0,0,0,0,1,1,0,1,1,1,1,0,0,1,1,0,0,0,1,1,1,0,1,0,1,1,0,1
0,0,0,1,1,0,1,1,1,0,0,1,1,0,1,1,1,1,1,1,1,1,1,0,0,1,1,0,0,1,0,1,0,0,0,1,0,0,1,0,0,1,0,1,0,0,0,0,1,1,0,0,0,0,1,1,0,1,0,0,1,1,0,1,1,1,1,1,1,0,1,1,1,1,1,1,0,1,1,0,0,0,1,0,1,1,0,1,0,0,1,0,1,0,0,1,1,1,0,0,0
1,1,1,1,0,1,1,1,1,0,1,0,1,1,1,0,1,1,0,1,1,1,1,1,0,1,0,0,0,0,0,1,1,1,1,0,0,1,0,0,0,0,0,1,1,1,0,1,0,0,0,0,1,0,1,0,1,0,0,1,1,0,1,0,0,1,1,1,1,0,1,1,1,1,1,1,0,0,1,1,0,0,1,0,0,1,0,1,1,0,1,0,0,1,0,1,1,0,1,1,0
0,0,0,1,0,1,0,0,1,0,1,0,0,0,0,1,1,1,1,1,0,0,1,1,1,0,0,0,1,0,1,0,0,0,1,0,0,0,0,0,0,0,0,1,1,0,1,0,0,1,1,1,1,0,1,0,0,0,0,0,1,0,1,0,0,0,0,0,0,1,1,1,1,1,1,1,0,0,1,0,1,1,0,0,0,0,0,1,1,0,0,1,0,1,1,0,0,0,0,1,0
1,1,0,0,0,0,0,0,0,0,0,0,0,0,1,0,0,1,0,1,0,0,0,1,1,0,1,0,0,1,1,1,0,1,0,1,0,1,0,0,1,1,0,0,0,0,0,1,1,1,1,0,1,1,1,1,0,1,1,1,1,0,1,0,1,1,1,1,1,1,0,0,1,1,0,0,1,1,0,0,1,0,1,1,1,0,1,0,0,0,0,1,0,1,1,1,1,1,1,1,1
0,0,0,1,0,0,1,0,1,1,0,1,1,0,1,1,0,0,1,1,0,1,1,1,1,1,1,0,0,0,1,1,1,0,0,1,1,1,0,1,1,1,1,1,1,0,1,1,0,0,1,0,0,0,0,0,1,1,1,0,0,0,1,0,1,1,0,0,0,0,1,1,0,0,1,0,0,0,1,1,1,0,1,0,0,0,0,1,1,0,1,1,1,1,1,0,0,1,1,1,0
0,1,1,0,1,0,1,0,0,0,1,1,1,1,0,1,0,0,0,0,1,0,1,1,0,0,0,1,0,1,0,0,1,0,1,0,0,1,1,1,0,0,0,0,1,1,1,0,1,0,1,1,0,0,1,0,1,1,1,0,0,0,1,0,0,0,1,1,0,1,1,1,0,0,0,1,1,1,1,0,0,1,0,0,1,1,1,1,0,0,1,0,0,1,0,1,1,0,0,0,1
1,0,1,0,1,1,1,0,1,0,0,0,0,0,1,1,1,0,0,0,1,1,1,0,1,0,1,1,0,0,1,0,1,1,0,1,0,0,1,0,0,0,0,0,1,0,0,1,1,1,1,0,1,0,0,0,1,1,1,0,0,0,1,1,1,0,0,0,0,0,0,0,1,0,0,1,0,0,0,0,1,1,0,0,0,0,0,1,0,0,0,1,0,0,1,0,1,0,1,1,1
1,1,0,0,0,1,1,0,0,1,1,1,0,0,1,0,1,1,1,1,0,1,0,0,1,1,0,1,0,0,1,0,1,0,1,0,1,0,1,1,1,1,1,1,0,1,1,0,0,1,1,1,0,1,1,0,0,1,1,0,1,0,0,1,1,1,0,0,0,0,0,1,1,1,1,1,1,0,1,1,1,0,1,1,0,0,1,1,1,1,1,0,1,1,0,1,0,1,1,0,1
0,1,0,0,1,1,0,0,1,0,1,0,0,0,0,1,1,0,1,1,0,0,1,0,0,1,1,1,1,1,0,1,0,0,1,1,0,1,0,1,1,1,1,0,1,0,1,1,0,1,1,0,1,0,0,0,0,0,1,0,0,0,0,1,0,0,1,1,1,1,1,0,1,1,1,1,1,0,0,1,1,1,0,1,0,1,1,0,0,1,1,1,1,1,0,1,1,0,0,1,1
1,1,0,1,1,1,0,1,0,1,1,0,1,1,0,1,0,1,0,1,0,0,0,1,0,1,0,0,0,0,1,1,1,0,0,1,1,0,0,1,1,0,0,1,1,1,0,1,1,1,0,1,0,1,1,0,0,0,1,1,0,1,1,0,0,1,1,0,1,1,0,0,1,1,1,1,1,1,0,0,0,0,1,1,0,0,1,0,1,1,0,0,1,1,0,0,0,0,0,0,1
0,0,1,0,1,0,0,1,0,1,1,0,1,0,0,1,0,0,1,1,0,1,0,0,1,1,0,1,0,0,1,1,0,1,1,0,1,0,0,0,0,0,1,0,0,0,0,1,0,1,0,1,0,1,0,1,1,0,1,0,0,1,0,1,1,0,1,0,0,1,1,1,1,1,1,0,1,0,1,0,1,1,0,0,0,0,0,1,0,0,0,1,1,0,1,0,1,0,0,0,1
1,0,1,1,0,0,0,1,0,1,0,0,1,1,1,0,0,1,1,1,0,0,0,1,0,0,1,1,1,1,0,0,0,0,0,1,0,1,1,1,0,1,1,0,1,0,0,0,0,1,1,0,1,1,0,0,0,0,1,0,1,0,0,0,1,1,1,1,1,1,0,0,1,0,1,1,1,0,1,0,0,1,1,1,1,1,1,1,0,0,0,0,0,1,1,1,1,1,1,1,0
0,1,1,0,1,0,0,1,0,0,0,1,0,1,1,0,1,1,0,0,1,1,1,1,1,0,0,1,1,0,1,1,0,0,0,0,1,1,1,1,0,1,1,1,1,0,0,0,0,1,1,1,1,1,1,0,1,1,0,0,1,0,0,1,0,0,1,1,1,1,0,0,0,1,1,1,0,0,0,1,1,1,1,1,1,0,1,0,0,1,0,1,0,0,1,1,1,1,1,0,1
0,0,1,0,0,1,1,1,0,1,0,0,1,1,0,0,0,1,1,0,1,0,1,1,1,0,0,0,1,0,1,0,1,0,1,1,1,0,1,0,0,0,1,0,1,0,0,0,0,0,1,1,0,0,0,0,0,0,0,1,1,0,0,0,1,1,0,0,1,0,0,1,0,1,0,1,0,0,1,0,1,1,1,0,0,1,0,1,0,0,0,0,0,0,0,1,1,1,1,0,1
1,0,1,0,0,1,1,1,1,1,1,1,0,0,1,0,0,1,0,0,1,1,1,1,0,0,1,0,0,1,0,1,1,0,0,1,0,1,1,1,0,1,0,1,1,1,1,1,1,0,1,0,1,1,1,0,1,1,1,1,1,0,1,0,0,0,0,0,0,1,1,1,0,1,0,1,1,1,1,1,1,1,0,0,0,0,1,1,0,1,0,1,1,0,0,1,1,1,0,0,0
0,0,0,0,0,1,0,1,1,0,1,0,0,0,1,0,1,1,1,0,0,0,1,0,0,1,0,0,0,1,1,1,1,1,0,0,0,0,0,0,1,1,0,1,1,0,1,0,0,1,0,0,1,0,1,1,0,1,1,1,1,1,1,0,0,1,0,0,0,1,1,1,0,0,1,1,0,1,1,1,1,1,1,0,1,0,0,0,1,1,0,1,1,1,0,0,0,0,1,1,1
0,0,0,1,0,0,1,1,0,0,0,0,0,1,1,0,1,1,0,0,1,0,0,1,0,1,1,0,0,1,0,1,0,1,0,0,1,0,1,0,1,1,1,1,1,0,0,1,0,1,0,1,0,1,0,0,1,0,1,0,0,1,0,1,0,1,0,1,0,1,0,1,0,1,1,0,0,1,0,0,0,0,1,1,0,0,1,0,0,0,0,1,0,1,1,1,1,1,0,0,0
0,0,1,1,0,1,0,0,1,0,1,0,1,1,1,1,0,0,1,1,1,1,0,0,1,1,1,1,1,0,1,1,1,0,0,0,0,0,0,0,0,0,1,1,0,0,0,0,1,0,1,1,1,1,1,0,1,1,1,0,0,1,0,0,0,0,0,0,1,0,0,1,0,0,0,0,0,1,0,0,0,1,1,1,0,1,1,1,0,0,0,1,1,0,0,1,0,1,1,0,0
1,1,0,1,1,1,1,0,0,0,1,0,0,1,1,0,0,1,1,1,0,1,0,1,1,1,1,0,1,1,1,0,1,0,1,1,1,1,0,0,0,0,1,0,1,1,0,0,1,1,1,0,0,0,1,0,0,1,0,1,0,1,1,1,0,1,1,0,0,0,1,0,0,1,1,0,1,1,1,0,0,1,0,0,0,0,0,1,0,1,0,1,1,1,1,1,0,0,0,1,0
1,0,0,0,0,1,1,1,1,0,0,0,0,0,0,0,0,1,0,1,0,0,1,0,0,0,1,0,1,0,1,0,0,0,0,0,0,0,0,0,0,1,0,0,1,1,0,1,0,0,1,0,1,0,0,1,1,1,1,0,0,0,1,1,1,0,0,0,0,1,0,0,1,1,0,1,0,1,0,0,0,0,1,1,0,0,0,1,1,1,1,1,1,0,1,0,1,0,0,0,1
1,0,1,1,1,0,0,0,0,1,0,1,1,1,1,1,0,0,0,1,0,0,1,0,1,1,0,1,1,0,1,0,0,1,0,0,0,0,0,0,1,1,1,1,1,1,1,0,1,0,0,0,1,0,1,1,0,0,0,1,0,0,0,0,0,0,1,1,0,1,0,0,1,0,1,0,0,0,0,1,0,1,1,1,0,1,1,0,0,1,1,0,1,1,1,0,1,1,1,1,1
1,0,0,1,0,0,1,1,0,0,0,1,0,0,1,1,1,0,1,0,1,1,0,1,0,0,0,0,1,0,0,1,1,1,0,0,0,1,1,0,1,0,1,0,0,1,0,0,1,0,1,1,1,1,1,0,0,0,1,1,0,0,0,0,1,1,1,0,0,0,1,0,1,1,0,0,1,1,1,0,0,1,1,0,0,1,1,1,0,0,1,0,1,1,1,1,1,1,0,1,0
0,1,1,0,1,1,1,0,1,0,1,0,0,1,1,1,1,0,0,0,1,0,0,0,0,0,1,0,0,1,1,1,1,0,1,0,0,0,0,1,0,1,1,0,1,1,1,0,0,1,1,0,1,1,0,0,0,1,1,0,0,1,1,1,0,0,1,0,0,0,0,1,1,1,1,1,1,1,0,1,0,0,1,1,0,1,1,1,0,1,1,1,1,0,1,0,1,1,1,1,0
1,1,0,0,0,1,1,1,1,1,1,0,1,1,0,1,0,0,0,0,1,1,0,1,0,1,0,0,1,0,1,0,0,1,1,1,1,0,0,0,0,0,0,1,0,1,0,1,0,0,1,1,1,1,1,0,0,1,0,0,0,1,1,1,1,1,1,1,1,0,0,0,0,0,0,1,1,0,0,0,0,0,0,1,0,0,0,0,0,0,1,1,1,1,0,0,1,0,0,1,1
0,1,0,1,0,1,0,0,1,1,0,0,1,0,1,0,1,1,0,0,0,0,0,1,1,0,0,0,1,1,1,1,0,0,1,0,1,1,0,1,0,0,0,1,0,0,1,1,0,0,0,0,1,0,0,0,1,1,0,0,0,1,0,0,1,0,1,0,1,0,1,0,0,0,0,1,1,0,1,1,0,1,1,1,1,0,0,1,1,0,1,0,1,1,0,0,1,1,1,0,0
0,1,1,0,1,1,0,1,1,1,0,0,0,0,1,0,1,0,0,0,0,0,0,0,1,1,1,1,1,1,1,1,1,0,1,0,0,0,1,0,0,1,0,1,0,1,0,1,1,0,0,0,1,1,1,1,0,0,1,1,1,0,1,0,0,0,0,0,0,0,1,1,1,1,1,1,1,1,1,0,0,0,1,1,0,0,1,1,0,0,1,0,1,1,0,0,1,1,0,0,1
1,0,0,1,0,1,0,0,0,0,0,0,1,0,0,0,0,0,1,1,0,1,1,0,0,0,1,1,0,0,0,1,1,0,1,1,1,0,1,0,0,0,0,1,1,1,0,1,1,0,0,0,0,0,1,0,0,1,1,1,1,0,1,1,1,1,0,0,1,0,0,1,1,1,0,1,1,1,1,1,1,0,0,1,0,0,1,0,0,0,0,1,0,0,1,0,1,1,0,0,0
0,0,0,1,0,0,0,1,0,1,1,0,1,0,1,0,0,0,1,1,0,1,1,0,0,1,1,0,0,1,0,0,1,1,0,0,0,0,1,0,1,1,1,1,0,1,0,0,0,0,1,1,1,1,1,0,1,0,0,1,0,0,1,1,1,0,1,1,0,1,0,0,1,1,1,0,1,0,1,0,1,1,0,0,1,1,1,0,0,1,1,0,0,0,1,1,1,1,0,1,0
0,1,1,0,1,1,1,0,1,1,1,0,0,1,0,0,0,0,1,1,0,0,0,1,0,1,1,1,0,0,1,1,1,1,0,1,1,0,1,0,1,0,0,1,0,1,1,1,0,0,0,1,0,0,1,1,0,0,0,0,1,0,0,0,0,1,1,0,0,0,1,0,0,1,1,0,1,0,0,0,0,1,1,1,1,0,0,0,0,1,1,1,0,0,1,1,0,1,1,1,1
0,1,0,1,0,1,1,0,1,0,0,1,0,0,0,0,0,0,0,1,1,1,1,1,0,0,1,0,1,1,0,1,0,1,1,1,1,1,1,1,0,1,0,1,0,0,0,0,0,1,0,0,1,1,0,1,0,0,1,0,1,1,1,0,0,0,1,0,0,1,0,0,1,1,0,1,1,1,0,1,1,0,0,0,0,0,1,1,1,0,0,0,1,0,0,0,1,1,1,1,0
1,0,0,1,0,1,0,0,1,0,0,1,0,1,1,1,1,0,1,1,0,1,0,1,0,0,0,1,1,1,0,0,1,1,1,0,0,1,0,1,0,1,0,1,0,0,1,0,0,1,1,0,1,1,0,1,0,1,1,1,0,0,1,1,0,0,0,0,1,0,1,0,0,0,0,0,1,1,0,1,0,0,0,1,0,1,0,0,1,1,1,0,1,1,0,1,0,0,0,1,0
0,0,1,0,1,0,0,1,1,0,0,1,0,1,0,0,0,0,0,0,0,0,0,1,1,1,1,1,1,1,0,1,1,0,0,0,0,0,1,1,1,0,1,0,1,0,1,0,0,0,0,1,1,0,0,1,0,1,0,1,1,1,0,1,0,0,1,1,1,1,0,1,0,0,1,0,0,1,1,1,1,1,0,1,0,1,1,1,0,0,0,1,1,1,0,1,0,0,1,1,1
1,0,1,1,1,0,1,1,1,1,0,0,0,0,1,1,0,0,1,0,0,1,1,0,0,1,0,1,0,1,1,0,1,1,1,1,1,0,1,0,0,1,0,1,0,0,1,0,1,1,1,0,0,1,1,1,0,0,1,0,0,0,0,0,1,0,1,0,0,0,0,0,0,0,0,1,0,0,0,0,1,1,1,0,0,0,1,1,1,1,0,0,1,1,1,1,0,0,1,1,1
0,1,1,0,1,1,0,0,0,0,1,1,1,0,0,1,0,1,0,0,0,1,1,0,1,1,0,1,1,1,1,1,1,1,0,0,1,0,1,0,0,0,1,0,0,1,0,0,0,1,0,1,0,1,0,0,1,0,0,0,0,0,1,0,1,0,0,0,1,1,1,0,1,0,1,0,1,1,1,1,0,0,0,1,1,0,1,1,0,0,0,1,1,1,1,1,0,1,1,0,1
0,0,0,1,1,0,1,1,1,1,1,1,1,1,0,0,0,0,0,0,0,1,1,1,1,0,0,1,0,0,1,1,0,1,0,1,1,0,0,0,1,1,1,1,1,1,1,1,0,1,0,0,1,1,0,1,1,1,0,1,1,1,0,0,0,0,1,0,0,1,0,0,0,0,0,0,0,0,0,0,1,1,0,0,0,1,0,1,0,0,1,0,0,1,1,0,0,1,0,1,1
0,0,0,0,0,0,0,1,0,1,0,1,1,0,1,0,0,0,0,0,0,0,1,0,1,0,0,0,0,0,0,1,1,0,1,0,1,1,0,1,1,0,0,1,0,1,1,0,1,0,1,0,1,1,1,0,1,1,1,0,1,1,0,0,1,0,0,0,0,0,0,0,0,1,0,0,0,0,0,0,1,1,0,0,0,0,1,1,1,1,0,1,0,0,1,0,0,1,1,0,1
0,0,0,1,0,0,0,1,0,0,1,0,0,0,0,0,0,1,0,0,1,0,0,1,1,1,0,0,1,1,0,0,1,1,1,1,0,1,1,1,0,0,0,0,1,0,1,0,1,1,0,0,0,1,0,1,1,1,1,1,1,1,0,0,1,0,0,1,1,1,0,1,0,0,1,1,0,0,0,0,0,1,1,0,1,0,1,0,1,1,0,0,0,1,1,0,0,0,0,1,1
0,0,0,0,1,1,1,1,1,1,1,0,0,0,1,1,0,0,0,0,1,1,0,1,0,1,1,0,1,1,1,1,0,0,1,1,0,1,0,1,1,0,0,0,1,0,1,1,1,1,1,1,1,0,0,0,1,1,1,0,1,0,1,0,0,0,1,1,1,1,0,1,0,0,1,0,0,0,0,0,1,0,1,1,1,1,0,1,0,0,0,1,0,1,0,1,1,0,1,0,1
1,1,0,0,0,0,1,0,0,1,1,0,0,1,1,0,0,0,0,0,1,1,1,1,1,1,0,1,1,1,1,1,0,1,0,1,0,0,0,1,0,1,1,0,1,0,1,0,1,1,0,0,0,0,0,1,0,1,1,0,0,1,0,1,0,1,1,0,1,0,1,1,0,0,1,0,0,0,1,1,1,0,0,1,0,1,0,1,1,0,1,1,1,1,1,1,1,0,1,1,1
1,1,0,0,1,1,1,0,0,1,0,1,1,1,1,0,1,1,0,0,1,1,0,0,1,1,1,0,1,1,0,1,1,1,1,0,1,0,1,1,0,0,0,0,0,1,0,1,1,0,1,0,0,0,0,0,0,1,1,0,0,0,1,1,0,0,0,1,0,1,0,1,1,0,0,0,0,1,0,0,1,1,1,0,1,0,0,1,1,0,1,0,1,1,1,1,0,0,1,0,1
0,1,1,1,1,0,0,1,1,1,0,0,1,1,1,0,1,0,1,0,1,1,0,0,0,0,0,0,1,0,1,1,0,1,0,0,1,0,1,1,1,1,1,1,0,1,0,0,1,1,0,0,0,1,0,0,0,1,0,0,0,1,1,0,1,1,0,1,1,1,1,1,1,1,1,1,0,0,1,1,0,1,0,0,0,0,1,1,1,1,0,0,1,1,0,1,1,1,0,0,0
0,1,1,0,0,0,1,0,0,0,0,1,0,1,1,0,1,1,1,1,0,0,1,0,0,1,1,0,0,1,0,1,1,1,0,1,0,0,0,1,0,0,1,0,0,1,0,1,0,0,1,0,1,0,1,0,1,1,0,1,0,0,0,0,0,1,1,0,1,1,1,0,0,1,1,0,1,0,1,1,1,0,1,0,1,0,0,1,1,1,0,0,1,0,1,0,1,1,0,0,1
1,0,1,0,1,0,1,0,1,0,1,1,0,0,0,1,0,0,0,0,1,1,1,1,0,1,0,1,0,1,1,0,1,0,1,1,0,1,1,1,1,1,0,1,0,0,0,1,0,0,0,0,1,1,1,1,0,1,1,1,1,1,0,0,0,0,0,1,1,1,0,0,0,0,1,1,1,0,0,0,0,1,1,0,1,0,0,1,0,1,0,0,0,0,1,0,0,1,1,0,1
1,0,0,0,1,0,0,0,1,0,1,0,0,1,0,1,0,0,0,0,1,0,0,0,0,0,1,1,0,0,1,1,1,0,1,1,0,0,1,0,1,1,0,0,0,1,1,1,1,1,1,1,1,1,1,1,0,0,1,1,1,1,0,0,0,0,0,1,1,1,0,0,0,1,0,1,0,1,0,0,0,1,1,1,1,1,1,1,0,0,1,0,0,0,1,0,0,1,1,0,1
0,1,0,0,0,1,0,0,1,1,1,1,1,0,0,0,0,0,1,0,0,0,0,0,1,0,0,1,0,0,1,0,1,0,1,0,0,0,1,1,0,1,1,0,0,1,1,0,1,1,0,0,0,0,0,0,0,1,1,0,1,0,0,1,1,1,0,1,1,1,1,1,1,0,1,1,0,0,0,1,1,0,0,0,1,0,1,0,1,0,1,0,1,1,1,1,0,1,0,0,1
1,1,0,0,0,0,0,1,1,1,1,0,0,1,1,1,0,1,0,0,1,1,1,1,0,1,0,0,1,0,1,0,0,1,0,1,1,0,1,1,1,0,1,1,1,0,0,1,1,1,0,0,1,1,1,0,0,1,0,0,1,1,1,1,0,1,1,0,1,1,1,1,1,0,1,1,0,0,0,1,0,0,1,1,1,1,0,0,0,0,0,0,0,1,1,1,1,1,0,0,1
1,0,1,1,1,1,0,0,0,0,0,1,0,0,0,1,0,0,1,0,0,0,0,1,1,1,0,0,0,1,0,1,1,0,0,0,0,0,0,1,0,1,0,0,1,1,0,0,1,0,0,0,0,1,0,0,0,1,1,1,1,0,0,1,1,0,0,1,0,1,1,0,0,1,0,1,0,0,1,0,1,0,1,1,0,0,0,0,0,0,0,0,1,1,0,0,1,0,0,0,0
0,0,0,1,1,1,1,1,1,0,0,0,0,0,1,0,1,0,0,1,0,0,0,1,1,0,1,0,1,1,1,0,0,0,0,1,0,0,0,1,1,0,1,0,0,1,0,0,0,0,0,1,1,1,0,0,0,0,0,0,0,1,0,1,0,0,0,0,1,0,1,1,0,1,1,1,1,0,0,1,0,0,0,1,0,0,1,1,0,0,1,0,1,1,1,1,1,0,1,1,0
0,1,0,0,1,0,1,0,0,1,0,0,0,0,1,1,0,1,1,0,1,0,1,1,0,1,0,1,1,0,1,1,1,0,1,0,0,1,1,0,1,0,0,1,0,0,1,0,0,0,0,1,0,0,0,0,1,0,1,1,1,0,1,1,1,1,0,0,0,1,0,0,0,1,0,1,1,1,0,0,1,1,0,1,1,1,1,1,1,0,0,0,1,0,0,0,1,0,0,1,1
1,1,1,1,0,0,0,1,1,1,1,0,0,0,1,1,0,0,1,0,0,1,0,0,1,1,1,1,1,1,0,0,1,1,0,1,0,1,1,1,0,0,1,1,0,0,1,1,1,0,0,1,1,1,0,0,1,0,0,0,1,0,0,1,0,1,0,0,0,1,0,1,1,1,1,0,1,0,1,0,0,1,0,0,0,1,0,0,0,1,0,1,0,1,0,0,1,0,1,1,1
0,1,1,0,0,0,0,1,0,0,0,0,0,0,1,1,1,1,1,1,1,0,1,0,1,0,0,0,0,1,0,0,0,0,1,1,0,0,0,0,1,0,1,1,0,0,1,0,1,1,0,0,1,1,0,0,1,0,0,0,1,0,1,0,0,0,0,0,0,1,0,0,0,1,0,0,0,0,1,1,0,1,1,0,1,1,0,1,0,1,0,1,0,1,1,1,1,0,0,1,1
0,1,1,0,1,1,1,0,1,0,0,0,0,0,1,0,0,0,1,1,1,1,0,1,0,0,1,0,0,1,0,1,0,0,0,0,1,1,1,0,0,1,1,0,1,0,1,0,1,1,1,1,1,0,0,0,0,1,1,0,1,1,0,0,1,0,1,1,0,0,0,0,1,1,1,0,0,1,1,1,1,1,1,1,0,1,1,0,0,1,0,0,1,0,0,0,0,0,1,1,0
1,0,0,1,0,1,1,0,1,1,0,1,0,1,0,1,1,0,0,1,1,1,0,0,0,1,1,0,1,1,0,1,1,1,0,1,1,1,1,0,0,1,0,0,1,1,1,0,0,0,0,1,0,1,0,0,1,0,0,1,0,1,1,0,0,0,0,0,0,1,1,0,1,0,0,0,0,1,1,0,1,1,1,0,0,0,0,0,0,1,0,0,0,1,1,0,0,1,0,1,0
0,1,1,1,0,0,1,0,1,1,0,1,0,1,1,1,1,0,1,1,1,0,0,0,0,1,1,1,0,1,1,0,0,1,0,1,0,0,0,0,1,1,1,1,1,0,0,0,0,1,1,1,0,1,0,0,0,1,0,0,1,0,0,1,0,1,1,1,1,1,0,1,0,0,0,1,1,1,1,0,0,0,0,0,0,0,0,1,0,1,0,1,1,0,0,1,1,0,0,0,0
0,0,0,0,0,1,1,0,0,0,1,0,0,0,0,1,0,0,0,1,1,0,1,1,1,1,1,1,0,0,1,0,1,1,0,0,0,1,1,0,1,1,0,0,0,0,1,1,1,1,1,0,1,1,1,1,1,0,1,1,1,1,1,0,0,1,0,1,1,0,0,0,0,0,0,1,0,0,1,1,1,1,0,0,1,1,0,1,0,1,1,1,1,0,0,0,0,0,0,0,1
0,0,0,0,1,1,1,1,0,1,0,1,1,0,1,0,1,0,1,0,0,0,0,0,0,0,0,1,0,1,0,1,0,1,0,1,0,1,0,1,0,1,1,1,1,0,1,1,0,0,0,1,1,0,0,1,0,0,0,1,0,0,1,0,1,0,1,1,0,0,1,1,1,1,0,1,0,0,1,1,1,0,1,0,0,1,1,0,1,1,1,1,1,0,1,1,1,0,0,1,0
1,0,1,0,0,1,0,0,1,1,1,1,0,0,0,1,0,0,0,0,1,1,0,1,0,0,0,0,1,0,1,0,1,0,1,1,1,0,0,0,1,0,0,1,0,1,0,1,1,0,0,0,1,1,1,1,0,1,1,1,0,0,0,0,1,0,1,0,0,1,0,0,0,0,1,1,1,0,1,0,1,0,1,0,0,1,1,1,1,1,0,1,1,0,1,0,1,0,0,1,1
0,1,0,1,0,1,0,0,0,1,0,0,1,0,1,0,0,0,1,1,1,0,1,0,0,1,0,0,1,1,0,1,0,0,1,0,1,0,1,1,1,1,0,1,1,1,0,1,0,1,1,1,0,1,0,1,0,1,0,1,0,0,0,1,0,0,0,0,0,0,0,0,1,0,1,1,1,0,1,1,0,1,0,0,0,1,0,0,1,0,1,1,0,1,1,0,1,1,1,0,0
0,1,1,1,0,1,0,0,1,1,1,0,0,1,1,1,1,0,0,0,1,1,0,1,1,1,1,0,1,1,0,1,0,1,1,0,0,1,0,1,0,0,1,1,1,1,0,0,0,1,1,1,1,1,0,0,1,1,1,0,0,0,1,1,1,0,1,0,0,1,1,0,0,0,0,1,0,0,0,0,1,0,0,1,0,1,1,0,0,0,1,1,0,1,0,1,1,0,1,0,0
1,0,1,1,1,1,0,1,1,0,1,0,0,1,1,1,1,0,0,1,0,1,1,0,0,1,0,0,1,1,0,1,0,1,0,1,1,1,1,1,1,1,1,0,0,1,1,0,1,1,0,0,1,1,1,0,1,0,1,1,0,0,0,0,1,1,0,0,1,0,0,0,0,1,1,0,1,0,1,0,0,1,1,1,0,0,0,1,1,1,1,1,0,0,0,0,0,1,1,1,1
0,1,1,1,1,0,1,0,0,0,0,0,1,1,1,0,0,1,1,0,1,1,1,1,1,1,0,1,0,1,1,1,0,1,1,0,0,1,1,1,0,0,1,0,1,0,0,1,1,1,0,0,1,0,1,1,1,1,1,1,1,0,0,1,0,1,1,0,0,0,0,1,0,0,0,1,0,1,1,1,1,1,1,0,1,1,0,0,1,0,1,0,0,0,0,0,1,1,0,0,1
0,1,0,0,1,0,0,1,1,0,0,0,0,0,1,1,1,1,0,0,1,1,0,1,0,1,0,1,1,1,0,0,1,1,0,1,1,1,1,0,0,1,0,1,0,1,1,1,0,1,0,0,0,0,0,1,0,0,1,0,1,0,0,0,0,1,0,0,0,0,0,0,1,1,1,0,1,1,1,0,1,0,1,0,1,1,0,1,0,1,1,1,0,1,1,0,0,0,1,0,1
1,0,0,0,0,1,0,0,1,1,1,0,1,1,1,1,0,1,0,0,1,1,1,0,1,0,0,0,0,1,1,1,1,0,0,0,0,0,1,0,1,1,0,0,0,1,1,1,0,1,1,0,1,1,1,0,1,0,0,1,0,1,0,1,0,1,0,1,0,1,1,0,0,0,1,1,1,1,1,1,0,0,0,0,1,1,1,0,0,1,1,1,0,0,1,0,1,1,0,0,1
1,1,1,1,0,0,1,0,0,1,0,0,0,1,1,0,0,1,0,1,0,0,0,1,0,1,1,0,0,0,0,1,0,0,0,1,0,0,1,0,1,1,1,0,0,0,1,1,0,1,1,0,0,0,1,1,0,0,1,1,1,1,0,0,0,0,1,0,1,1,1,1,1,1,1,0,0,0,0,0,0,1,0,0,0,0,1,0,1,1,0,0,0,0,0,0,0,0,1,0,1
1,0,1,1,1,1,0,1,1,0,0,0,0,1,0,0,0,0,1,0,1,0,1,1,1,1,1,1,1,1,1,1,1,0,1,1,1,0,1,0,1,1,1,1,0,1,1,1,0,0,1,0,1,1,0,1,0,1,1,0,0,1,0,1,1,0,1,0,0,1,0,1,0,1,1,1,0,0,0,1,1,1,0,1,1,0,0,0,1,1,1,1,1,1,1,1,1,1,1,0,1
1,0,0,1,1,1,1,0,1,0,1,1,0,1,1,1,1,1,1,1,1,1,1,0,1,1,0,0,0,0,1,1,0,1,0,0,1,1,0,1,1,0,1,0,0,0,1,1,0,0,1,1,1,1,1,1,1,0,0,0,1,1,0,0,0,0,1,0,0,0,0,1,1,1,0,1,1,0,0,1,1,0,1,0,1,1,1,1,0,1,0,0,1,1,1,1,0,1,1,0,1
0,1,1,1,0,0,0,1,1,1,1,1,1,1,0,1,1,1,0,1,0,0,1,0,0,0,0,0,0,1,1,1,0,1,1,1,0,1,0,1,0,1,0,0,0,1,0,1,0,0,1,0,1,0,1,0,1,0,1,1,1,0,1,0,1,1,1,0,1,0,0,0,0,0,1,0,0,0,0,0,0,1,1,0,1,0,0,1,1,1,1,1,0,1,1,0,0,1,0,1,1
1,0,0,1,1,1,1,1,1,0,0,0,0,0,1,0,1,0,0,0,0,1,0,1,0,1,0,0,0,0,1,0,1,0,0,1,0,0,0,1,1,0,0,1,1,1,1,1,1,0,0,1,0,1,0,0,1,0,0,1,1,1,1,1,0,1,0,0,1,1,0,0,0,1,0,0,0,1,0,0,1,0,1,0,0,0,0,0,0,0,1,0,1,1,0,1,0,0,1,1,1
1,0,1,1,0,0,1,0,1,0,0,0,0,1,0,0,0,0,0,1,0,0,1,1,0,0,1,1,0,0,0,1,0,1,1,0,1,0,1,0,1,1,1,1,0,0,0,1,0,1,1,1,0,0,0,1,0,0,1,0,0,0,1,1,0,0,1,1,0,0,1,1,1,1,1,0,1,1,0,0,1,0,1,1,1,1,1,1,1,0,1,1,0,1,0,0,0,0,0,1,1
1,0,0,1,1,1,1,1,0,0,1,1,0,0,0,1,0,0,1,0,0,1,1,1,0,0,0,1,0,0,0,0,0,1,0,1,1,0,0,0,1,0,0,0,0,1,1,0,0,0,1,0,0,0,0,0,0,1,1,0,1,1,1,0,0,0,1,1,0,0,1,1,0,0,0,0,0,0,0,1,0,1,0,0,1,1,1,0,0,1,0,1,0,0,1,1,1,1,0,1,0
0,0,1,1,1,1,0,0,1,1,1,0,1,0,0,0,0,1,1,1,1,1,1,0,1,1,0,0,1,0,0,0,1,0,0,0,1,0,0,1,1,0,1,1,0,0,1,1,1,0,0,0,0,0,0,0,1,1,0,1,0,0,0,0,1,1,1,1,0,1,1,0,0,0,0,1,0,1,0,1,1,0,1,1,0,1,0,1,0,0,1,1,1,0,1,1,1,1,0,0,1
0,1,1,1,0,0,1,0,0,0,0,1,0,1,0,0,1,0,1,0,1,1,1,0,0,0,1,1,1,0,0,1,1,1,0,1,0,0,1,0,1,0,0,1,0,1,0,1,1,1,1,0,0,0,0,0,1,0,0,0,1,0,1,0,0,0,0,0,1,0,0,0,0,1,1,0,0,0,0,1,0,0,0,0,0,0,1,0,0,0,1,0,1,0,1,0,0,0,0,0,0
1,1,0,1,1,1,0,1,1,1,1,1,1,0,0,1,1,0,1,1,1,1,0,0,0,1,1,1,0,1,1,1,1,0,0,0,0,0,1,0,1,0,1,0,1,1,1,0,1,0,0,1,1,0,0,0,1,0,1,1,0,0,0,1,0,1,0,1,0,0,1,0,1,1,0,0,1,1,0,0,1,1,0,1,0,0,0,1,0,0,0,0,1,0,0,1,0,1,0,0,1
1,1,1,0,0,0,0,0,1,0,0,0,1,0,1,1,0,0,0,0,0,1,0,0,0,0,1,0,1,0,0,1,1,0,0,0,0,1,1,0,0,0,1,1,1,0,0,1,0,0,0,1,0,1,0,0,0,1,1,1,1,1,1,0,0,1,1,0,1,0,0,0,0,0,0,1,1,1,0,1,0,0,0,1,0,0,1,1,1,0,1,1,1,1,0,0,0,1,0,1,0
1,0,1,1,1,0,0,1,0,0,1,1,1,1,0,0,1,1,0,0,0,0,1,1,0,1,0,0,1,1,1,0,1,0,1,0,0,1,0,1,1,0,0,0,1,0,1,1,1,0,1,1,1,1,1,0,1,0,1,1,0,1,0,0,0,0,0,0,1,0,1,1,1,0,1,0,0,0,0,1,1,1,0,1,0,0,1,1,0,0,0,0,0,1,1,1,0,0,0,1,1
1,0,0,0,1,1,0,1,1,1,0,1,1,0,1,1,0,1,1,1,0,0,1,0,0,0,0,0,1,1,0,0,1,0,0,1,0,0,1,0,1,1,1,0,1,0,1,0,1,1,0,1,0,0,0,1,0,1,0,0,1,0,0,0,0,1,0,0,1,1,1,0,0,1,0,1,0,1,0,0,0,1,1,1,1,1,1,1,0,1,1,1,1,1,1,0,0,0,0,1,1
1,1,1,0,0,1,0,0,1,0,1,1,1,1,1,0,1,0,0,1,0,0,0,0,0,1,0,0,1,1,1,1,0,0,0,0,1,1,1,1,1,0,0,1,1,1,1,1,0,1,1,1,1,0,0,0,1,0,1,1,0,0,0,0,0,1,0,0,0,0,1,0,1,1,1,1,0,1,0,1,1,1,1,1,1,0,0,0,0,1,1,0,1,0,0,1,0,1,0,1,1
1,1,0,1,1,0,1,0,0,1,0,1,1,1,1,0,1,0,1,1,0,1,0,0,0,0,0,1,0,0,1,0,0,0,0,0,1,1,1,1,1,1,1,1,1,1,1,1,1,0,1,1,0,0,0,0,0,1,1,1,0,1,1,1,1,0,1,0,0,1,1,1,1,1,1,1,0,0,0,1,1,1,0,0,0,1,1,0,1,0,1,0,1,0,1,1,0,1,0,1,0
0,1,1,1,0,0,0,0,1,1,1,0,0,0,1,0,0,1,1,1,0,1,0,1,1,1,0,0,1,1,1,1,0,1,1,1,0,0,1,1,0,1,1,1,0,0,1,0,0,1,1,1,1,1,1,1,0,0,1,0,1,0,0,0,1,0,0,1,0,1,0,1,0,1,0,1,0,1,0,1,0,0,0,0,0,1,1,1,0,0,1,1,0,1,0,1,1,1,1,1,1
0,1,1,1,1,1,0,0,0,0,1,1,1,0,1,0,1,0,1,0,0,1,0,1,0,1,1,1,1,1,1,0,1,1,1,0,1,0,1,1,0,1,1,1,1,0,0,1,0,1,1,1,0,1,1,0,0,0,1,1,0,1,1,0,0,1,0,1,1,1,0,1,0,0,1,0,1,1,1,1,0,1,0,1,0,1,0,0,1,1,0,1,0,1,0,0,1,0,0,1,0
1,0,0,0,1,0,0,1,1,0,1,1,1,1,0,1,0,0,1,0,1,0,1,0,1,0,0,1,1,1,0,0,0,1,1,0,0,1,1,0,1,0,0,0,0,0,1,1,0,0,0,1,0,1,1,0,0,1,1,1,0,1,1,0,1,1,1,1,1,1,1,0,0,0,1,1,1,1,1,1,0,1,0,0,1,1,0,1,1,0,0,0,1,1,0,1,0,0,0,1,1
0,0,0,1,0,1,0,0,1,0,1,1,1,1,1,1,0,1,1,1,1,0,0,1,0,1,1,0,0,1,1,0,0,0,1,1,0,1,1,1,0,1,1,0,1,0,1,0,0,0,0,0,1,0,1,0,0,0,0,1,1,0,1,1,1,1,0,1,1,0,0,0,1,0,0,0,0,1,0,0,1,0,1,0,0,1,1,1,0,1,0,0,0,0,0,1,1,0,0,1,0
0,0,0,0,1,1,0,1,0,0,0,1,1,1,0,1,0,1,0,1,1,1,0,1,0,0,0,1,1,1,0,0,1,0,0,1,1,1,1,0,0,0,0,1,0,0,0,0,1,1,1,0,1,0,0,1,1,1,1,0,0,0,1,0,0,0,0,0,1,1,0,0,1,1,0,1,1,1,0,1,1,1,1,1,0,0,0,0,0,0,0,1,1,1,1,0,0,0,1,0,1
0,0,1,1,0,1,0,0,1,1,0,1,0,1,1,0,0,0,1,1,0,0,1,0,1,0,0,0,0,0,0,1,0,0,1,1,1,0,0,1,0,0,0,1,0,1,1,1,0,0,0,1,0,0,1,1,1,1,0,1,0,0,0,0,1,1,1,0,1,0,0,0,1,1,1,0,0,0,0,1,1,1,1,0,0,0,1,1,1,0,0,1,1,0,0,1,0,0,0,0,0
1,0,1,1,0,1,0,0,1,0,0,0,1,1,1,0,1,1,0,1,1,1,1,1,0,0,1,0,0,1,1,0,0,0,1,0,1,0,0,1,1,1,1,0,1,0,1,1,1,1,0,0,0,1,0,0,1,1,1,0,1,1,1,0,0,1,0,1,1,1,0,0,1,1,0,0,1,0,0,0,0,1,0,1,1,1,0,0,1,1,0,1,0,1,0,1,0,0,1,1,0
0,0,1,1,0,0,1,1,1,1,0,0,0,1,1,0,1,1,0,1,1,1,0,0,0,0,0,0,1,0,0,1,1,1,1,0,0,0,1,1,0,1,0,1,1,1,1,0,1,1,1,0,0,0,1,0,0,1,1,1,0,1,0,0,1,1,1,0,1,0,1,0,0,0,0,1,1,0,1,1,1,1,0,1,0,0,0,1,0,0,1,1,1,1,1,0,1,1,0,1,1
1,0,1,0,1,0,0,0,1,1,0,0,0,0,0,1,0,0,0,0,0,1,1,0,1,0,1,1,1,1,0,1,1,1,0,0,0,0,1,1,1,1,1,1,1,0,0,0,1,1,0,0,0,0,1,0,0,1,0,0,0,0,0,0,0,0,0,1,0,0,1,0,0,1,0,1,0,0,0,0,0,0,1,1,1,1,1,1,0,0,1,0,1,1,1,1,0,0,0,0,1
0,1,0,1,1,0,0,1,0,1,1,0,1,1,1,0,1,0,1,0,1,1,0,0,1,1,1,0,1,1,1,1,1,1,1,1,0,1,1,1,0,0,0,1,1,0,1,0,1,0,1,1,1,0,1,1,1,0,0,0,0,1,0,1,0,0,1,0,1,0,0,1,0,1,1,1,0,1,1,0,1,1,1,1,1,0,0,0,0,0,0,1,0,1,0,0,0,1,0,0,1
0,1,0,1,1,0,0,0,1,0,0,1,1,1,1,1,1,0,0,0,0,1,0,1,1,1,0,0,1,1,1,1,0,0,1,1,0,0,1,1,1,1,0,0,1,0,1,1,1,0,1,1,0,0,0,0,0,0,1,1,0,1,0,0,1,1,0,1,1,1,1,0,0,1,1,0,1,0,0,1,0,1,0,0,1,0,0,1,0,0,0,0,1,0,0,1,0,0,1,0,1
1,0,0,1,0,1,1,1,0,0,1,0,1,1,1,1,0,0,1,0,1,1,1,1,0,1,1,1,1,0,0,1,1,0,0,1,0,1,0,1,1,1,0,1,0,0,0,1,1,0,1,1,0,1,0,1,0,1,1,1,0,0,0,1,1,0,1,1,1,1,0,0,1,0,1,1,0,1,1,1,1,1,1,1,0,0,0,1,0,1,1,1,0,0,1,1,0,0,0,1,0
0,1,0,1,1,0,0,0,0,1,1,1,0,0,1,0,0,1,1,1,1,0,1,0,0,0,1,0,1,0,0,0,1,0,1,1,0,0,0,0,1,1,0,0,0,1,1,0,0,1,1,1,0,0,1,0,0,1,1,0,0,0,1,0,0,1,1,1,0,1,1,1,0,1,1,0,0,1,1,0,0,1,0,0,1,0,0,0,0,1,0,0,0,1,1,0,1,0,0,1,1
1,1,1,0,0,1,1,1,0,0,1,1,0,0,1,1,0,0,1,0,0,1,0,1,0,1,0,0,0,1,1,0,1,0,1,0,0,0,1,1,0,1,0,1,0,0,1,0,1,1,0,0,0,1,0,1,1,0,1,1,1,0,1,1,1,1,0,0,1,1,1,1,1,1,0,0,1,1,0,0,1,1,0,0,1,0,0,0,1,1,0,0,0,1,0,1,1,0,1,1,1
0,1,0,0,0,0,1,0,1,0,0,1,0,0,1,0,1,0,0,1,1,1,0,0,1,1,0,0,1,0,1,0,0,1,1,1,1,1,0,0,1,0,0,1,0,0,1,1,0,1,1,1,0,1,0,1,1,1,1,0,0,1,0,1,0,0,1,0,1,1,0,1,1,0,0,0,1,0,0,0,0,0,0,1,1,1,1,1,1,0,1,1,0,1,0,1,1,1,1,1,1
0,0,1,0,1,0,1,0,1,0,0,0,0,1,0,0,0,1,0,1,1,0,1,1,1,0,0,1,0,0,0,0,0,1,0,0,1,1,0,1,0,1,0,0,1,0,1,0,1,1,0,1,1,1,1,1,1,0,1,0,1,1,1,1,0,1,0,0,1,0,0,0,1,1,0,0,0,1,0,0,1,1,0,0,1,1,0,1,1,1,1,1,0,1,1,0,0,0,0,0,1
1,1,1,0,1,0,1,0,1,0,1,0,0,0,1,0,1,1,0,1,1,1,0,1,0,0,1,1,1,0,1,1,0,0,0,1,1,1,1,1,1,1,0,1,0,0,0,1,1,1,1,0,1,0,1,0,0,0,1,1,0,0,1,0,1,0,1,1,0,1,0,0,0,1,0,1,0,0,0,1,0,0,1,1,0,1,0,1,0,0,1,0,1,0,1,1,1,1,0,0,1
0,1,0,0,1,1,1,0,0,1,0,0,1,0,1,1,1,1,1,1,1,1,0,1,0,0,0,1,1,1,0,1,1,0,0,1,1,0,1,0,0,1,0,1,0,0,1,1,1,0,0,0,0,0,0,1,0,1,0,1,1,0,0,1,1,1,1,0,1,0,0,1,1,0,0,1,0,0,0,1,0,0,0,0,1,0,0,1,0,0,1,0,1,0,0,1,0,1,0,0,0
1,0,1,1,1,1,1,1,0,0,1,0,1,1,1,0,1,0,0,0,0,0,1,0,0,1,1,1,0,1,1,1,1,1,1,0,1,0,1,0,0,0,1,0,1,0,0,0,1,1,1,0,1,1,0,0,1,1,1,0,0,1,0,0,0,1,0,0,0,0,0,0,1,1,1,1,1,0,1,1,0,1,0,0,1,1,1,0,1,1,1,0,1,1,0,1,1,0,1,0,1
0,0,1,0,0,1,0,1,1,0,0,1,1,1,0,1,0,0,0,0,0,1,1,0,0,0,0,1,0,1,0,1,1,0,0,0,0,0,0,1,0,0,0,0,1,0,0,1,1,0,1,0,0,0,0,1,0,1,1,1,1,0,0,0,0,0,0,1,0,0,0,0,0,1,0,1,0,1,0,0,1,0,1,1,0,0,0,0,0,0,0,1,0,0,1,0,1,1,1,0,1
0,0,1,0,1,1,0,1,1,0,1,1,1,0,0,0,0,0,0,0,0,1,0,1,0,0,0,1,0,1,1,0,0,0,0,0,0,1,1,1,1,0,1,1,0,0,1,0,0,1,1,0,0,1,1,0,0,0,0,0,1,1,0,1,0,1,0,0,1,0,1,1,0,0,1,1,0,1,1,0,0,0,1,0,1,0,1,0,1,0,1,1,1,1,1,1,1,0,0,0,1
0,1,1,0,0,0,0,0,1,1,0,1,1,1,1,0,1,0,1,0,0,0,0,1,0,0,1,0,0,0,0,0,1,1,0,0,0,1,0,0,1,0,1,1,0,1,0,1,0,0,1,0,0,0,1,1,0,0,0,1,0,0,1,1,0,0,1,1,0,1,1,1,1,1,0,1,1,0,0,0,1,1,0,0,1,1,1,1,1,1,0,1,1,0,0,1,0,0,1,0,0
1,1,1,0,0,0,0,0,0,1,0,0,1,0,0,1,1,1,0,0,0,0,0,1,1,1,0,1,1,0,0,0,0,0,1,0,1,1,0,1,0,1,0,0,1,0,0,0,0,1,1,0,0,0,0,0,0,1,1,0,0,1,1,0,1,0,0,0,1,1,1,1,1,1,1,0,0,0,0,0,0,1,1,1,0,1,1,0,1,1,0,1,1,1,1,0,1,1,1,1,1
1,1,1,0,1,0,0,0,0,0,0,1,0,0,0,1,0,0,0,1,1,0,0,1,0,1,0,1,1,1,1,1,0,1,0,0,1,1,1,0,1,0,0,1,1,1,0,0,0,1,0,1,1,0,1,0,0,1,0,1,1,1,1,0,1,1,1,0,1,1,1,0,1,1,0,0,1,0,0,1,1,0,0,0,1,1,1,0,0,1,0,1,0,0,0,0,0,1,1,0,1
0,1,1,0,1,0,0,0,1,0,1,1,1,1,1,1,0,1,1,0,0,1,0,1,1,0,0,0,0,0,1,0,1,0,1,0,1,1,1,0,1,1,0,1,0,0,0,1,0,1,0,1,0,0,0,0,1,1,1,0,1,0,1,0,0,0,0,0,1,1,0,1,0,0,0,0,1,0,0,0,0,0,1,1,0,1,1,1,1,1,1,0,0,1,0,0,0,1,1,0,1
0,1,0,0,0,0,0,1,0,1,1,0,0,0,1,0,1,1,1,0,0,1,1,0,1,1,1,1,1,1,0,0,1,1,0,1,1,1,1,0,0,0,0,0,1,1,1,0,1,1,0,1,1,0,0,1,0,1,1,1,1,0,1,1,1,1,0,0,0,0,0,0,1,1,1,1,1,1,1,0,0,1,0,1,1,1,0,1,0,1,0,1,0,0,0,0,1,1,1,1,1
0,1,1,0,1,0,0,1,1,0,1,1,0,1,1,0,1,1,0,0,0,1,1,1,0,0,0,1,1,0,0,1,1,1,1,1,0,0,0,0,0,1,1,1,0,1,1,0,1,0,0,0,1,0,0,1,1,1,0,0,0,1,0,0,0,1,1,0,0,0,1,0,0,0,1,0,0,0,1,0,0,1,0,0,1,1,0,0,0,0,0,1,1,0,1,0,0,0,1,0,1
1,0,1,0,0,0,0,0,1,1,1,1,1,0,1,0,0,1,0,1,0,1,0,0,1,1,1,1,0,1,1,1,1,0,0,1,0,0,0,0,0,0,1,0,0,0,0,1,1,0,1,1,1,0,1,0,1,0,0,0,1,1,1,0,0,0,1,1,0,1,1,0,0,1,0,1,0,1,0,1,1,1,1,0,1,0,1,0,0,1,0,0,0,0,1,0,1,1,1,1,1
1,0,0,0,1,0,1,1,1,1,0,1,0,1,1,1,1,0,0,1,0,1,1,0,0,1,0,0,1,1,1,0,1,0,0,1,0,0,1,1,1,1,0,1,0,1,1,1,0,1,0,0,1,0,0,1,0,1,0,0,1,1,0,0,1,0,1,0,1,1,0,0,0,0,1,1,1,0,0,0,0,0,1,1,0,1,1,0,1,0,1,0,0,1,0,0,0,0,1,1,1
0,0,0,0,0,1,0,0,1,0,0,1,1,1,0,0,1,1,0,1,0,0,1,1,0,1,1,1,0,0,0,1,0,0,0,1,0,1,1,1,0,0,1,0,0,1,0,0,1,1,1,1,0,0,1,0,0,0,1,0,0,0,1,0,0,1,1,0,0,0,0,0,1,0,1,0,0,1,1,1,0,0,1,1,0,0,1,0,0,0,1,0,1,0,1,1,0,1,0,0,1
1,1,1,0,0,1,0,0,0,0,0,0,0,1,1,0,1,0,0,1,0,1,0,0,0,1,0,0,0,0,1,0,0,0,1,0,0,1,1,1,0,1,1,0,1,1,1,0,0,1,0,0,0,1,0,1,1,0,1,1,1,1,1,1,0,1,1,1,1,1,1,1,0,1,1,1,1,0,0,1,1,0,0,1,1,0,0,0,0,0,1,0,0,1,1,1,1,1,1,0,1
0,1,0,0,1,0,0,1,1,1,0,1,1,0,1,1,0,1,1,1,0,0,1,1,1,0,0,1,0,1,1,0,0,0,1,0,1,1,1,1,0,0,0,1,1,0,1,0,1,0,0,0,1,1,0,0,1,0,1,0,1,0,0,0,0,0,0,1,1,1,1,0,0,1,0,0,0,1,1,0,1,1,0,0,0,1,1,0,0,0,1,0,1,1,0,0,0,1,0,0,1
0,1,1,1,0,0,1,1,1,0,0,1,1,0,1,0,0,0,1,1,0,1,1,0,0,1,1,1,0,1,0,0,1,1,1,0,0,1,1,0,0,0,1,1,0,1,0,0,0,0,0,0,1,0,0,0,1,0,1,0,1,1,0,1,1,0,1,0,1,0,1,0,0,1,0,0,0,0,0,0,1,0,0,0,0,0,1,1,0,0,1,0,1,0,0,0,0,0,0,0,0
0,1,0,1,1,0,0,1,1,1,1,0,1,0,0,0,0,1,1,1,1,1,1,0,0,0,1,0,1,0,1,0,1,1,1,1,0,1,0,1,1,1,1,0,0,0,0,1,1,0,0,0,0,0,1,1,1,0,1,0,0,1,1,0,0,1,0,0,1,1,1,1,1,0,0,0,0,1,1,0,1,0,0,1,0,1,1,1,0,0,0,1,0,1,0,0,1,0,0,0,1
1,0,0,0,0,1,1,0,1,1,1,1,0,1,1,1,0,1,1,0,1,1,1,0,1,1,1,0,0,1,1,0,1,1,0,0,1,1,0,1,1,1,1,0,0,0,1,0,1,0,1,1,0,0,0,0,1,1,1,1,1,0,1,0,1,1,0,0,0,0,0,0,0,0,0,1,0,0,0,0,1,1,0,1,0,1,0,0,1,0,1,0,1,1,0,1,0,0,1,1,1
1,0,0,0,1,0,0,1,0,0,0,0,1,0,0,0,0,1,1,0,0,0,1,0,0,1,1,0,1,0,1,1,0,0,1,0,1,1,1,1,1,0,1,0,1,1,0,1,0,0,0,0,1,1,0,1,0,1,0,1,1,1,1,0,1,0,1,1,0,0,0,0,0,1,1,1,1,0,0,0,0,0,0,0,1,0,1,0,1,0,1,1,1,1,0,0,1,1,1,1,1
0,0,0,0,0,1,1,0,0,1,1,1,0,1,1,0,1,1,1,0,1,0,0,1,1,1,1,1,0,0,0,1,1,0,0,1,0,0,0,1,0,1,0,0,1,0,0,1,0,1,0,0,1,0,1,1,1,1,1,1,0,1,1,1,0,1,1,1,0,0,0,0,0,1,1,0,1,1,0,1,0,0,1,1,0,1,0,0,0,1,1,0,0,1,0,0,1,0,1,0,0
0,0,0,0,0,0,0,1,1,0,0,0,0,0,1,1,0,0,0,1,1,1,1,0,0,0,0,0,0,1,1,0,0,0,1,0,1,0,0,0,1,0,1,0,1,1,1,1,1,0,0,1,0,0,0,1,1,1,0,1,1,1,1,0,1,1,1,1,1,1,0,0,0,0,0,0,1,1,0,0,0,0,1,0,1,1,1,1,0,0,1,1,1,1,1,0,0,0,0,0,1
0,0,0,1,0,0,1,1,0,1,0,1,0,1,0,0,0,0,0,0,0,1,1,0,0,0,1,1,0,0,1,1,0,0,0,1,1,1,0,0,1,1,1,1,1,0,0,1,1,1,0,1,1,1,0,1,1,0,0,1,0,1,0,0,1,1,0,0,1,0,1,1,0,0,1,1,1,0,1,1,1,1,0,1,0,0,0,0,1,0,1,0,0,1,0,1,0,0,0,1,0
0,1,1,0,1,0,0,0,0,0,0,0,0,0,0,1,0,0,0,1,1,0,0,0,0,1,1,0,1,1,0,0,0,0,1,0,1,0,1,0,1,0,1,0,0,0,0,1,0,1,1,1,1,1,1,0,0,1,0,1,1,0,1,1,0,0,0,1,0,1,1,1,1,0,0,1,0,0,1,0,0,0,1,0,0,1,0,1,1,0,1,1,1,1,1,1,0,0,0,1,1
0,1,1,1,1,0,0,0,0,1,0,1,1,1,0,0,1,0,1,0,1,0,1,1,0,0,0,0,0,0,0,1,0,0,1,0,1,1,0,1,1,0,1,0,0,0,0,0,1,1,1,0,1,0,1,1,1,1,1,0,0,1,0,1,0,1,1,1,0,0,0,0,1,0,1,0,1,1,1,0,1,1,1,1,0,0,1,1,1,1,0,1,1,0,0,1,1,0,0,1,1
1,0,1,1,1,0,0,1,1,0,0,0,0,0,0,0,1,1,0,1,1,0,0,1,1,0,0,1,1,0,1,1,1,1,0,0,0,0,1,1,1,1,1,1,0,0,0,0,0,1,1,0,0,0,1,0,1,0,1,0,1,1,1,1,1,1,0,0,0,0,1,1,1,0,1,0,1,0,1,0,0,0,0,0,1,1,1,1,1,0,1,0,1,0,0,0,0,0,1,0,1
1,1,0,1,0,0,0,0,0,0,1,1,1,1,0,1,0,1,0,1,1,0,0,1,0,1,0,1,1,0,1,0,1,1,0,1,0,1,0,0,0,0,0,1,1,0,1,1,1,0,1,0,0,1,0,1,0,1,0,1,1,0,0,1,0,1,0,1,1,0,1,0,0,1,1,0,0,1,0,0,0,0,1,0,1,1,1,0,0,1,0,0,1,0,1,1,0,0,1,1,1
1,0,1,1,0,0,1,1,1,0,1,1,0,1,1,1,0,1,1,1,1,1,0,1,0,1,1,0,0,1,0,1,1,1,1,0,0,1,0,0,0,1,0,0,1,0,0,1,0,0,0,0,1,1,1,0,1,1,0,0,1,0,1,1,0,1,1,1,1,0,0,0,1,0,0,1,1,0,0,0,1,1,0,0,1,1,0,1,1,0,1,0,1,0,1,0,0,0,1,0,0
0,0,1,1,0,1,0,0,1,0,0,0,1,1,1,1,0,0,1,0,1,1,1,1,0,1,0,1,1,0,1,0,1,1,0,0,0,1,1,0,1,1,0,1,0,0,0,1,0,0,0,0,1,0,1,1,0,0,0,0,0,1,0,0,1,0,1,0,1,0,1,0,0,0,1,1,0,0,0,1,0,1,1,1,0,0,1,1,0,1,1,0,1,0,1,0,1,1,0,1,0
1,1,0,0,0,0,0,0,1,1,1,1,1,1,1,0,0,1,1,0,1,1,1,0,0,1,1,1,1,0,0,0,1,1,1,0,0,1,1,1,0,0,0,0,0,0,1,0,0,1,1,1,1,0,1,1,0,1,0,1,0,0,1,1,1,0,1,0,0,0,0,1,0,1,1,1,1,1,1,1,1,0,0,0,0,0,1,0,1,0,0,1,1,1,0,1,1,1,0,1,1
0,1,0,0,0,1,1,0,1,1,1,0,0,0,0,1,1,1,1,1,1,0,0,1,0,1,1,1,1,0,0,0,0,0,1,1,1,0,1,1,0,0,1,0,1,0,1,1,0,0,0,1,1,1,1,1,1,0,1,1,1,1,1,1,1,0,0,1,0,0,1,1,1,1,0,1,0,0,1,0,0,1,0,0,1,0,0,1,0,0,0,0,1,0,1,1,0,1,1,0,0
1,1,1,1,0,0,1,1,0,0,0,0,0,1,0,1,1,1,1,1,0,1,0,0,1,0,0,0,1,0,0,0,1,0,1,0,1,0,1,1,0,0,1,1,1,0,0,1,1,1,1,1,0,1,0,0,0,1,1,0,1,0,0,1,1,0,1,1,1,1,0,1,0,0,1,0,0,0,1,1,1,1,0,1,1,1,1,1,1,0,1,0,1,0,1,0,1,0,0,0,1
0,1,1,0,0,0,0,1,0,0,1,1,0,1,1,1,1,1,0,0,1,0,0,1,1,1,0,1,0,0,1,0,1,0,0,0,1,0,0,0,1,0,0,0,0,1,1,0,1,0,0,0,0,0,1,1,0,0,0,0,0,1,1,0,0,0,1,0,0,1,0,0,0,0,0,0,1,1,0,1,1,1,1,1,1,1,0,0,1,1,1,1,1,0,0,1,0,1,0,0,1
0,1,0,1,0,0,1,0,1,0,1,0,0,1,1,1,0,0,0,0,1,1,0,0,1,0,1,0,1,0,0,0,1,0,0,1,1,1,0,1,0,1,1,0,0,1,1,0,1,1,0,0,1,0,0,1,0,1,0,1,1,1,1,0,1,1,1,0,0,1,0,1,1,1,1,1,1,1,1,0,1,0,0,0,0,0,0,0,1,1,0,1,1,1,1,1,1,1,1,1,0
0,0,1,0,1,1,1,0,1,0,0,1,1,1,0,1,1,1,1,1,1,1,0,1,0,1,0,1,0,1,1,0,1,1,0,1,1,0,0,0,0,1,0,1,1,0,0,0,0,1,1,1,1,0,1,1,1,1,0,1,1,1,1,1,0,0,0,0,0,1,1,0,1,1,0,1,0,1,0,0,0,1,0,0,0,1,0,1,0,1,1,0,1,1,0,1,0,0,0,1,0
0,0,1,0,1,1,1,1,0,1,1,0,1,0,1,0,1,0,1,0,1,0,0,0,1,0,1,1,1,1,1,0,0,0,1,0,1,1,1,0,1,0,1,1,1,0,1,0,1,0,0,1,1,0,1,1,1,1,1,0,0,0,0,1,1,0,0,0,0,1,1,0,0,0,1,0,0,1,1,0,1,1,1,1,0,0,1,1,1,0,1,1,1,0,1,1,0,0,0,1,0
0,1,0,1,0,1,1,0,1,0,0,0,1,0,1,1,1,1,0,1,0,1,0,1,0,0,1,0,0,1,0,1,1,1,0,1,1,1,0,1,0,1,0,1,1,1,1,1,1,0,0,1,0,0,0,0,0,1,1,0,0,0,1,1,1,0,0,0,0,1,0,1,1,0,0,1,1,0,0,0,0,0,0,1,0,1,0,1,1,0,1,1,1,1,1,1,0,0,0,0,0
1,0,1,0,0,1,0,1,0,1,1,1,0,0,0,0,1,1,0,1,0,0,0,1,1,0,0,0,1,1,0,1,0,0,0,1,1,1,1,1,1,1,1,0,1,1,1,1,0,0,0,1,1,0,0,0,1,1,1,1,1,0,1,0,1,1,1,0,0,1,0,0,0,0,0,1,0,0,1,0,0,0,0,1,1,0,1,0,1,1,1,0,0,1,1,1,0,1,0,1,1
0,1,0,1,1,0,0,0,1,1,0,1,0,0,1,1,0,0,1,0,0,1,1,1,0,0,0,1,0,0,1,1,0,1,0,0,1,0,1,0,0,0,0,0,0,0,1,1,1,0,0,0,1,1,1,1,0,1,0,1,1,1,1,1,1,0,0,1,1,0,1,0,0,1,0,0,1,0,1,1,0,1,0,1,0,1,0,0,0,0,1,0,1,0,1,1,1,0,1,0,1
1,0,1,1,0,0,1,0,1,1,0,1,0,0,0,0,1,0,1,0,1,1,0,0,0,0,1,1,1,1,0,1,1,0,1,0,1,0,1,1,1,1,1,0,1,1,1,1,0,1,1,0,0,0,1,0,0,1,1,1,0,1,1,0,0,0,0,0,1,1,1,1,1,0,0,1,0,0,0,0,1,1,1,1,0,1,1,0,1,1,1,0,0,0,0,1,1,0,1,1,0
0,0,1,0,1,0,0,0,1,1,0,1,0,0,1,1,1,1,1,1,1,0,0,1,0,1,0,1,1,0,0,1,1,0,1,1,1,0,1,1,1,0,1,1,1,0,0,1,1,1,1,0,0,1,0,1,1,0,0,0,1,0,0,1,1,1,1,1,0,1,1,1,0,0,1,1,0,0,0,1,0,1,1,1,1,0,1,0,0,1,1,0,1,0,1,0,0,1,0,0,1
0,0,1,1,0,1,1,0,0,1,0,1,0,0,0,1,1,1,0,0,1,1,0,1,1,0,0,0,1,0,1,0,1,0,0,1,1,1,0,1,1,0,1,0,0,1,0,0,1,0,1,0,1,1,0,0,0,0,1,1,1,1,1,0,1,0,0,0,1,1,1,1,1,0,1,0,0,0,0,1,1,1,1,0,1,1,1,1,1,1,0,0,0,1,0,0,1,0,1,1,0
1,1,0,1,0,0,0,1,0,1,1,0,1,0,0,1,1,0,0,1,0,1,1,1,1,1,1,1,0,1,1,0,1,0,1,1,0,1,1,1,1,0,1,1,1,1,0,0,1,1,0,1,0,0,1,0,1,1,0,1,1,1,0,0,0,1,1,1,0,0,1,0,1,1,1,1,1,0,0,1,0,1,1,0,0,0,1,1,0,1,0,1,1,1,1,0,0,0,1,1,1
1,1,1,0,0,1,0,0,0,1,1,1,1,1,0,0,1,1,0,1,1,0,1,1,1,0,0,1,0,0,0,0,0,1,1,1,1,0,1,1,0,0,1,1,0,1,1,0,0,0,0,1,0,0,1,1,0,1,1,1,1,0,0,1,1,0,0,0,1,0,0,1,0,0,1,0,0,1,0,1,0,1,0,1,1,1,1,0,1,0,1,0,0,0,0,1,1,0,0,0,1
1,1,0,0,0,1,0,1,1,1,1,0,0,1,1,1,0,0,0,0,1,0,1,0,1,0,1,0,1,1,1,1,0,1,0,1,1,0,0,0,1,0,1,0,0,1,0,1,0,0,1,0,0,1,0,1,1,0,0,1,1,1,1,1,1,0,1,1,1,0,0,0,1,0,1,0,0,0,0,1,1,1,1,0,0,1,0,0,0,0,0,1,0,0,0,0,1,1,0,1,1
0,1,0,0,1,1,1,1,1,0,0,0,0,1,0,0,0,1,0,0,1,0,0,0,1,0,0,0,1,0,0,1,0,1,1,0,0,1,0,0,1,0,0,0,1,0,1,1,1,1,0,0,1,0,0,0,1,0,1,0,1,0,1,1,1,1,0,1,1,1,0,1,1,0,0,0,1,1,0,0,1,0,0,0,1,1,0,0,1,1,1,1,0,1,1,1,0,1,1,1,1
1,1,0,0,1,0,1,0,0,1,1,0,1,0,0,1,0,0,1,1,0,1,0,0,0,0,0,0,0,0,0,1,0,1,1,1,0,1,1,1,0,0,0,1,1,0,0,0,1,1,0,0,1,1,0,1,1,0,1,0,0,1,0,1,1,0,0,0,1,1,1,0,0,1,0,0,1,1,0,1,0,0,1,0,0,0,0,1,0,0,1,1,0,1,1,1,1,0,1,0,1
1,1,1,1,1,0,1,1,0,1,1,1,0,1,1,1,1,1,1,0,1,1,1,0,0,1,0,0,0,0,0,0,0,1,0,1,0,0,0,1,1,0,0,0,0,1,0,0,1,1,0,0,1,0,0,1,1,0,0,1,0,0,1,0,1,0,1,1,0,0,0,0,1,0,0,1,0,0,1,1,1,1,1,0,1,0,1,1,0,0,0,1,1,1,0,1,0,0,1,0,1
0,0,1,0,0,0,1,0,1,1,1,1,0,1,1,1,1,1,1,1,1,0,1,0,1,1,0,1,0,1,1,1,0,0,1,1,1,0,1,0,0,0,0,0,0,1,1,0,1,1,1,0,1,0,0,1,0,1,0,0,1,0,0,1,0,1,0,1,1,1,1,0,0,0,0,1,1,0,0,0,1,0,1,0,0,0,0,0,0,1,0,0,1,1,0,1,1,0,0,1,1
0,1,1,0,0,1,1,1,1,1,0,0,0,1,1,1,0,1,1,0,1,0,0,0,0,1,1,0,0,0,0,0,1,0,0,0,0,0,0,0,0,1,1,0,1,0,0,0,1,1,1,1,1,1,1,1,1,1,0,0,1,1,0,0,0,0,1,1,1,1,0,1,0,0,0,1,1,1,0,1,1,1,1,0,0,0,1,1,1,1,1,1,1,1,1,0,0,0,0,0,0
1,0,1,1,1,1,0,1,0,1,0,1,1,1,0,1,1,0,1,1,0,1,0,0,1,0,0,0,1,0,0,0,0,1,1,0,1,0,1,1,0,0,1,0,0,1,1,1,1,1,0,0,1,0,1,0,1,1,0,1,0,1,0,0,0,0,0,0,1,0,1,1,1,1,0,1,0,1,1,1,1,0,1,1,1,0,1,0,0,0,1,0,1,1,1,0,1,0,1,1,1
1,0,1,1,1,1,1,1,0,0,1,0,1,1,1,1,1,1,1,0,0,0,0,1,1,1,1,1,1,1,1,0,1,1,1,1,0,1,1,1,0,0,1,1,0,0,0,1,0,0,1,0,0,0,1,1,0,0,0,0,0,1,1,0,0,1,1,0,1,0,1,0,1,0,0,1,0,1,1,1,1,1,1,1,1,1,1,0,0,0,0,1,0,1,1,1,1,0,0,1,1
1,0,1,1,0,0,0,0,0,1,0,1,0,1,1,1,0,1,0,1,0,1,0,1,1,1,0,0,1,1,1,0,1,1,1,0,1,0,1,1,1,1,0,0,1,1,0,1,1,0,0,0,0,1,0,0,0,1,0,0,1,1,1,1,1,0,1,0,0,0,0,0,0,1,1,1,0,1,1,1,0,1,1,1,1,0,1,0,0,0,1,1,0,0,0,0,0,1,1,0,1
1,1,0,1,0,1,1,0,1,0,1,0,0,0,0,0,0,0,0,0,1,0,0,0,0,0,0,0,1,0,0,1,1,1,0,0,0,0,1,1,0,1,1,1,0,0,1,0,0,0,0,0,1,1,1,1,1,1,1,0,0,0,0,0,0,0,1,1,1,0,1,1,1,0,0,0,0,1,1,1,1,0,0,0,1,1,1,0,0,0,1,0,1,0,0,0,1,0,1,1,0
0,1,1,1,1,0,1,0,1,1,0,1,0,0,0,0,0,0,1,0,1,0,1,0,0,1,0,0,0,0,0,1,1,1,1,0,0,0,1,1,1,0,1,0,0,0,0,1,1,1,1,1,0,1,1,0,1,1,0,1,0,0,1,1,1,1,0,0,1,0,0,0,0,0,0,1,1,1,1,1,0,1,0,0,0,1,0,0,1,1,0,1,0,0,1,0,0,0,1,1,1
0,1,0,0,1,1,0,1,1,0,0,0,1,1,0,1,1,0,0,1,1,1,0,1,1,0,1,0,1,0,0,0,1,0,1,0,1,1,0,0,1,1,0,0,0,1,1,1,1,0,1,1,0,1,1,1,1,0,0,1,0,1,0,1,0,0,0,1,1,0,1,0,1,1,0,0,0,1,1,1,0,1,0,0,0,1,0,1,1,1,1,1,0,0,1,1,0,0,1,1,1
1,0,0,1,1,1,1,1,1,1,0,0,1,0,1,1,1,0,0,0,0,1,1,1,1,0,1,1,1,1,0,0,1,0,1,0,0,0,1,0,0,1,0,1,1,1,0,1,0,1,0,0,0,1,0,1,1,0,1,0,1,0,1,1,1,0,1,1,0,0,1,1,0,0,0,0,0,1,0,0,0,1,1,0,0,0,0,1,1,0,1,1,0,1,1,1,0,0,0,0,0
0,0,0,1,1,1,1,1,0,1,0,1,0,0,1,0,1,0,1,0,1,0,0,1,1,0,1,1,0,1,1,1,0,1,0,1,0,0,1,1,1,1,0,1,1,1,0,0,1,1,1,0,1,1,1,0,0,1,1,1,1,1,1,0,0,0,1,1,1,1,0,0,0,1,1,1,1,0,0,0,0,0,1,1,1,0,0,0,1,1,1,0,1,0,0,1,1,1,0,1,0
0,0,0,0,1,0,1,0,1,0,0,0,0,0,0,0,0,0,1,1,0,1,1,1,0,1,0,0,0,1,0,1,1,1,1,0,0,0,0,1,1,0,0,1,0,1,0,1,0,0,0,1,0,0,0,0,1,0,0,1,1,1,1,0,1,0,0,0,1,1,1,0,0,1,1,0,0,1,1,0,1,0,0,1,0,0,0,1,1,1,1,1,1,0,0,0,1,1,0,0,1
1,0,1,0,1,1,1,1,0,1,0,0,0,1,1,1,0,1,1,0,1,0,0,0,0,0,0,0,1,0,1,0,1,0,1,0,1,1,1,0,0,0,0,1,0,1,1,0,1,0,0,1,0,0,0,0,1,1,1,1,0,1,0,1,0,1,0,0,1,1,0,0,1,0,0,1,0,0,1,1,0,1,1,1,0,0,1,1,1,0,0,0,1,1,1,0,1,0,0,0,1
1,1,1,0,0,0,0,1,0,0,0,0,0,1,1,0,1,1,1,1,1,0,1,0,1,1,1,1,0,1,0,1,1,0,1,0,1,1,1,0,1,0,0,1,0,0,0,1,1,0,1,1,0,0,1,1,0,1,0,1,0,0,1,1,0,1,0,0,0,0,1,0,1,0,1,1,1,1,1,0,1,1,0,0,1,1,1,1,1,1,0,1,1,1,0,1,1,1,0,0,1
0,0,0,1,1,0,0,1,0,1,1,0,1,1,0,0,0,0,1,1,0,0,1,1,1,1,0,0,1,1,1,0,1,1,0,0,1,0,1,1,0,0,0,0,1,1,1,1,1,0,1,0,0,1,0,0,1,0,0,1,0,0,1,1,1,0,0,0,1,1,0,0,1,1,1,1,0,1,0,1,1,1,0,1,0,1,1,1,0,0,0,1,0,1,0,0,0,1,0,0,1
0,0,1,0,0,1,1,0,1,0,1,0,0,0,1,0,1,0,1,1,1,1,1,0,1,0,1,0,0,1,0,1,0,0,1,1,0,0,1,0,0,0,0,0,1,0,0,0,1,0,1,1,1,0,1,0,0,0,1,0,1,0,1,1,0,0,1,1,1,0,0,0,0,0,0,0,1,1,0,0,0,1,1,1,1,0,0,0,0,0,0,0,0,0,1,1,1,0,0,0,0
1,1,0,0,1,0,0,0,0,1,0,0,1,0,0,0,1,0,0,1,1,0,1,0,1,0,1,0,1,1,1,1,1,1,0,0,0,1,0,1,0,1,0,1,1,1,0,1,0,1,0,1,0,1,0,0,1,1,0,1,0,0,1,0,0,0,1,1,1,0,1,1,1,1,0,1,1,0,1,0,0,0,1,0,1,0,1,1,0,1,1,1,1,0,0,1,0,0,1,0,1
0,0,0,0,1,1,0,1,0,0,1,0,1,1,1,0,1,1,1,0,0,1,0,1,1,1,1,0,1,1,1,0,1,1,0,1,0,1,0,1,0,0,0,0,1,0,0,0,0,1,1,1,1,1,0,1,1,0,0,0,1,0,0,0,1,0,0,0,1,1,1,0,0,1,0,0,1,0,1,1,0,1,1,1,1,0,1,0,1,0,1,1,1,1,1,0,1,1,1,0,1
1,0,0,1,0,1,0,1,0,1,1,1,1,1,1,0,1,0,0,1,1,1,1,0,1,1,0,0,0,0,1,1,0,1,0,0,0,1,1,1,1,1,0,1,1,0,0,1,1,0,1,0,0,1,1,1,1,0,1,1,0,1,0,0,0,1,0,1,0,1,0,1,1,1,0,1,1,1,0,1,0,1,1,0,1,1,0,1,1,0,1,0,1,1,0,1,0,0,0,0,1
0,1,0,1,1,1,1,0,1,0,0,1,1,0,1,1,1,0,0,0,1,0,0,1,0,1,1,0,0,1,1,0,0,0,0,0,1,0,1,1,0,1,0,0,0,0,1,1,1,0,1,0,1,1,1,1,0,1,0,1,1,0,1,1,1,1,0,0,0,1,0,0,0,1,0,0,0,1,0,1,0,0,0,1,0,1,1,0,1,1,0,1,0,0,1,1,1,0,0,0,0
0,0,1,1,1,0,0,1,0,1,0,0,1,0,0,1,0,0,0,0,0,1,0,1,0,1,1,1,0,1,1,0,1,1,0,1,0,1,1,0,1,1,1,1,1,1,1,1,1,0,1,0,0,0,1,0,0,1,0,0,1,1,0,0,1,1,1,1,1,1,1,0,0,0,0,0,1,1,1,0,1,0,0,0,0,0,1,1,0,0,0,0,0,0,0,1,1,1,1,0,1
1,1,1,0,1,1,1,0,1,1,1,0,1,1,1,0,1,0,0,1,1,0,0,0,1,0,1,1,0,0,0,0,0,1,0,0,0,0,0,1,0,0,1,1,1,1,1,1,0,1,1,1,0,0,1,0,0,1,0,1,1,1,0,1,1,1,1,0,1,1,0,1,1,0,0,0,0,1,1,0,0,0,0,1,0,0,1,1,0,1,0,0,0,1,0,0,0,1,0,1,0
0,1,1,0,0,0,1,1,1,1,1,1,1,1,0,0,0,0,1,0,1,1,0,1,0,1,0,1,1,1,0,1,0,0,1,0,1,1,0,0,0,0,0,1,1,0,1,0,1,0,0,1,1,1,1,0,1,1,1,1,1,0,0,0,0,1,0,0,1,1,0,0,1,0,1,1,0,1,1,0,1,1,0,1,0,0,0,1,0,1,0,1,1,1,0,0,1,0,0,0,0
1,0,0,0,1,1,0,0,1,1,0,1,0,1,1,1,1,0,0,1,1,0,1,0,0,1,0,1,0,1,1,0,1,0,1,1,0,1,0,0,0,1,1,1,1,0,0,0,0,0,0,1,0,0,0,0,1,1,0,1,0,1,0,0,1,0,1,1,1,1,0,0,0,1,1,0,1,1,1,0,0,0,1,1,1,1,0,0,1,0,1,0,0,1,0,0,0,1,0,0,1
1,0,0,1,1,0,0,1,1,1,0,1,1,0,0,0,0,0,1,1,0,1,1,1,0,0,0,1,0,1,1,1,1,0,1,1,1,1,0,0,0,0,0,0,0,1,1,0,1,0,0,0,0,1,0,0,1,1,1,0,1,0,0,0,1,0,1,0,0,1,1,0,1,1,0,0,0,1,1,1,1,1,1,0,1,0,1,0,1,0,0,1,0,0,1,0,0,0,1,0,1
1,0,1,0,1,1,1,0,0,1,1,1,1,1,0,0,0,1,0,0,1,0,1,1,0,0,1,1,0,1,0,1,1,1,0,0,0,1,1,1,0,0,1,0,1,0,0,1,0,0,0,0,1,1,0,0,0,0,1,0,0,0,0,0,0,0,0,0,1,1,0,0,0,0,0,1,0,1,0,0,1,1,1,1,1,0,0,1,1,0,1,0,1,0,1,1,1,0,0,1,1
0,1,1,0,1,0,0,0,1,1,0,1,1,0,0,0,0,1,1,0,1,0,1,0,0,0,0,1,0,1,1,1,0,1,0,1,0,0,1,0,0,0,0,1,0,0,1,1,0,0,0,0,1,1,1,1,0,0,1,1,0,0,1,0,1,0,1,0,1,1,1,0,0,0,0,1,0,1,1,0,0,0,1,0,0,1,0,1,1,0,0,1,1,0,0,1,0,0,1,1,1
1,0,0,0,1,0,0,1,0,1,1,1,1,1,1,1,0,1,0,0,0,1,1,0,0,0,1,1,0,0,0,1,0,0,0,0,0,1,1,0,0,0,1,0,1,1,1,1,0,1,1,1,1,0,0,1,1,0,1,0,0,1,1,1,1,1,0,1,1,1,1,0,1,0,0,0,0,0,1,1,1,0,1,0,0,1,1,1,0,0,0,0,1,0,0,0,0,0,1,0,1
0,0,1,1,0,1,0,0,1,0,0,1,1,1,1,0,0,1,1,1,1,0,1,0,1,1,1,0,1,1,0,0,0,1,0,0,0,1,1,1,0,0,0,0,0,1,1,0,0,0,0,0,1,1,0,1,0,1,0,1,1,0,1,0,1,1,1,0,1,1,1,0,1,1,1,1,0,0,0,1,0,0,1,1,1,0,1,1,1,0,1,0,1,0,0,0,0,0,0,0,1
0,0,0,0,1,0,0,1,1,0,0,1,1,0,0,1,1,1,1,1,0,1,1,0,1,0,0,1,1,1,1,0,1,1,1,1,0,1,0,0,0,0,0,1,0,1,1,0,0,0,1,0,0,0,1,0,0,1,1,1,1,1,0,1,0,0,1,0,1,1,1,1,0,0,0,1,1,0,0,1,0,0,1,1,0,1,0,0,1,0,0,0,1,1,1,1,0,0,0,1,1
1,0,1,0,0,1,0,1,0,0,1,0,0,0,0,1,1,1,1,1,1,1,0,0,1,1,0,0,0,0,0,1,1,1,0,1,1,0,1,1,0,0,1,1,0,1,0,0,0,1,0,1,1,1,0,0,1,1,0,0,0,1,0,1,0,0,0,1,1,0,1,0,0,1,1,0,0,0,1,0,0,0,0,0,1,0,1,0,1,1,1,1,1,0,1,1,0,0,1,0,1
0,1,0,0,1,0,1,0,0,0,0,1,1,1,0,0,0,0,0,0,0,0,0,1,0,0,0,1,1,0,0,0,1,1,0,0,1,0,1,1,1,0,1,0,1,0,1,0,1,1,0,1,1,1,0,0,1,0,0,0,0,0,1,1,1,1,1,0,0,1,0,1,0,0,1,0,0,1,0,1,0,1,1,1,1,1,1,1,0,0,1,0,0,1,1,1,1,0,1,1,1
0,0,1,0,0,0,1,1,1,1,0,0,1,0,0,0,0,1,0,1,0,0,0,0,0,0,1,0,0,0,0,0,0,1,0,1,1,1,1,0,1,1,0,1,0,1,1,0,0,1,1,0,0,0,0,0,0,0,0,1,0,1,0,1,0,0,0,1,0,1,0,0,0,0,0,0,1,0,0,1,0,1,1,1,0,1,1,1,0,1,1,0,0,0,1,1,0,0,1,0,1
1,0,0,0,0,1,1,0,1,0,1,1,0,1,1,1,1,0,0,0,0,0,1,0,0,0,1,1,0,1,0,0,1,1,0,0,0,1,1,0,1,1,1,1,0,1,1,0,1,0,1,1,0,0,1,0,0,1,1,1,1,0,0,0,0,0,1,1,1,0,0,0,0,1,1,0,0,0,0,0,0,1,0,0,1,1,0,0,1,1,1,1,0,0,0,1,0,1,0,0,0
0,0,0,1,0,0,1,0,1,0,0,0,1,0,1,1,1,0,0,0,0,0,0,0,1,0,0,0,1,1,1,1,0,1,1,0,0,1,1,0,1,1,0,1,0,0,0,1,1,1,0,1,1,1,1,1,0,0,0,1,1,1,1,0,1,0,1,1,0,0,0,0,1,0,1,1,1,0,1,1,1,0,0,1,1,1,1,0,0,1,0,0,0,1,1,1,1,1,1,0,1
0,0,0,1,1,0,0,1,0,1,1,0,0,1,1,1,1,1,0,0,1,0,1,0,0,1,0,0,1,0,0,1,0,0,0,0,1,1,0,1,1,0,0,1,1,0,0,1,0,0,1,1,1,0,1,1,0,0,1,1,0,1,1,1,0,1,1,0,0,0,0,1,0,1,0,0,0,0,1,0,0,0,1,0,1,0,0,1,0,1,0,0,1,1,1,1,1,0,0,1,0
0,1,0,1,1,1,1,1,1,0,1,1,1,0,1,1,0,1,1,0,0,0,1,0,0,0,0,1,0,0,0,0,0,0,1,1,1,0,0,0,0,0,0,1,0,1,0,0,0,0,1,1,0,0,0,0,0,1,1,0,1,0,0,1,0,0,0,0,0,0,0,1,1,1,1,0,0,1,1,0,0,0,1,0,0,1,1,1,0,1,0,0,1,1,0,1,0,1,1,0,0
0,1,0,0,0,1,1,0,0,0,0,1,0,1,1,1,0,0,0,0,1,1,0,1,1,1,0,0,1,0,0,1,0,1,1,0,1,0,0,1,1,0,1,0,0,1,1,1,0,0,1,1,0,0,0,0,1,0,1,0,1,1,1,0,1,1,1,0,0,0,0,0,0,1,1,0,1,1,1,0,1,0,0,0,1,1,1,1,0,1,0,0,0,1,0,0,0,1,0,0,0
0,0,1,0,1,0,1,0,0,0,0,0,0,0,0,1,1,0,1,0,1,0,0,0,1,1,1,0,0,0,1,1,1,0,1,0,1,1,0,0,1,1,1,0,0,0,1,0,0,1,1,1,1,0,1,0,0,1,0,0,1,0,0,0,1,0,0,0,0,0,1,0,1,0,1,0,1,0,1,0,1,0,0,0,0,1,1,0,0,1,1,0,0,0,0,0,1,1,0,0,1
0,0,1,0,1,0,0,0,1,1,1,1,0,0,0,0,0,0,0,0,1,1,1,0,0,1,0,0,1,0,0,0,0,1,1,1,0,0,1,1,1,0,1,0,0,1,0,0,1,1,0,0,0,0,1,1,1,1,1,1,1,0,1,0,0,1,1,0,0,0,1,0,1,1,1,1,0,1,1,1,0,0,1,1,0,0,1,1,1,0,1,0,0,1,1,1,0,1,0,1,1
1,0,1,1,1,1,1,0,0,1,0,1,1,0,0,1,0,1,0,1,0,1,0,1,0,1,1,0,1,0,1,0,0,0,0,1,0,0,1,1,0,1,0,1,0,1,1,1,0,0,1,0,0,0,1,1,1,1,0,0,0,0,1,0,1,0,0,1,0,1,1,1,0,1,0,0,0,0,0,1,0,1,0,0,1,1,0,0,1,1,1,0,1,1,1,1,1,0,0,1,1
1,1,0,1,1,0,1,1,0,0,1,1,1,0,1,0,1,0,1,1,0,1,0,0,0,1,0,0,0,0,0,0,1,0,0,1,0,0,1,1,1,1,0,1,0,0,1,0,0,1,1,0,1,1,0,0,1,0,1,1,1,1,0,1,1,1,1,0,1,0,1,1,0,0,0,1,1,0,0,0,1,1,1,1,0,0,0,1,0,1,1,0,1,0,0,1,0,1,1,0,1
0,0,1,0,1,1,1,0,0,0,0,0,0,1,1,1,1,0,1,0,1,0,1,0,1,0,0,1,1,0,0,0,1,0,1,0,1,0,0,0,0,0,0,1,0,0,0,1,1,0,0,0,0,1,0,0,0,1,0,0,0,0,0,0,1,1,0,0,0,0,1,1,1,0,0,0,0,1,1,0,1,1,0,0,1,1,0,1,0,1,1,0,1,0,0,1,0,1,1,0,0
0,1,0,1,0,1,1,1,1,1,0,0,1,0,1,1,0,0,0,0,1,0,0,1,0,1,1,1,0,0,0,1,1,1,1,0,1,0,1,1,1,0,1,1,1,0,0,0,1,1,1,1,0,0,1,1,0,0,1,1,1,1,1,1,1,0,0,1,0,0,0,0,0,0,1,1,1,1,0,0,0,1,1,0,0,1,0,0,1,1,1,0,1,1,1,1,1,0,1,0,0
1,0,0,1,0,1,1,1,1,0,0,0,1,1,1,1,1,0,1,1,0,0,1,0,0,1,0,0,1,0,0,0,1,1,0,0,0,0,0,1,0,1,0,1,0,0,0,1,0,1,1,1,1,1,1,0,1,1,1,0,1,1,1,0,0,1,1,0,1,1,0,1,1,0,0,1,1,0,0,0,0,1,1,1,0,0,0,1,0,1,1,0,0,0,0,1,1,1,1,0,0
0,0,1,0,1,0,1,0,0,0,1,0,1,0,0,1,1,0,0,1,1,1,0,0,1,1,1,1,1,1,1,1,0,0,1,0,1,0,1,0,0,1,0,1,0,1,0,0,0,0,1,1,0,1,1,1,1,1,0,0,0,1,0,0,0,1,1,1,1,1,1,0,0,0,0,0,0,1,0,0,1,0,1,1,0,0,1,0,1,1,0,0,0,1,0,0,1,1,0,1,0
1,1,1,0,1,1,0,0,1,1,1,1,1,0,1,1,0,1,1,0,0,1,0,0,0,0,0,0,1,1,1,1,1,1,1,1,0,0,0,1,1,0,1,0,1,0,1,0,0,1,0,0,0,1,1,0,1,0,1,0,1,1,0,0,1,0,1,1,1,1,1,0,1,0,0,0,1,1,1,0,0,0,0,1,1,1,1,0,0,1,1,0,0,1,1,1,1,0,0,0,1
0,1,0,0,0,0,1,0,1,0,0,1,1,0,1,0,1,1,1,0,1,1,0,0,0,1,1,0,0,0,1,0,1,0,0,0,0,1,0,1,1,1,1,1,0,1,1,1,1,0,0,1,0,0,1,1,1,1,0,0,1,1,1,1,0,0,1,1,0,1,0,1,0,1,0,0,0,1,0,0,0,0,1,1,1,0,1,0,1,1,1,1,0,0,0,0,1,0,0,1,0
1,0,1,0,0,0,1,0,0,0,0,1,0,1,0,1,1,1,1,0,1,0,1,1,1,0,0,0,1,1,0,0,1,1,1,0,1,0,1,0,1,0,1,0,1,0,1,1,1,1,1,0,0,0,0,1,0,1,1,0,0,1,0,1,0,0,0,1,0,0,1,1,1,1,0,0,0,0,1,0,0,1,0,1,0,1,1,0,1,0,1,1,0,1,0,1,1,1,1,0,1
1,0,1,0,0,0,0,1,1,0,1,1,1,1,0,0,0,0,0,1,1,1,0,1,1,1,0,0,0,0,0,1,0,1,0,0,1,1,0,0,1,1,0,1,0,1,1,1,1,0,1,0,1,0,1,1,1,1,0,0,0,1,0,1,0,0,0,0,1,1,1,1,0,0,0,1,0,0,0,0,1,1,0,0,1,1,1,0,0,0,1,1,1,1,0,0,1,1,1,1,1
0,1,1,1,0,1,1,1,0,0,0,1,0,0,0,0,1,0,1,1,0,1,0,1,0,1,1,0,1,0,0,0,0,0,1,1,1,1,0,0,1,0,0,1,0,0,1,1,1,1,0,0,0,0,1,0,1,0,1,1,1,0,1,0,0,0,0,0,1,1,1,0,0,0,0,0,0,1,1,1,0,0,0,1,0,0,0,1,1,1,0,0,0,0,1,0,0,0,0,0,1
0,1,0,1,0,1,0,0,0,0,1,1,0,0,1,0,1,1,1,0,1,1,1,0,1,0,0,1,0,1,1,1,1,0,1,1,1,0,0,0,1,1,0,0,1,1,0,0,1,1,0,0,0,0,0,0,1,0,0,1,0,1,1,0,0,1,0,0,0,0,1,1,1,0,0,0,1,0,0,1,1,1,1,1,0,0,0,0,0,0,0,0,0,0,0,1,0,1,1,1,0
0,1,1,0,0,1,1,0,1,0,0,1,0,1,1,1,0,1,0,1,1,0,1,0,1,1,0,0,1,0,0,1,1,1,1,1,0,0,1,0,0,0,0,0,1,1,1,0,0,1,1,1,0,0,0,1,1,0,0,1,0,0,0,0,0,0,0,1,1,1,1,1,0,1,1,1,1,0,0,1,0,0,0,0,0,0,1,1,1,1,1,0,1,1,1,1,0,0,1,0,1
1,1,0,1,1,0,1,0,0,0,0,1,0,0,1,0,0,0,0,1,1,0,0,0,1,0,0,0,1,1,1,1,1,0,1,1,1,0,1,0,0,1,0,1,0,1,1,1,1,0,1,1,0,1,1,0,0,0,1,0,0,0,1,1,0,0,1,0,0,1,1,0,0,0,1,1,1,0,0,0,1,0,0,1,0,1,1,1,1,1,1,0,1,1,0,1,1,0,0,1,1
0,0,0,0,0,0,0,1,0,0,1,1,0,1,0,0,0,1,1,0,0,0,0,1,0,1,0,0,0,0,1,1,1,1,1,1,0,1,1,1,0,1,1,1,1,1,0,1,1,1,0,1,0,0,0,1,1,0,1,1,1,1,0,1,0,1,1,0,1,0,1,0,0,1,1,1,1,0,1,0,1,0,1,0,1,0,1,0,0,0,0,1,0,1,1,0,0,0,0,1,1
1,0,0,0,0,1,1,0,0,0,0,0,0,1,0,0,0,1,1,1,1,0,1,0,1,0,0,0,1,0,1,0,0,0,0,1,1,0,1,1,1,1,0,1,0,0,0,1,1,0,1,1,0,1,0,1,0,1,1,0,0,0,0,1,0,1,1,1,1,0,1,1,0,1,0,1,1,1,0,0,0,0,1,1,0,0,1,0,1,0,0,1,0,1,0,1,0,1,0,0,1
0,1,1,1,0,1,0,1,0,0,0,0,1,0,0,1,0,0,1,1,0,0,1,0,0,0,1,0,0,0,0,1,1,1,1,1,1,0,1,1,1,1,1,1,1,1,0,1,0,0,0,0,1,1,0,0,0,0,1,0,1,0,1,0,1,1,0,1,1,1,1,0,1,1,0,0,0,1,0,1,1,1,0,0,1,0,0,1,1,1,0,1,0,0,0,1,0,1,0,0,1
0,0,1,0,1,1,1,1,0,0,0,0,0,1,0,1,1,0,1,1,0,0,0,1,1,1,1,1,0,1,1,0,0,0,1,1,0,0,1,0,0,0,0,0,1,0,1,1,0,0,1,0,1,0,1,0,0,0,1,1,1,1,0,1,1,1,1,1,1,0,1,0,0,1,0,0,1,1,0,1,0,0,0,1,1,0,0,1,1,1,0,1,0,0,1,1,0,1,1,0,1
0,0,1,0,0,1,1,1,0,1,1,1,1,1,0,1,1,0,1,1,0,1,0,1,1,1,0,0,0,0,0,1,1,0,1,1,1,0,0,1,1,1,0,1,1,0,0,0,1,0,1,1,0,1,0,0,1,0,0,1,0,0,0,0,1,1,0,1,0,1,0,1,1,0,1,0,0,0,1,0,1,1,1,0,1,1,0,1,1,0,1,0,1,1,0,0,0,1,0,0,0
1,1,0,1,0,0,1,1,0,0,1,1,1,1,1,1,1,0,0,1,1,0,0,1,0,1,0,0,0,0,1,0,0,0,0,0,0,1,0,0,0,1,0,0,1,0,0,1,0,1,1,1,0,1,1,0,0,1,0,0,0,1,1,1,1,1,1,0,0,1,1,1,0,0,0,0,0,0,1,1,0,0,0,0,1,1,1,1,0,0,0,1,1,0,0,0,0,0,1,0,0
0,1,0,1,1,0,0,0,1,0,1,0,0,1,0,0,0,1,0,0,0,0,1,1,0,0,1,1,0,0,0,1,1,1,0,0,0,0,0,1,1,0,1,1,1,0,1,0,1,1,0,1,1,0,1,0,1,0,0,1,0,0,0,0,0,1,0,1,0,1,1,0,0,0,0,1,1,0,1,0,1,0,1,1,0,0,0,1,1,0,1,0,0,0,0,1,0,1,0,0,1
1,0,0,0,0,0,0,0,1,1,0,0,0,1,1,0,1,0,0,0,0,0,0,1,1,1,0,1,1,1,0,1,0,1,0,0,1,0,1,1,0,1,1,1,1,0,0,0,0,0,0,0,1,0,0,1,0,1,0,0,1,0,0,1,0,1,0,0,0,1,1,1,0,1,0,0,1,1,0,0,1,0,1,0,0,1,0,0,1,1,1,1,0,1,0,0,1,0,1,1,0
0,0,1,0,0,0,0,0,1,0,0,1,1,0,1,1,0,1,0,1,0,1,1,1,1,1,0,1,1,1,0,0,1,0,0,1,1,0,1,0,1,0,1,1,0,1,1,0,1,1,0,0,1,1,1,0,1,1,0,0,0,0,1,0,0,0,1,1,1,0,0,1,0,0,1,0,1,1,1,0,0,0,0,1,0,0,1,1,0,0,1,1,0,1,0,0,0,1,0,0,1
1,1,0,0,1,0,1,0,0,0,0,1,0,1,0,1,1,1,1,1,0,1,0,1,1,0,0,1,1,0,1,1,0,1,1,0,0,1,0,0,0,1,1,0,0,0,1,1,1,1,1,1,0,0,0,0,1,1,1,1,1,1,1,1,0,1,1,1,0,1,1,1,1,0,1,0,1,1,1,1,1,1,1,0,0,0,0,0,0,0,0,0,0,1,1,0,0,0,0,1,1
1,0,0,1,1,1,1,0,0,1,1,0,1,1,1,0,1,0,0,1,0,1,0,0,1,1,1,1,1,1,0,0,1,0,0,0,1,0,0,0,0,0,0,1,1,1,0,1,1,0,0,0,0,0,0,1,0,0,0,1,1,1,0,1,0,0,1,1,1,0,1,1,1,1,0,1,1,1,1,0,1,0,0,1,0,1,0,1,1,1,0,0,0,1,1,1,1,1,1,0,0
1,0,0,0,0,0,0,0,0,0,1,1,0,0,0,1,0,1,0,1,1,0,0,1,0,0,1,0,1,1,1,0,1,1,0,1,1,0,1,0,1,1,0,1,1,0,0,1,0,0,0,1,1,0,0,1,0,1,0,0,0,1,0,1,0,1,1,0,1,0,1,1,1,1,0,1,0,1,1,0,0,0,0,1,1,1,1,0,1,0,1,1,1,0,0,1,0,0,0,0,1
0,1,0,1,0,1,1,1,1,1,0,0,0,1,0,1,1,1,1,1,1,0,0,1,1,1,1,0,0,1,0,1,1,1,0,1,0,0,1,1,0,0,0,1,1,0,0,1,0,0,1,1,1,0,1,0,0,0,0,0,1,1,1,1,0,1,1,1,1,1,0,0,0,0,0,1,1,1,1,1,1,1,0,0,1,0,1,1,0,0,1,0,0,0,1,0,1,0,1,0,0
1,1,1,0,0,1,1,0,1,1,1,1,1,1,0,1,1,0,1,1,0,0,0,1,1,1,0,0,1,0,0,1,1,0,0,1,1,1,0,1,1,0,1,0,1,0,1,0,1,1,0,1,1,1,0,1,0,0,1,1,0,1,0,0,0,0,1,0,0,1,1,1,1,1,0,1,1,1,0,1,1,1,1,0,1,1,1,0,1,0,0,1,1,0,0,0,0,1,1,1,1
0,1,0,1,0,0,1,0,0,1,0,1,1,0,1,1,1,1,1,0,0,0,0,0,0,1,1,1,0,0,0,0,1,0,0,1,1,0,0,1,1,1,1,1,1,1,0,1,1,1,0,1,0,0,0,1,0,1,0,0,0,1,0,1,1,0,1,0,1,0,0,0,1,1,0,0,1,1,0,0,0,0,1,0,1,1,1,0,0,0,1,1,0,1,0,1,1,1,1,0,0
1,1,0,1,0,1,0,0,1,1,0,1,1,1,1,1,1,1,1,1,1,0,1,1,0,1,0,0,1,0,0,0,0,0,1,1,1,1,0,1,0,1,1,0,0,1,1,0,1,0,0,0,1,1,1,0,0,0,0,0,0,0,0,0,1,0,1,1,0,1,0,0,1,0,0,1,0,1,0,0,0,0,0,0,1,1,1,0,1,1,0,1,0,1,1,1,0,1,0,1,0
0,0,0,1,1,1,0,0,0,1,0,1,1,1,0,0,0,1,0,0,0,0,0,1,1,0,1,0,1,0,0,1,0,1,0,1,0,0,0,0,0,0,0,0,0,0,0,0,1,1,0,0,0,0,0,0,1,0,1,1,1,1,1,1,0,1,1,1,1,1,1,1,0,1,0,1,1,0,1,0,0,1,0,0,1,1,0,1,0,0,1,0,1,0,1,1,0,0,0,0,1
1,0,1,1,0,0,1,1,0,0,0,0,0,1,1,1,1,0,0,1,1,0,0,1,1,1,0,1,0,1,0,1,1,1,0,1,0,0,1,0,1,1,0,1,0,0,1,1,1,1,1,1,1,0,1,0,1,0,1,1,0,1,0,0,1,1,0,1,0,1,0,1,1,1,0,0,1,0,0,0,1,1,1,1,0,1,1,0,0,1,1,0,1,1,1,1,0,0,1,0,1
0,1,0,0,0,0,0,0,1,0,1,1,0,1,0,0,1,0,1,0,0,0,0,0,1,1,0,0,1,0,1,0,0,0,1,1,1,0,1,1,1,1,0,1,1,0,1,0,1,1,1,0,1,0,0,0,1,0,1,1,0,0,1,1,0,0,0,1,1,0,0,1,1,1,0,1,0,0,1,0,0,1,0,1,0,0,1,1,1,0,0,1,0,1,1,0,0,0,0,1,1
0,0,0,1,1,0,1,1,0,1,1,0,0,0,1,1,0,0,0,1,0,0,1,0,1,0,0,1,1,1,1,1,1,0,1,1,0,0,0,1,0,0,1,0,1,1,0,1,0,1,0,0,1,1,0,1,0,1,0,1,0,1,1,0,1,0,0,0,1,1,0,0,0,0,0,1,1,1,0,0,1,1,0,1,1,0,1,1,0,0,1,1,1,1,0,0,0,1,1,0,1
1,1,1,0,0,1,0,0,1,1,1,0,0,0,1,0,1,1,0,1,1,0,0,1,1,0,0,1,0,1,0,1,0,1,1,1,1,0,1,0,0,0,1,0,1,1,0,1,1,1,1,1,0,0,0,0,0,0,1,1,1,1,0,0,0,1,0,1,1,1,1,0,0,1,1,1,1,1,0,1,0,1,0,1,0,0,1,0,1,0,0,1,1,0,0,0,1,0,0,0,1
1,0,0,1,1,0,0,1,1,1,0,1,1,1,0,1,1,0,1,1,0,1,0,0,1,1,1,0,1,1,1,0,1,1,1,1,1,0,0,0,1,0,0,0,0,0,0,0,0,0,0,0,0,1,0,1,0,1,0,0,0,1,0,0,1,1,0,1,0,0,0,1,0,0,0,0,0,0,0,1,1,0,0,1,1,0,1,0,1,1,1,1,0,1,1,1,1,0,1,0,1
1,0,1,1,1,0,0,0,1,0,1,1,0,1,1,0,0,0,0,0,0,0,1,1,1,0,1,1,1,0,1,1,0,0,1,1,1,0,0,0,0,1,1,0,1,0,0,0,0,1,0,0,0,0,1,0,1,1,0,0,1,0,1,0,1,0,1,1,0,1,1,0,0,0,1,1,0,0,0,1,0,1,1,0,0,0,0,0,1,1,1,1,0,1,0,1,0,1,0,1,0
1,1,1,1,1,0,1,1,1,1,1,1,1,1,0,1,0,0,0,0,0,1,0,0,1,1,1,0,0,1,0,1,1,0,0,0,0,0,0,0,1,0,1,0,0,1,0,0,0,0,1,1,1,0,1,0,1,0,0,0,0,0,0,1,0,1,0,0,0,0,1,0,0,1,0,1,1,1,0,1,1,1,0,0,1,0,0,1,0,1,0,0,0,0,1,0,0,0,0,1,1
1,1,0,1,0,1,1,1,1,0,1,0,1,0,0,1,1,0,1,1,0,1,0,1,0,0,0,0,1,0,1,0,1,0,0,0,0,1,1,1,1,1,1,0,1,1,0,1,0,1,0,1,1,1,1,1,0,0,0,1,0,1,0,0,0,1,0,0,1,0,0,1,1,0,0,0,0,1,1,0,0,1,1,1,0,0,0,0,0,0,1,0,0,0,1,1,1,0,1,1,0
0,1,0,1,1,1,1,1,0,0,0,0,1,0,0,1,0,0,0,0,1,0,1,0,1,0,1,1,0,0,1,1,1,0,0,0,0,1,1,0,0,1,0,1,0,0,0,0,0,0,0,0,1,1,1,1,1,0,0,1,1,0,0,1,1,0,0,1,1,1,1,1,0,1,1,1,1,0,0,1,0,0,0,1,0,1,1,0,0,1,0,0,1,0,0,1,1,1,1,1,1
0,0,0,0,1,0,1,1,0,1,1,1,1,0,0,0,0,1,0,0,0,1,0,1,0,1,0,1,0,1,0,1,1,1,0,1,0,0,0,0,0,0,1,0,0,0,1,0,0,0,1,0,1,0,0,1,0,0,1,0,1,0,0,1,0,0,1,0,1,1,0,0,1,0,0,0,1,1,0,0,0,1,1,1,1,0,0,1,1,0,1,1,1,0,0,1,0,0,0,1,1
0,0,0,1,1,0,1,0,0,1,0,1,0,0,1,1,0,1,0,0,0,0,0,1,1,0,0,1,0,1,1,0,0,0,1,0,1,1,1,0,0,0,0,1,0,1,0,1,1,1,1,1,1,0,1,1,1,0,0,1,1,1,1,1,0,0,1,1,1,1,1,0,0,0,1,1,1,0,1,1,0,0,0,0,0,1,0,1,0,1,1,0,1,1,0,0,1,0,1,1,0
0,0,0,0,1,1,0,0,1,0,0,0,0,0,0,1,0,0,0,0,0,1,0,0,0,1,1,1,0,0,0,1,1,1,1,0,0,1,0,0,1,1,1,1,1,0,1,0,1,0,0,0,1,0,1,0,1,1,0,1,1,1,0,1,0,0,0,1,0,0,0,1,1,0,0,0,0,1,0,1,0,1,0,0,0,0,0,0,0,0,0,0,1,0,0,1,0,1,1,0,1
0,0,0,0,0,0,1,0,0,1,0,1,0,1,0,1,0,1,0,0,1,1,0,1,0,0,0,0,0,0,1,1,1,0,1,1,0,1,0,1,0,1,0,0,0,0,0,0,0,1,1,1,1,1,0,1,1,0,1,0,0,0,1,1,1,0,0,0,1,0,1,0,0,0,1,1,0,0,0,0,0,0,1,0,0,1,0,1,1,0,0,0,1,0,1,1,0,0,0,0,1
0,1,1,0,1,1,1,1,0,1,0,0,1,0,0,1,1,1,0,0,1,1,0,0,0,1,0,1,0,0,0,0,1,1,0,0,0,1,1,0,0,1,0,0,0,0,1,0,0,0,0,1,0,1,1,0,1,1,0,1,0,1,0,1,0,0,1,0,1,0,1,0,0,1,0,1,1,1,1,0,1,1,0,1,0,1,1,1,0,0,0,1,1,1,0,0,1,1,1,0,1
1,1,1,0,1,1,1,0,0,0,1,1,0,0,1,0,0,1,0,1,1,0,1,0,0,1,1,0,1,0,1,1,1,1,0,0,0,1,0,0,1,1,1,0,0,0,0,0,0,0,1,1,1,0,1,1,0,1,1,0,0,0,0,1,1,1,1,0,0,0,1,0,1,0,1,0,0,1,1,1,0,1,0,1,0,1,1,0,0,1,0,0,0,0,1,0,0,1,0,0,1
1,0,0,0,1,0,0,0,1,1,1,0,0,1,1,0,0,1,1,0,1,0,1,1,0,0,1,1,1,0,0,1,0,0,1,1,0,1,0,0,0,1,1,0,0,0,1,1,0,1,0,0,0,0,1,1,1,1,0,0,1,1,1,1,1,0,0,0,0,0,0,0,1,0,1,1,0,1,1,0,0,0,0,0,1,0,1,0,0,0,0,0,1,1,1,0,1,1,0,1,1
0,1,1,1,1,0,0,1,0,0,1,0,0,1,0,1,1,1,0,1,0,1,0,0,0,0,0,1,1,1,1,0,1,1,0,0,0,0,1,0,1,1,0,1,1,0,0,0,0,1,0,1,0,0,1,1,0,0,1,0,1,1,0,1,0,0,0,1,0,1,0,1,0,1,1,0,0,0,0,0,1,1,0,0,0,0,0,0,1,1,1,1,1,1,1,0,1,0,0,0,1
0,1,0,0,1,1,1,0,1,1,1,0,0,1,0,0,1,0,1,1,1,0,1,0,1,0,1,0,1,1,0,1,1,1,1,1,1,0,0,0,1,0,0,0,1,1,0,0,1,0,1,0,0,0,1,0,1,0,1,1,0,0,1,1,1,1,0,0,0,1,0,0,0,1,0,0,1,1,0,0,1,1,0,0,1,1,0,0,0,1,1,1,1,0,1,0,0,0,1,1,0
1,1,1,0,0,0,0,0,1,1,0,0,0,0,0,0,1,1,1,1,0,0,1,1,0,1,1,1,1,0,0,0,0,1,0,1,1,1,1,0,1,0,0,1,0,0,0,0,0,1,0,1,0,1,1,0,0,1,1,1,1,1,0,1,0,1,0,1,1,1,1,0,0,1,0,0,0,1,0,0,1,0,1,0,0,0,1,1,0,1,0,0,1,1,0,1,0,1,1,0,1
1,0,1,0,0,0,1,1,0,0,0,0,0,1,0,0,0,0,0,0,1,0,0,0,1,0,0,1,0,0,1,1,1,1,1,1,1,0,1,0,0,1,0,0,1,0,0,1,1,0,0,0,0,1,1,0,0,1,0,1,1,0,0,1,0,0,0,0,1,1,1,1,1,0,0,0,0,1,0,0,0,0,0,1,0,0,0,0,0,0,1,0,0,0,0,1,0,0,1,1,1
1,0,0,1,1,0,1,1,0,0,1,0,0,1,0,0,0,1,0,0,1,0,1,0,1,1,1,0,1,1,0,0,0,1,0,1,1,1,1,1,1,0,1,1,1,1,0,0,0,0,0,1,1,1,1,1,1,1,1,0,1,1,1,0,0,1,0,0,0,0,1,1,0,1,1,0,1,1,1,0,1,1,1,0,1,1,0,1,1,0,1,1,0,1,1,1,0,0,1,1,1
0,1,0,0,1,0,1,1,1,1,0,0,1,1,0,1,1,0,0,1,1,1,0,1,1,0,1,1,0,0,0,0,0,0,1,0,0,0,0,1,0,0,1,0,1,0,0,0,0,0,1,0,0,0,1,1,1,0,0,1,0,1,1,0,0,0,1,1,0,0,1,1,0,1,0,0,1,0,0,1,0,1,0,0,0,1,0,1,0,0,0,0,1,1,1,1,1,0,1,0,0
1,0,1,1,1,1,0,0,1,1,1,1,1,0,1,1,0,0,0,1,1,0,1,0,0,1,0,1,0,1,1,0,1,1,0,1,0,0,1,1,0,0,0,1,0,1,0,1,0,1,0,1,1,0,1,1,0,0,0,1,1,0,1,1,0,1,1,1,0,0,0,1,0,1,1,1,1,1,0,1,0,1,0,0,0,1,1,0,0,1,1,0,0,0,0,0,0,1,0,0,1
0,1,1,1,0,1,1,0,1,0,0,1,0,0,0,0,1,0,0,1,1,1,1,0,0,0,0,0,1,0,0,0,0,0,1,0,0,0,1,0,0,1,1,1,1,0,0,0,1,1,1,1,1,1,1,1,1,0,0,0,1,0,0,0,0,1,1,0,0,1,1,0,0,0,1,1,1,1,1,0,0,0,1,0,1,1,0,0,0,1,1,0,1,1,1,0,1,0,0,1,0
0,1,1,0,0,0,0,1,1,1,1,0,0,0,1,1,0,1,1,0,0,1,1,0,1,1,0,0,1,0,0,1,1,1,1,0,1,1,0,0,0,1,0,0,1,1,1,1,0,1,1,1,0,0,1,1,1,0,0,1,1,1,0,1,1,1,1,0,1,0,0,0,0,1,0,1,1,1,0,0,0,1,0,1,0,1,1,0,1,1,1,0,0,0,0,0,0,0,0,1,1
0,0,1,1,0,0,0,1,0,0,0,0,0,0,1,0,0,1,0,0,1,0,1,0,1,1,0,1,0,0,1,0,1,0,1,1,1,0,1,1,0,1,1,0,0,1,1,0,0,0,1,1,1,1,0,0,0,0,0,0,0,0,1,1,1,0,0,0,0,0,1,1,1,1,0,1,1,1,0,0,0,0,1,0,0,1,0,1,0,1,0,1,1,0,1,1,0,0,1,1,1
0,1,0,0,1,1,0,0,0,1,0,1,0,1,0,1,0,1,1,1,0,0,1,0,0,1,1,0,1,0,1,0,1,0,0,0,1,0,0,1,1,1,1,0,1,1,1,0,0,1,0,1,1,0,0,1,1,1,1,0,0,1,1,0,0,0,0,1,1,0,1,0,0,1,1,0,1,0,1,1,1,0,0,1,1,0,1,0,1,0,1,1,0,0,1,1,1,0,1,0,1
1,1,0,1,1,0,0,1,1,1,0,1,0,1,0,1,1,0,1,1,0,1,0,1,0,0,0,0,0,1,0,1,1,0,1,0,0,0,0,0,0,0,1,1,1,1,1,0,1,1,1,0,1,1,1,1,0,0,1,0,0,1,1,1,0,1,0,1,0,1,1,0,1,0,1,1,1,1,1,1,0,1,0,1,1,1,1,1,1,0,0,1,1,1,0,0,0,1,1,1,0
0,0,1,1,0,1,0,1,0,0,1,1,1,1,1,1,0,0,1,0,1,1,1,0,0,1,0,1,1,1,0,1,1,0,0,0,1,1,1,0,1,0,0,1,0,0,1,1,0,1,0,1,1,1,1,1,1,1,1,0,1,0,1,1,0,0,1,0,0,0,1,0,0,1,1,1,1,0,1,1,0,0,1,1,1,0,1,0,0,1,1,0,0,1,1,0,0,0,1,1,0
1,0,1,1,1,0,0,0,1,0,0,0,0,0,1,1,0,0,0,1,0,1,0,1,0,0,1,0,0,1,1,1,1,0,0,0,1,1,0,0,1,0,1,0,1,1,0,1,1,0,1,0,1,1,0,1,0,1,1,1,1,1,1,0,0,1,1,0,0,0,0,0,1,0,1,0,0,1,1,0,0,0,1,0,0,0,1,0,0,0,0,0,0,1,1,0,0,0,0,0,0
1,1,1,1,0,0,1,0,0,0,1,0,1,0,0,1,0,0,0,1,0,0,1,1,0,0,1,0,0,0,1,0,1,0,0,1,1,1,0,0,0,0,0,1,0,1,1,0,1,0,0,1,0,0,1,0,0,1,1,0,0,0,1,0,0,0,1,0,0,0,0,1,1,1,1,0,0,0,0,0,0,0,1,0,0,1,1,0,0,1,1,0,0,0,1,1,1,0,0,1,0
1,1,0,0,1,1,0,0,0,0,0,0,1,1,0,1,0,1,0,1,1,1,1,0,1,0,0,1,0,0,0,0,1,0,0,1,0,1,1,1,0,0,1,1,0,1,1,1,1,0,0,0,1,0,0,0,0,1,1,0,1,0,1,1,1,0,0,1,1,0,1,0,1,0,1,0,0,1,1,0,0,0,0,0,1,1,1,0,1,1,0,1,1,1,1,0,0,0,0,0,1
0,0,0,1,1,0,0,0,0,1,0,1,1,0,1,0,0,0,0,0,0,1,0,0,1,1,0,0,0,0,1,1,0,0,0,1,1,1,0,1,1,0,1,0,1,0,1,1,1,1,0,0,1,0,1,1,1,1,1,0,1,1,1,0,1,0,1,0,1,1,1,0,1,1,0,0,0,0,0,0,1,0,1,0,0,0,1,1,1,1,0,0,1,1,1,0,0,0,0,0,1
0,0,1,0,1,1,1,1,1,1,0,1,0,0,0,0,0,1,0,0,1,0,0,0,0,0,0,1,1,0,1,1,1,1,1,1,0,0,1,0,1,0,0,1,1,1,0,0,0,0,0,1,1,0,0,0,0,1,1,0,0,1,0,1,0,1,1,0,0,0,1,1,1,1,1,0,0,0,0,0,1,0,1,1,0,1,1,0,0,0,0,0,0,1,1,0,0,0,1,0,1
1,1,1,1,1,0,1,1,1,0,0,0,0,1,0,1,1,0,1,1,1,1,0,1,1,0,1,0,0,0,0,0,0,1,1,1,0,0,0,1,1,0,0,0,0,0,0,0,0,0,1,0,1,1,0,1,0,1,1,0,0,0,1,1,1,1,1,0,1,0,1,0,1,1,1,0,0,0,1,0,1,1,1,1,1,0,1,1,1,0,1,1,0,0,0,0,0,0,0,0,1
1,1,0,1,0,0,0,1,1,1,0,1,1,1,0,1,0,1,1,0,1,1,1,0,0,1,1,1,0,1,0,1,1,1,1,1,0,0,1,1,0,1,1,1,1,0,1,0,0,0,1,0,1,0,0,0,1,1,1,1,1,0,1,1,0,0,0,1,0,0,1,1,0,1,1,1,0,0,0,1,0,1,0,1,1,1,0,0,1,1,1,1,1,1,1,0,0,0,1,1,1
0,1,0,1,0,0,1,1,0,0,1,1,1,0,0,1,0,0,0,1,1,0,1,0,0,0,0,1,0,0,1,0,0,1,1,1,0,0,1,1,1,1,1,1,0,0,0,1,0,0,0,1,0,0,1,0,1,0,0,1,1,0,0,1,1,1,1,0,1,0,0,1,1,0,0,1,1,1,0,0,0,1,1,0,1,1,1,0,1,0,0,0,0,0,0,1,0,1,0,1,1
0,0,1,0,1,1,1,0,1,0,1,0,1,1,1,0,0,1,0,0,0,0,1,1,0,0,1,0,1,1,0,0,1,1,0,0,1,1,1,0,1,0,1,1,0,1,0,1,0,0,1,1,1,0,0,0,1,1,0,1,0,1,0,1,1,0,0,0,0,1,0,0,1,0,1,0,0,1,1,1,1,0,1,0,1,0,1,1,1,0,0,1,1,1,0,1,0,0,1,1,0
1,1,1,1,1,1,1,1,0,1,1,1,0,1,0,1,0,0,0,1,1,1,1,1,1,0,1,1,0,0,0,1,1,0,0,1,0,0,0,0,0,0,1,0,0,1,1,0,1,0,0,0,1,0,0,1,1,1,0,0,1,0,0,0,1,0,1,0,0,0,0,0,1,0,0,0,1,0,1,0,1,0,1,0,1,1,0,1,1,0,1,1,0,0,1,0,0,0,0,1,1
0,0,1,0,1,0,1,1,0,0,1,0,1,1,0,0,0,1,1,1,0,0,0,0,1,1,1,0,0,1,1,1,1,0,0,0,0,0,1,1,1,0,0,1,0,1,0,1,1,1,0,0,0,0,0,0,0,0,1,1,1,1,0,0,0,1,0,0,0,0,1,1,0,1,1,1,1,1,0,0,0,0,1,0,0,0,1,0,1,1,1,0,0,1,1,0,0,0,1,1,1
0,0,1,1,0,1,1,1,1,0,0,0,0,0,1,1,1,1,1,0,1,1,0,1,1,0,0,1,1,0,1,0,1,1,1,1,0,1,1,1,0,1,0,0,0,1,1,0,1,1,0,0,0,1,0,1,1,1,0,0,1,0,1,0,0,0,1,1,0,1,1,0,1,0,0,0,0,0,1,1,0,1,0,0,1,1,0,0,0,1,0,0,1,1,1,1,0,0,1,1,1
0,1,0,1,1,1,0,0,1,0,1,1,0,0,0,0,1,1,1,1,0,0,0,0,1,1,1,0,0,1,0,0,1,0,1,1,0,0,0,1,0,0,1,1,1,1,1,1,1,1,1,0,1,0,0,1,0,0,1,1,1,0,1,1,0,1,0,1,0,0,0,0,1,0,0,0,1,0,0,1,0,0,0,1,0,1,1,1,0,0,1,0,0,1,1,0,0,1,1,0,1
0,0,0,0,1,1,1,0,0,1,0,0,0,0,1,0,1,1,1,0,1,0,1,1,0,1,0,1,0,1,0,1,1,1,0,1,0,1,0,1,0,1,0,1,1,1,1,0,0,0,0,1,1,1,1,0,1,0,0,1,1,0,0,0,1,1,1,1,0,0,0,1,0,1,0,0,1,1,0,0,1,0,1,0,0,0,1,1,0,1,0,0,0,0,0,0,0,0,1,0,0
1,0,0,1,1,0,0,0,1,1,1,1,0,0,1,1,0,0,0,1,0,0,0,0,0,1,1,1,1,1,1,0,0,1,0,1,0,0,0,0,0,0,0,1,1,0,0,0,0,1,1,1,1,1,1,0,0,1,1,1,0,0,0,0,1,1,1,1,1,0,0,0,0,1,0,1,1,0,0,1,0,1,0,1,1,1,0,0,0,0,1,0,0,1,0,0,0,0,1,1,1
0,1,0,0,0,1,1,0,1,0,1,1,0,1,0,1,0,0,0,1,1,1,0,1,0,0,0,1,1,1,0,0,1,0,0,1,1,0,0,1,0,0,0,1,1,0,0,0,1,0,1,1,1,0,1,1,1,0,0,1,0,1,0,1,0,0,0,1,0,1,0,1,0,0,0,1,0,0,0,0,1,0,0,0,1,1,1,1,1,0,0,1,0,1,1,1,1,0,1,0,0
1,1,0,0,0,0,1,0,1,0,0,0,1,1,1,1,0,1,1,0,1,1,1,1,1,1,0,0,0,1,1,0,1,1,1,1,0,0,0,1,1,0,1,0,0,1,1,0,1,0,0,1,1,0,0,1,1,1,1,0,0,1,1,1,0,0,1,1,0,0,1,1,1,1,1,0,1,0,1,1,1,0,0,1,0,1,1,0,0,1,0,0,1,1,0,0,1,0,0,1,1
0,1,0,0,0,1,1,0,1,1,1,0,1,1,0,1,0,0,1,0,0,0,0,1,1,1,0,0,0,1,1,1,0,1,1,1,0,0,0,1,1,1,1,0,0,1,0,1,1,1,1,0,0,1,0,0,1,0,1,1,1,1,1,0,1,0,0,1,0,0,1,1,1,0,1,0,1,1,0,1,0,1,0,1,0,1,0,1,0,0,1,0,1,0,1,1,0,1,0,1,1
0,0,1,0,1,0,1,0,0,1,0,1,0,0,0,0,0,1,1,0,1,1,1,1,1,1,0,1,0,0,1,0,1,1,1,0,1,1,1,1,0,1,1,1,0,0,0,0,1,0,1,1,0,0,0,1,0,0,1,1,1,1,1,1,0,1,1,1,0,1,0,0,0,1,1,1,0,0,1,1,0,0,1,1,0,1,1,1,1,1,0,1,0,0,1,1,1,1,1,1,1
0,0,0,0,1,0,0,0,1,0,0,0,1,1,1,1,0,1,0,0,1,0,0,0,1,0,1,1,1,1,1,1,0,0,1,0,0,1,0,0,1,1,1,0,1,1,0,0,0,0,1,0,0,0,1,1,0,1,1,1,1,0,1,1,0,0,1,1,1,1,0,1,1,0,1,0,0,1,0,1,1,1,1,0,1,1,1,1,1,1,1,1,1,0,0,0,1,1,1,1,1
1,1,1,0,0,1,1,0,0,1,1,0,0,1,1,1,1,1,1,0,1,0,0,1,0,1,0,0,0,0,1,1,1,0,1,1,0,1,0,0,1,0,0,1,1,0,0,1,1,1,1,0,0,0,0,0,0,1,0,0,0,1,1,1,1,0,0,1,0,0,1,0,1,0,1,1,1,1,1,0,1,1,1,1,0,1,0,0,0,1,1,1,0,1,1,0,0,1,1,1,1
1,1,1,1,1,0,1,0,0,0,0,0,0,1,0,1,0,1,1,1,1,0,0,1,1,1,1,0,1,1,0,0,0,0,0,0,0,0,0,1,0,1,0,0,1,1,1,1,1,0,1,0,0,0,0,1,0,0,0,1,1,0,0,0,0,0,1,1,0,0,0,0,0,0,1,0,1,0,1,1,0,0,1,0,0,1,1,1,1,0,1,1,0,0,1,0,0,0,1,1,1
0,1,1,1,1,0,1,0,0,1,1,1,1,0,1,1,1,0,1,0,1,0,1,1,0,0,1,0,1,1,1,1,0,0,1,1,0,1,0,1,0,1,1,0,0,1,0,1,0,0,1,1,1,1,1,1,1,0,1,1,1,1,1,0,1,1,1,0,1,1,1,0,0,0,1,1,0,0,0,0,1,0,1,0,1,0,1,1,1,0,0,1,1,1,0,0,1,0,0,0,0
1,0,0,1,1,0,0,0,0,0,0,1,1,0,0,0,0,0,0,1,1,1,1,0,0,1,1,1,0,1,0,1,1,0,0,1,1,1,0,0,0,1,1,0,0,0,0,0,0,0,0,1,1,1,1,0,0,0,1,0,0,0,0,1,1,1,1,1,1,1,0,1,0,1,1,1,0,0,1,1,1,1,1,0,1,0,0,1,1,1,1,1,1,0,0,1,1,0,0,1,1
0,0,1,1,1,1,1,0,0,0,0,0,0,0,1,1,1,1,0,1,1,1,1,1,1,1,1,1,0,0,1,0,1,0,0,0,0,1,0,0,1,1,0,1,1,0,0,0,0,0,0,0,1,0,1,0,1,1,0,1,0,1,0,0,1,0,1,1,1,0,1,1,1,1,1,1,0,0,0,0,0,1,1,1,0,1,1,0,0,0,0,1,0,1,1,1,1,0,1,0,0
1,1,0,0,1,0,1,0,0,0,1,1,0,0,0,1,1,0,0,1,1,1,1,0,0,1,1,1,1,0,1,1,0,0,1,1,0,0,1,0,1,1,1,1,1,0,0,0,0,0,1,0,1,0,1,0,1,1,0,0,1,0,0,0,1,0,0,1,0,0,1,0,0,1,0,0,1,0,1,1,1,1,0,1,0,1,1,1,1,0,1,1,0,0,0,0,1,0,1,1,1
1,0,0,1,0,1,0,0,1,1,0,1,1,0,1,0,0,0,0,0,1,1,0,0,1,1,0,0,0,1,0,0,1,0,1,0,0,0,1,1,1,0,1,0,1,0,1,1,1,0,0,1,1,0,0,0,1,1,1,0,0,0,1,0,0,0,0,1,1,0,0,0,0,0,0,1,1,1,0,0,0,0,0,0,1,0,1,1,1,0,0,1,1,0,0,0,0,0,1,1,1
1,0,1,1,0,1,0,0,1,0,1,0,0,1,0,1,1,1,1,1,1,1,0,1,1,1,0,1,1,0,1,0,1,0,1,0,1,0,1,1,0,0,0,0,1,1,0,1,0,0,1,0,1,0,0,1,0,1,1,0,1,1,0,1,1,0,1,0,1,0,1,1,0,1,1,0,1,1,1,0,0,1,0,1,0,0,0,1,1,1,1,1,1,1,0,1,0,1,0,0,1
0,0,1,0,1,0,0,0,0,0,1,0,0,0,1,1,0,1,0,0,0,0,0,1,0,0,1,0,0,1,0,1,1,1,1,0,0,0,0,0,0,0,0,1,0,0,0,1,0,1,1,0,0,0,1,1,1,1,1,0,1,1,0,1,0,0,0,1,1,0,0,1,0,0,1,0,1,0,0,0,0,0,1,1,1,0,1,0,0,1,1,1,1,1,1,1,1,0,1,1,1
0,0,0,1,1,1,1,1,1,0,1,0,1,1,1,1,0,0,1,1,0,1,0,1,1,1,0,1,1,0,1,1,0,0,0,0,1,0,1,0,0,0,1,1,1,1,0,1,0,1,1,0,0,0,0,0,1,1,1,0,0,0,0,1,0,1,1,0,0,0,0,0,0,0,0,1,0,1,1,0,1,1,0,0,0,0,1,1,0,0,1,1,0,0,0,0,0,1,0,0,0
1,0,0,0,0,0,0,0,0,1,0,1,1,1,1,0,1,0,0,1,0,1,1,0,0,0,0,1,0,1,0,0,0,1,0,0,0,1,1,0,0,1,0,1,1,0,1,0,1,1,0,1,1,1,1,1,1,1,1,1,1,0,1,0,1,0,1,1,1,0,0,0,0,1,0,1,0,1,0,0,0,0,0,0,0,1,0,0,1,1,1,0,1,0,0,1,0,1,1,0,1
0,0,1,1,0,1,1,1,1,1,1,1,1,0,1,1,0,0,1,1,0,0,1,0,1,1,1,1,0,1,1,0,1,1,0,0,1,1,0,0,1,1,0,1,1,1,1,1,0,0,0,1,0,1,0,1,1,0,1,1,0,0,1,1,0,1,1,0,1,0,0,1,0,0,1,1,1,0,0,1,0,1,0,0,1,0,1,0,0,0,1,1,0,1,0,0,0,0,0,1,0
0,0,1,1,0,0,1,0,1,0,0,0,0,1,1,0,1,0,1,1,0,0,0,0,0,0,1,0,0,0,1,1,1,0,0,1,1,1,0,1,1,1,0,1,1,1,0,1,0,0,0,1,0,1,1,0,0,1,0,1,0,1,0,1,0,1,1,1,1,1,1,0,0,1,1,0,1,0,0,0,0,1,0,0,1,1,1,1,0,1,1,1,0,0,0,1,0,1,1,0,0
1,0,1,0,0,0,0,1,1,1,1,1,0,0,1,1,1,1,1,1,1,1,1,1,0,1,1,1,1,0,0,0,1,1,0,1,0,1,0,1,1,0,0,0,0,1,1,1,0,0,1,0,0,1,0,1,1,1,1,0,1,0,0,1,0,0,0,1,1,1,1,0,0,0,0,0,0,1,0,1,0,1,0,0,1,0,1,0,1,0,0,1,0,1,0,1,0,0,0,0,1
1,1,0,0,1,1,0,0,0,1,0,1,0,0,1,0,1,0,1,1,1,0,0,0,1,1,0,0,1,1,0,1,1,0,1,0,0,1,1,1,0,1,0,0,0,1,0,1,1,1,1,0,0,1,0,0,0,0,0,1,0,0,1,0,1,1,1,1,1,1,0,1,0,1,0,0,0,0,1,0,0,0,1,0,0,0,1,1,0,1,1,0,1,1,1,1,1,0,0,0,1
1,1,0,0,1,0,1,1,0,1,1,1,0,0,0,0,0,0,0,1,1,1,1,0,1,1,0,0,1,0,1,0,0,0,1,1,1,1,0,0,1,1,1,0,1,1,1,0,1,0,0,1,1,1,1,1,1,0,1,1,0,0,1,1,1,1,1,1,1,0,1,0,0,1,1,1,0,0,1,0,1,1,1,1,1,1,0,1,1,0,1,0,0,0,1,1,0,1,1,1,1
1,0,0,1,0,1,0,0,1,1,0,0,0,1,0,1,0,1,0,1,1,1,0,0,0,0,1,0,0,0,1,0,1,1,1,0,0,0,0,1,0,1,0,0,0,0,0,0,0,1,1,0,0,1,1,1,0,1,1,1,1,1,1,0,1,1,0,0,1,1,1,0,0,0,1,0,0,0,0,0,0,1,0,0,0,1,0,0,0,0,1,0,0,1,1,1,1,0,1,0,1
1,1,1,1,1,1,1,1,0,0,0,1,1,1,1,1,1,1,0,1,1,1,1,0,1,0,1,1,0,1,1,0,1,0,1,0,0,0,1,0,0,0,0,1,1,0,1,1,0,1,1,1,1,1,0,1,0,1,0,1,0,0,1,1,1,0,0,1,0,0,1,0,0,1,0,0,0,1,1,0,0,0,0,1,1,1,1,0,1,0,1,1,1,0,0,0,0,1,1,0,1
0,0,0,0,1,0,1,1,0,1,0,0,0,0,0,1,0,1,1,0,0,0,0,0,0,1,0,1,0,1,1,0,0,1,1,0,1,0,1,1,0,0,0,1,1,0,0,1,0,1,0,1,1,0,0,1,1,0,1,0,0,0,1,1,0,0,0,1,0,0,0,0,1,1,0,0,1,1,0,1,1,1,1,1,0,0,1,0,0,1,1,0,1,0,0,0,1,1,0,0,1
0,1,1,1,1,0,0,0,0,0,0,0,1,0,1,1,0,0,1,0,0,0,1,1,1,1,1,1,1,0,0,1,1,1,1,1,1,0,1,0,1,0,0,0,1,1,0,0,0,1,1,1,1,0,0,1,0,0,0,1,1,1,1,0,1,0,0,1,1,1,0,0,0,1,0,1,0,1,0,0,1,1,0,1,1,0,0,1,1,0,1,0,0,1,1,1,1,0,0,1,1
1,1,1,0,0,0,0,0,1,1,1,1,1,1,0,1,0,1,0,1,1,0,0,1,1,1,1,0,1,1,0,0,1,0,1,0,0,0,1,1,1,0,0,1,0,0,0,1,1,0,0,1,0,1,1,0,0,1,0,0,1,1,0,0,0,1,0,1,0,0,0,1,0,0,0,1,0,1,0,0,1,0,0,1,1,0,1,0,0,1,1,1,0,1,0,1,0,0,0,0,1
1,1,0,1,0,1,1,1,0,0,0,1,0,0,1,1,1,0,0,0,1,0,1,1,0,1,0,0,1,1,0,0,1,1,0,1,0,0,0,0,1,1,1,0,1,0,1,1,0,1,0,1,1,1,0,1,0,0,0,1,1,1,1,1,1,0,1,1,0,1,1,0,1,1,1,0,0,1,1,1,1,0,0,1,0,1,1,0,0,1,1,1,1,0,0,1,1,1,0,0,1
0,1,1,1,0,1,0,1,0,1,1,0,1,1,1,1,1,1,1,0,1,1,0,0,0,1,1,0,0,1,0,0,1,1,1,0,1,1,0,1,0,1,1,1,1,0,1,0,0,1,0,1,0,0,0,1,1,0,0,0,0,0,0,0,0,0,0,1,1,0,1,0,0,0,0,0,1,1,1,0,1,1,0,0,1,0,0,1,1,0,1,0,1,1,0,0,0,0,0,0,0
0,1,0,0,1,0,0,1,1,1,1,0,0,0,0,0,1,1,0,1,1,0,0,1,1,1,1,1,0,1,0,1,0,1,1,0,0,0,0,0,1,1,1,0,0,0,1,0,0,0,1,1,1,1,1,1,1,1,0,0,0,1,0,1,0,1,0,1,0,0,0,1,0,0,1,1,0,0,1,0,0,0,0,1,1,0,0,0,1,0,1,0,0,0,0,0,0,0,0,0,1
1,0,1,0,1,1,0,0,1,1,1,1,0,0,1,1,0,0,0,1,1,0,0,0,1,0,0,1,0,1,0,0,1,0,0,0,1,0,0,1,1,0,1,1,0,1,0,0,1,1,0,1,1,0,1,1,0,0,0,0,0,1,0,0,0,1,1,1,1,0,1,1,1,0,1,0,1,1,1,1,0,0,0,1,1,0,1,1,1,1,0,0,0,1,0,0,0,0,0,0,0
1,1,0,1,1,1,0,1,1,0,0,1,1,1,1,0,1,0,1,0,0,1,1,0,0,1,0,0,0,1,0,0,0,1,0,0,0,1,1,0,1,1,1,0,0,1,0,1,0,0,0,1,0,0,1,0,0,0,1,0,0,1,1,0,0,1,0,1,0,0,0,0,0,1,0,1,0,0,0,0,1,1,1,0,0,1,1,0,1,1,0,1,1,1,1,0,1,1,1,0,1
0,0,0,0,0,0,1,1,1,1,1,1,1,0,1,0,1,1,1,1,0,0,0,0,0,1,1,0,0,0,1,1,1,1,1,0,1,1,0,0,0,0,1,1,0,1,0,0,1,1,0,0,0,1,0,0,0,0,0,1,0,1,0,0,1,0,0,1,1,0,1,0,0,0,1,1,1,1,0,0,1,0,1,1,0,1,0,1,1,1,0,0,1,0,0,1,1,0,1,0,1
0,0,0,0,1,1,0,1,0,1,0,1,1,1,0,0,1,1,1,0,0,1,0,1,1,1,0,0,0,0,0,0,0,0,1,0,1,0,0,1,1,1,0,1,0,1,1,0,1,0,1,0,1,1,0,0,1,1,0,1,0,0,0,0,0,1,0,0,0,1,0,0,1,0,0,1,0,1,1,0,0,0,0,1,1,0,1,0,0,1,1,1,0,1,1,0,1,0,0,1,1
1,1,0,0,0,0,1,1,0,1,0,1,0,1,1,0,1,1,1,0,1,0,1,0,0,0,0,1,0,1,1,1,0,0,0,0,1,1,1,1,0,1,0,1,1,1,1,0,1,0,1,0,0,1,0,0,0,1,0,0,1,1,0,0,1,1,0,0,0,1,1,0,0,1,1,0,0,1,1,1,0,0,1,0,0,0,0,0,0,1,1,0,0,1,1,1,1,1,0,0,0
1,1,1,0,0,1,0,0,0,1,1,1,0,1,1,0,0,1,0,0,0,0,1,0,1,1,1,0,1,1,0,1,0,0,1,0,0,0,0,0,0,0,0,0,1,1,1,1,1,1,0,1,1,1,1,1,0,0,0,1,1,0,0,0,1,0,0,0,0,1,0,0,1,1,1,1,1,0,0,1,0,0,1,1,1,0,1,0,0,0,1,0,1,0,1,0,1,0,0,1,1
0,1,0,0,0,0,0,1,0,0,1,0,1,1,1,1,1,1,0,1,0,0,1,0,1,0,1,1,0,0,1,1,0,1,1,0,0,0,1,1,0,1,0,1,0,1,1,0,1,1,1,0,0,0,0,1,0,0,1,0,1,1,0,0,1,0,0,0,1,1,0,1,1,1,1,1,1,1,0,0,1,0,0,0,1,1,0,1,1,0,0,1,1,1,1,0,0,0,1,0,1
0,1,1,1,0,1,1,1,1,1,1,1,1,1,1,1,0,1,1,1,1,0,1,0,0,1,0,1,0,0,1,0,0,1,1,1,1,0,1,0,0,1,0,0,0,0,1,0,0,0,0,0,0,0,1,0,0,1,0,0,1,1,1,1,0,0,0,1,1,1,1,1,1,0,1,0,1,1,0,1,1,1,1,0,0,0,1,1,0,1,0,1,0,1,0,1,1,0,0,1,1
1,1,1,1,1,1,1,0,0,0,1,1,0,1,0,0,0,0,1,1,0,0,0,1,1,1,1,0,1,1,1,1,0,0,1,0,0,1,1,0,0,0,1,0,1,1,1,0,0,1,0,1,1,1,1,0,0,0,1,0,1,1,0,1,0,1,1,1,1,1,0,1,1,0,0,0,1,1,0,0,0,1,1,1,0,1,0,0,1,0,1,1,0,0,1,0,0,1,0,0,1
1,1,0,1,0,0,1,0,0,0,0,1,0,0,0,0,1,0,1,0,0,0,1,1,0,0,0,1,1,1,1,0,1,0,0,1,0,1,1,1,1,1,1,0,0,0,1,1,1,1,0,1,0,0,0,0,1,0,1,0,0,0,1,1,1,1,1,0,1,1,1,1,1,1,0,0,0,0,1,0,1,1,1,1,0,1,1,0,1,1,0,1,1,0,1,0,0,1,1,1,1
1,1,1,1,1,1,0,1,0,1,0,0,0,1,1,0,1,0,0,1,1,0,1,1,0,1,0,0,0,0,0,0,0,1,1,0,0,1,0,0,0,1,0,0,1,1,1,1,1,1,1,0,0,0,0,0,1,1,0,0,1,1,1,1,0,0,0,0,1,0,0,1,1,1,0,0,0,0,1,1,1,1,0,1,1,0,0,0,0,0,0,0,1,1,0,1,1,0,0,0,1
1,0,0,1,0,0,1,1,0,0,1,1,1,1,1,0,1,0,1,0,1,0,0,1,1,0,0,0,0,1,0,0,1,1,1,0,1,1,0,0,1,1,0,0,0,0,1,0,1,1,0,1,1,1,0,0,1,1,1,1,1,1,1,1,0,1,1,1,0,0,0,0,1,0,1,1,1,1,1,0,0,1,1,1,0,1,0,0,0,0,1,1,1,0,0,0,1,0,0,1,0
1,1,0,1,1,1,1,1,1,0,0,0,0,0,1,0,0,1,0,0,1,1,1,1,1,1,0,0,0,1,0,0,0,1,0,0,0,1,0,1,1,0,1,1,0,1,0,0,1,0,1,0,0,1,1,0,0,0,1,0,1,0,0,1,1,0,0,0,1,1,0,0,0,0,1,0,1,1,0,1,0,0,1,0,1,0,0,0,1,0,1,1,1,0,0,1,0,1,1,1,1
1,1,0,0,1,1,0,0,0,0,0,0,0,1,1,1,0,0,0,0,0,1,0,1,1,0,1,1,1,0,0,0,0,1,1,1,1,0,1,1,0,1,0,0,1,0,1,0,1,0,1,1,0,1,0,1,1,0,0,1,1,1,0,0,0,1,1,1,0,0,1,1,1,1,0,0,1,1,1,0,1,1,1,0,1,1,1,0,0,0,1,0,1,0,0,0,1,0,0,0,1
1,0,1,1,0,0,1,0,1,1,0,1,1,0,0,0,0,1,0,0,1,0,1,0,1,1,0,0,0,1,1,1,1,0,0,1,0,1,0,0,0,0,0,1,0,1,0,0,0,1,0,1,1,0,1,1,0,1,1,0,1,0,0,0,0,0,1,1,0,1,0,0,0,1,1,1,0,0,1,0,1,1,1,0,0,1,0,1,1,0,0,0,0,0,0,1,0,1,1,1,1
1,0,1,0,1,0,0,0,1,1,1,1,1,0,0,0,0,1,0,1,0,0,1,1,0,1,0,0,0,0,0,1,0,1,0,0,0,0,1,1,0,0,0,1,1,1,0,1,0,0,1,0,1,0,1,1,1,1,1,0,0,0,0,1,0,0,1,1,0,1,0,1,0,0,0,1,1,1,0,0,1,0,0,0,1,0,0,0,1,0,1,1,1,1,1,0,0,0,0,0,1
0,0,1,1,0,0,1,0,0,0,1,0,1,0,0,1,0,0,0,0,1,0,1,0,1,1,0,1,0,1,0,1,1,1,1,0,0,1,0,1,1,0,1,1,0,0,1,0,1,0,0,1,1,0,1,1,0,0,1,0,1,0,0,0,0,1,0,0,0,0,0,1,1,0,0,0,1,0,1,1,1,0,1,0,0,1,0,0,1,1,0,0,1,1,1,0,0,0,0,0,1
1,0,1,0,1,1,1,1,1,0,0,0,0,1,0,0,1,1,1,1,0,1,0,1,1,1,1,1,0,0,1,1,0,1,1,0,0,0,0,1,0,0,1,0,0,1,0,0,0,1,1,0,0,1,1,1,0,0,1,1,0,1,0,1,0,1,0,1,1,1,1,0,0,0,1,1,0,0,1,0,1,0,1,1,0,0,1,0,1,1,0,0,0,1,0,1,1,0,0,0,1
1,1,1,0,0,1,1,0,1,1,1,0,0,1,0,0,0,1,1,1,1,1,0,0,1,1,1,0,0,1,0,0,0,0,1,1,1,1,0,0,0,0,1,1,0,0,0,1,1,0,0,0,1,0,0,0,0,1,0,0,1,0,0,1,0,1,1,0,1,0,0,0,1,0,1,1,0,1,0,0,1,1,0,1,1,1,0,0,0,0,1,0,1,1,0,0,1,0,0,1,1
0,1,0,1,0,0,1,0,1,1,0,0,0,1,1,0,1,0,1,0,1,0,0,0,0,0,0,1,0,0,0,0,0,0,1,1,1,1,1,1,1,0,1,0,1,0,1,0,0,0,1,0,1,1,0,1,0,0,0,0,0,1,1,0,0,1,1,0,0,1,0,1,0,0,0,0,1,0,0,1,0,1,1,0,1,1,0,1,0,0,1,1,0,1,0,0,0,0,1,0,0
1,1,0,0,1,1,1,0,0,0,0,1,0,0,1,1,0,1,1,1,1,1,0,1,1,1,1,1,1,0,1,1,1,1,0,0,0,0,1,0,1,0,1,0,1,0,0,1,1,0,0,0,0,0,1,1,1,1,0,1,0,0,0,1,1,1,0,1,0,0,0,1,0,0,1,0,0,0,0,0,1,0,1,1,1,1,1,0,0,1,0,0,1,1,1,1,1,0,0,1,1
1,1,1,1,0,1,0,0,1,1,0,0,0,1,0,1,1,1,1,0,1,1,1,0,1,1,1,1,0,1,1,1,1,0,0,1,0,1,0,1,0,0,1,1,0,0,0,1,0,0,1,1,1,1,1,0,0,1,0,1,0,1,0,1,0,0,1,0,0,1,1,0,0,0,1,0,0,0,1,1,0,1,1,0,0,0,0,1,0,1,1,1,0,0,0,1,1,1,1,0,1
1,1,1,0,1,1,1,1,0,0,1,1,1,0,1,0,0,0,1,1,0,0,1,1,1,1,0,1,1,1,1,0,0,0,0,1,1,0,0,0,0,0,1,1,1,0,1,1,1,1,1,0,1,1,1,0,0,1,0,1,1,0,1,1,1,1,1,0,1,0,0,1,1,0,1,1,1,1,0,0,1,1,1,1,0,0,1,0,1,0,1,0,1,1,0,1,0,1,0,1,1
1,1,1,0,0,1,0,1,1,0,0,0,0,1,0,1,0,0,0,1,1,1,1,1,0,0,0,1,0,0,0,0,1,1,0,1,0,0,1,0,1,1,1,1,1,0,1,1,1,0,0,0,1,1,1,1,1,0,0,0,0,1,1,0,0,1,0,0,0,0,0,1,1,0,1,1,0,1,0,1,0,0,1,0,1,0,1,0,0,1,0,1,1,1,0,0,0,1,0,1,1
1,0,0,1,1,0,1,0,1,0,0,0,0,0,0,1,0,1,0,1,0,1,1,1,0,0,1,0,0,1,0,0,0,0,1,1,1,0,0,1,1,1,0,0,0,1,1,1,0,1,1,1,0,1,1,0,0,0,1,0,0,0,0,0,0,0,0,0,0,0,1,0,1,1,1,0,0,0,0,1,1,1,0,1,0,1,0,1,0,1,0,0,0,0,1,0,0,0,1,1,1
1,0,1,0,1,1,0,0,0,0,1,1,1,0,0,0,0,0,0,1,0,1,1,1,0,0,0,1,1,1,1,1,0,1,0,0,1,1,0,0,1,1,0,1,0,1,0,0,0,0,1,1,1,0,0,0,1,0,0,0,1,0,0,1,1,1,1,1,0,0,0,1,1,0,1,1,1,1,0,0,0,0,0,1,1,0,1,1,0,1,0,1,0,0,0,1,1,1,0,0,1
0,1,1,0,1,1,0,1,0,0,0,0,1,0,0,1,0,0,0,0,0,1,0,1,0,1,1,0,0,0,0,0,0,0,0,1,0,1,1,0,0,1,0,0,1,0,1,0,0,0,1,0,0,1,0,1,0,1,0,0,0,1,1,1,0,0,1,1,1,0,0,0,0,1,0,1,1,0,0,1,1,0,0,0,1,0,0,1,0,0,1,1,1,1,0,0,0,0,0,0,1
0,1,1,1,0,1,1,1,0,0,0,1,1,0,0,0,1,1,0,1,0,0,1,0,0,1,0,1,1,0,0,1,0,0,0,0,0,1,0,0,0,1,0,0,1,1,1,1,0,0,0,1,0,0,1,1,1,1,0,1,1,0,1,0,1,0,1,1,1,0,1,1,1,1,0,0,0,0,1,0,1,1,0,1,1,1,0,1,1,0,0,0,0,1,1,1,0,1,0,0,1
0,0,1,1,0,1,1,0,1,0,1,0,1,1,1,1,0,0,1,1,0,0,1,1,1,0,1,0,0,0,0,0,0,0,0,1,1,0,1,1,1,1,0,0,1,0,1,0,0,0,1,0,1,0,0,0,0,1,1,1,0,0,0,1,0,1,1,1,1,1,1,1,0,0,1,0,1,1,0,0,0,1,1,1,0,1,1,0,0,0,1,0,1,1,1,1,0,0,0,1,0
0,1,0,1,1,1,1,1,0,0,1,1,1,1,0,1,0,1,1,0,0,1,0,0,1,1,1,1,0,0,1,1,1,0,0,0,0,0,1,1,1,0,0,0,1,0,1,0,1,1,1,0,1,0,1,0,1,0,0,1,0,1,0,0,1,0,0,1,0,0,1,1,1,0,1,0,1,1,0,1,1,0,0,1,0,0,1,1,0,1,0,1,0,1,1,0,0,0,1,0,1
0,0,1,0,1,0,1,0,1,0,1,0,0,1,1,1,0,1,1,0,0,0,1,1,0,0,1,0,0,1,0,0,0,1,0,1,1,0,0,0,0,0,0,1,1,0,1,1,0,0,0,0,1,1,0,0,0,0,0,1,1,0,0,0,0,0,0,1,0,0,1,1,1,0,1,0,0,1,0,1,1,1,1,1,1,1,1,1,1,1,1,1,0,0,0,0,1,1,1,0,0
0,1,1,1,0,0,0,1,1,1,0,0,1,1,0,1,0,0,0,1,0,0,1,1,1,1,0,0,1,0,0,0,0,0,1,0,0,0,0,1,0,0,1,0,1,1,1,0,0,0,1,1,1,1,0,0,1,1,0,0,0,0,1,0,1,1,0,0,1,0,0,0,0,1,1,0,1,1,1,0,0,0,0,0,0,1,0,0,1,0,1,1,1,1,1,0,0,1,1,1,1
1,1,0,0,1,1,1,0,0,0,0,0,1,0,0,1,0,0,1,0,0,1,0,0,0,0,0,0,1,1,0,0,0,1,0,0,0,0,1,0,0,0,1,0,1,0,1,0,1,1,1,1,0,1,1,1,1,1,0,1,0,1,1,0,0,1,0,0,1,1,0,1,0,1,1,0,1,1,0,1,1,0,1,0,0,0,1,0,0,0,0,1,1,0,1,1,1,0,1,1,1
0,0,0,0,0,1,0,1,0,1,0,1,0,0,0,1,1,1,1,1,1,1,1,0,0,1,0,0,1,0,1,0,0,0,1,0,0,0,1,0,0,0,1,1,1,0,1,1,0,1,0,0,1,0,0,0,0,1,0,0,1,0,1,1,1,0,1,0,1,1,0,0,0,0,0,1,0,0,1,0,0,1,1,0,0,0,1,1,0,0,0,0,1,1,0,0,0,0,1,0,1
1,0,0,0,1,0,0,0,1,0,0,0,1,0,1,1,0,0,0,1,0,1,0,1,0,1,1,0,1,0,1,1,0,1,1,0,0,1,1,0,1,1,1,0,0,1,0,0,1,0,0,0,1,0,1,1,0,1,1,0,1,0,0,1,0,1,1,1,0,1,0,0,1,0,1,0,1,0,0,0,1,0,1,1,1,1,0,0,0,0,0,0,0,1,1,1,1,1,0,0,1
1,1,1,0,0,0,0,1,1,0,0,0,1,1,0,1,1,1,0,0,1,1,1,0,0,0,1,0,0,1,0,0,1,1,1,1,0,0,0,1,1,0,1,1,1,0,1,1,1,1,0,1,1,0,1,0,1,1,0,0,1,0,1,0,1,1,1,0,1,1,1,0,0,1,1,1,1,0,1,0,0,0,1,1,0,0,1,0,0,0,0,1,0,1,0,1,0,0,0,1,1
0,0,1,1,1,1,1,1,1,1,1,1,0,0,1,1,0,0,1,1,1,1,0,0,1,0,0,0,1,1,1,0,1,0,1,1,0,1,0,1,0,1,1,1,0,0,1,0,1,1,1,0,1,0,0,0,1,1,1,1,1,1,1,1,1,1,0,1,0,0,0,1,1,0,1,0,1,0,1,0,0,0,0,0,1,1,0,0,1,0,1,1,1,1,1,0,1,0,0,0,1
1,1,0,0,1,1,1,0,0,0,0,0,1,0,0,0,0,0,0,0,1,1,0,1,0,0,0,1,0,1,0,0,1,0,0,0,1,1,0,1,1,1,0,1,1,0,0,1,1,1,1,0,1,1,0,0,1,0,1,1,0,0,1,0,0,1,1,0,1,1,0,0,0,0,0,0,1,0,0,0,1,0,1,1,0,0,0,0,1,1,0,1,1,0,1,1,0,0,1,0,0
0,1,1,1,1,1,1,0,1,0,1,0,0,1,0,1,1,1,0,1,1,0,1,1,1,1,0,0,1,0,1,1,0,1,1,1,1,0,0,0,1,0,1,0,1,0,0,1,1,0,1,0,1,1,0,0,1,0,0,0,0,1,1,0,0,0,1,0,1,1,0,1,0,0,0,1,0,0,1,1,0,0,1,1,1,0,0,0,0,0,0,0,1,1,0,1,0,1,1,0,1
1,1,1,1,0,1,1,1,0,0,0,0,1,1,1,0,1,0,1,1,1,0,1,0,0,0,0,0,1,0,0,1,0,0,0,0,0,0,1,0,1,1,1,1,0,0,1,0,0,0,0,1,1,0,0,1,0,1,0,0,0,0,0,0,0,1,1,1,0,1,0,1,1,0,0,1,0,0,1,1,1,0,0,0,1,1,0,0,1,1,1,0,1,0,1,1,0,1,1,1,0
1,1,1,1,0,0,0,1,0,0,1,0,0,1,1,1,1,0,0,1,1,0,0,1,0,1,0,0,1,0,0,1,0,1,0,1,0,1,0,1,0,1,1,0,1,0,0,0,1,1,0,0,1,0,0,0,0,1,0,0,0,0,0,1,1,0,1,0,0,1,1,1,0,0,0,1,1,1,1,0,0,0,1,0,0,1,1,0,1,0,0,0,1,0,0,0,0,0,1,0,1
1,1,1,0,0,0,0,1,1,1,1,1,0,0,1,1,0,0,1,0,1,0,1,0,0,1,0,0,1,0,1,1,0,0,0,0,1,0,1,1,0,0,0,1,0,0,0,1,1,0,0,1,0,0,0,0,0,0,0,1,1,0,0,1,0,0,1,0,0,0,1,1,1,0,0,1,1,1,0,0,0,0,1,0,0,0,1,0,0,0,1,0,0,0,0,0,0,0,0,0,1
1,1,1,1,0,1,1,1,1,1,1,0,0,0,1,0,0,0,0,1,0,1,0,0,1,0,0,1,0,1,1,1,1,0,0,0,1,0,0,1,1,1,1,0,0,0,1,1,0,0,0,0,1,0,0,1,0,1,0,0,0,1,1,0,0,0,1,0,0,0,0,0,1,0,1,1,1,0,1,0,1,1,0,0,0,0,1,1,1,1,0,1,0,1,0,0,1,1,0,0,1
0,1,0,0,1,1,0,0,1,1,1,0,1,1,1,0,0,1,0,0,0,1,0,0,1,0,1,1,1,1,0,1,1,0,1,1,0,1,0,0,0,0,1,0,1,0,1,1,1,1,1,1,1,1,1,0,1,0,0,0,0,0,0,0,1,0,0,0,0,0,1,0,1,0,1,1,1,1,1,0,1,1,0,1,0,0,1,1,0,0,0,0,1,1,1,1,0,1,0,1,1
1,0,1,0,0,0,0,0,1,1,1,0,1,1,1,0,1,1,1,1,1,1,0,0,0,0,0,1,1,1,1,1,0,0,0,1,1,1,1,1,1,1,0,1,0,1,0,1,1,1,1,0,1,0,1,1,0,1,0,0,1,1,0,1,0,1,1,0,0,1,0,1,0,1,1,0,1,1,0,0,0,0,0,0,1,0,1,1,1,0,0,0,0,1,0,0,0,0,1,1,1
0,1,0,1,1,1,0,1,0,0,0,0,0,1,0,1,1,1,0,0,1,0,1,0,0,1,0,1,1,0,1,0,1,1,1,0,1,0,1,0,1,0,0,0,1,0,1,1,0,0,0,0,0,1,0,1,1,0,0,0,1,1,0,1,0,0,1,0,1,1,0,0,0,0,0,1,0,0,1,1,0,0,0,1,1,1,0,0,1,0,0,0,0,1,1,1,1,0,1,1,1
1,0,1,0,0,0,1,1,0,0,1,0,1,0,1,0,1,1,0,0,1,0,0,1,0,1,0,0,1,1,1,0,0,1,0,0,1,0,0,0,1,0,1,0,1,0,0,0,1,1,1,0,0,1,0,0,0,1,1,1,1,0,1,1,1,1,0,0,1,1,1,1,1,0,0,0,1,0,1,1,0,1,1,0,0,1,0,0,1,1,0,0,1,1,0,1,1,1,0,0,1
0,0,1,1,1,0,1,1,0,0,0,1,0,0,1,0,1,0,0,1,0,1,1,0,0,1,1,0,1,1,0,1,1,0,0,1,0,0,0,0,1,0,0,0,0,0,0,1,0,1,1,0,1,0,0,0,1,0,1,1,0,1,0,0,0,1,0,0,1,1,1,0,1,1,1,0,0,0,1,0,0,1,1,0,0,0,1,1,1,1,0,0,0,0,1,0,1,1,0,1,1
1,1,0,0,0,1,0,0,0,1,0,0,0,0,1,1,0,0,1,1,1,1,0,1,1,0,0,1,1,1,0,0,0,0,0,1,0,0,1,0,1,0,1,1,1,1,0,0,0,1,0,1,0,0,1,1,1,0,1,1,1,1,1,1,1,1,1,0,0,1,0,1,0,0,0,1,1,1,1,1,0,0,1,1,1,1,1,0,1,0,0,1,0,0,0,1,1,0,1,1,0
0,0,1,1,0,0,1,1,1,0,1,0,1,0,0,1,0,1,1,0,0,0,0,1,0,1,1,1,1,1,0,0,1,1,0,1,0,0,0,1,1,0,1,1,0,0,0,1,1,0,0,0,1,1,0,1,0,1,1,1,1,1,0,0,1,1,1,0,0,1,1,0,0,0,1,0,0,0,0,1,1,1,1,0,1,0,0,1,0,0,0,0,0,0,1,1,0,1,0,1,1
1,0,0,0,0,1,0,1,1,0,1,1,0,0,0,1,0,0,1,1,0,1,1,0,1,0,0,0,1,0,1,0,1,1,1,0,1,0,1,0,0,0,1,1,1,1,1,1,1,0,0,0,1,0,1,0,0,1,0,1,0,0,1,1,1,1,1,1,0,1,0,1,1,0,0,1,0,0,1,1,1,0,0,0,1,0,0,1,1,1,1,0,1,0,0,0,0,1,0,1,1
0,1,0,0,0,1,0,1,0,1,1,1,0,1,0,0,0,1,0,0,1,1,1,1,1,0,0,0,0,1,1,0,0,0,0,0,1,0,0,0,0,1,0,0,0,0,0,0,1,0,1,0,0,1,0,0,1,1,0,1,0,0,1,0,0,1,1,1,0,0,1,1,0,1,0,1,0,0,0,1,1,1,1,1,1,1,0,0,0,0,1,1,1,0,1,0,1,0,1,1,0
0,1,1,0,0,0,0,0,0,1,0,1,1,0,0,1,0,0,1,1,1,1,1,0,1,0,1,1,1,1,1,1,1,1,1,0,1,0,0,0,1,1,0,0,0,0,1,1,1,1,1,1,1,0,0,1,1,1,1,1,1,1,1,1,0,1,1,0,0,1,0,1,0,0,0,1,0,1,1,0,0,0,1,1,1,1,0,1,1,1,1,1,0,1,0,0,0,1,1,1,1
0,0,1,1,1,0,0,0,1,0,0,0,0,1,0,1,1,0,0,0,1,0,0,0,1,1,1,1,0,0,1,1,0,1,1,1,1,0,1,1,1,1,0,1,1,0,1,0,0,0,0,1,0,1,0,0,0,0,0,1,1,1,0,0,1,1,0,0,0,1,1,0,1,0,0,0,1,0,0,1,0,1,0,1,0,1,1,1,1,1,1,1,1,0,0,1,0,1,1,0,1
1,1,1,0,0,1,0,1,0,1,0,0,0,0,0,0,0,1,0,1,1,0,1,1,1,1,1,1,1,1,0,1,1,1,1,0,1,1,0,0,0,0,0,1,1,0,1,1,0,0,1,1,0,0,0,0,0,0,0,1,1,1,1,1,0,0,1,1,1,1,1,0,0,1,1,0,1,0,1,1,1,0,0,0,1,1,1,1,0,0,0,0,0,1,0,0,1,0,0,0,1
1,1,0,0,0,0,1,0,1,0,1,1,1,0,0,1,1,0,0,0,1,0,0,0,1,1,0,0,1,1,1,0,0,0,0,1,1,0,1,1,0,0,1,1,1,0,1,0,0,1,0,0,1,1,0,0,1,0,0,0,1,0,1,0,0,0,0,0,1,0,1,0,0,1,1,1,0,0,1,1,0,0,1,0,0,1,0,1,0,1,0,1,1,0,1,0,1,1,1,1,1
0,0,0,0,0,0,1,1,0,1,1,1,1,0,1,1,0,1,0,1,1,1,1,1,1,0,0,1,1,1,1,1,1,1,0,1,1,1,0,0,0,0,0,0,1,0,1,1,1,0,1,0,1,1,0,0,1,0,1,1,0,1,1,1,1,1,0,0,1,1,0,0,1,1,1,1,1,0,0,1,0,1,1,0,1,1,1,1,0,1,0,0,0,1,1,1,1,1,0,1,1
1,0,0,0,1,1,0,1,0,1,1,0,0,1,0,0,1,1,0,1,1,1,1,0,1,1,1,0,1,0,1,0,0,1,1,0,0,0,1,1,0,0,1,1,1,0,0,1,1,1,1,1,0,0,1,1,1,0,1,0,1,0,1,0,1,0,0,0,0,0,1,0,1,0,1,1,0,1,1,0,0,1,1,0,0,1,0,0,1,1,1,0,0,1,1,0,0,0,1,0,1
1,1,0,1,1,0,1,0,1,1,0,0,1,1,0,1,0,0,1,1,0,1,0,0,0,0,1,0,0,0,0,0,1,1,0,0,1,1,0,1,1,1,1,1,0,0,1,1,1,0,1,0,0,1,1,0,1,1,0,0,0,0,1,1,0,1,1,0,0,0,0,1,0,1,1,1,0,1,1,1,1,1,1,0,0,1,0,0,0,1,0,0,1,0,0,0,1,0,0,1,0
0,0,1,1,0,0,0,0,0,1,1,1,0,0,0,1,0,1,0,0,0,1,1,0,1,1,0,1,1,0,0,0,1,1,1,1,0,1,0,0,1,0,0,1,0,0,1,0,0,0,1,0,0,0,1,0,0,1,0,0,0,0,0,0,1,1,0,1,0,0,0,1,0,1,1,0,1,0,0,1,1,0,1,0,1,1,1,1,1,0,0,0,1,1,0,0,0,1,0,1,1
0,1,0,0,1,0,1,0,1,0,0,0,0,1,1,1,1,0,1,1,1,0,1,1,0,0,0,1,0,0,0,0,1,1,0,1,1,1,1,0,0,1,0,0,1,1,0,0,0,1,0,0,1,0,1,0,1,1,1,1,0,0,1,0,1,0,0,0,1,1,1,1,0,0,0,1,1,1,0,1,0,0,0,1,1,0,0,1,0,0,1,1,1,1,1,0,1,1,1,1,0
0,1,0,0,1,0,0,1,0,0,0,0,0,0,0,0,1,1,0,0,0,0,1,1,1,1,1,1,1,0,1,0,0,0,1,1,0,0,0,0,0,1,0,0,0,0,1,1,1,1,1,1,1,0,1,1,0,1,0,1,0,0,0,1,0,0,0,1,0,1,0,0,1,1,1,0,1,0,1,0,1,1,1,1,1,0,0,1,0,0,0,1,1,0,1,0,1,1,0,1,1
1,1,0,0,1,1,1,0,0,1,0,0,1,1,0,1,1,1,1,1,0,1,0,0,1,1,1,1,1,0,0,1,0,0,0,0,1,1,0,0,1,1,0,1,1,0,0,0,0,1,1,0,1,0,1,1,0,1,1,0,1,1,0,0,1,0,1,0,1,1,1,1,1,1,1,0,0,0,0,1,1,1,0,1,0,1,1,0,1,0,1,0,0,1,1,0,0,1,0,0,0
1,0,1,0,1,0,1,1,0,1,0,1,0,1,1,0,0,1,0,0,1,1,1,0,0,1,1,0,1,0,1,1,0,1,0,1,0,1,0,0,1,1,1,1,1,0,0,0,0,0,1,0,1,1,1,1,0,1,0,1,0,1,0,1,0,1,0,1,1,1,0,0,1,1,1,1,1,1,0,0,0,0,0,1,0,1,0,1,1,1,0,0,1,0,1,0,0,1,0,1,1
1,1,1,0,0,1,0,0,1,1,0,1,0,0,1,1,1,1,1,0,0,1,0,1,0,0,1,1,0,1,0,1,0,0,0,0,0,1,1,0,1,0,0,0,1,0,1,0,1,1,0,0,1,0,0,1,1,0,0,1,0,1,0,1,0,1,0,0,1,0,0,1,1,1,1,1,1,1,1,0,0,0,1,1,1,0,1,1,0,0,1,0,1,1,0,0,0,1,1,0,0
0,1,1,1,1,0,1,0,0,0,1,0,1,1,0,0,0,0,1,0,0,1,0,1,1,0,1,0,0,1,0,0,1,1,1,0,1,0,0,1,1,0,0,1,1,1,0,1,0,1,1,1,0,1,1,0,1,0,1,1,0,1,0,1,0,0,1,0,1,0,0,1,1,1,1,1,1,0,1,0,1,0,0,0,0,1,0,0,1,1,1,1,0,1,0,1,1,0,1,0,0
0,0,0,0,1,0,0,1,0,0,1,1,1,0,0,0,1,1,1,0,0,1,0,1,1,0,1,1,1,1,0,0,0,1,1,1,1,1,0,0,1,1,1,0,1,1,0,1,1,0,0,1,1,1,0,0,0,0,1,0,0,1,0,0,1,1,1,0,1,1,0,1,1,1,0,1,0,1,0,1,1,1,0,0,0,1,0,0,0,1,1,1,1,0,0,1,0,1,0,1,1
1,0,1,0,0,0,1,0,1,0,1,1,0,0,1,1,0,0,0,1,0,0,1,1,1,0,1,0,1,1,0,0,1,0,1,1,0,0,1,0,0,1,1,1,1,0,1,1,1,1,0,0,1,1,0,0,0,0,1,0,1,0,0,0,0,0,1,0,0,1,0,1,0,0,0,1,1,1,0,0,1,1,1,0,1,0,0,1,1,1,1,1,0,0,1,0,1,1,1,1,1
1,0,0,1,0,0,1,1,1,0,0,1,0,0,0,1,0,1,0,0,0,0,0,0,0,0,1,0,0,0,0,1,0,0,0,0,1,0,1,0,0,1,1,1,0,1,0,1,1,1,1,1,1,0,1,1,0,1,0,0,1,1,1,0,1,0,1,0,1,1,0,0,0,1,1,0,0,1,1,1,0,0,1,0,1,0,0,1,1,0,1,1,1,1,0,0,1,1,1,1,0
1,1,0,0,1,1,1,0,1,1,0,1,0,1,0,1,1,1,0,1,1,0,0,1,0,0,0,1,1,1,0,0,0,0,1,0,0,1,0,1,0,1,1,0,1,1,0,1,1,1,1,0,1,1,1,0,0,0,1,0,0,1,0,0,0,0,0,1,0,0,1,1,0,0,1,0,0,0,0,0,0,1,1,0,1,0,0,1,1,0,0,1,1,0,1,1,1,0,0,1,0
1,1,0,0,0,0,1,1,0,1,1,0,1,0,1,1,0,0,1,0,1,1,1,1,0,1,0,0,0,1,0,0,0,1,1,1,1,1,0,1,1,1,0,1,0,0,0,0,1,0,0,1,0,0,0,1,1,0,0,1,1,0,1,0,0,1,1,0,0,1,0,1,0,0,1,1,1,0,1,0,1,1,0,1,1,0,0,1,1,0,0,1,1,1,0,0,1,1,0,0,0
0,0,1,1,1,0,0,1,0,1,1,1,0,1,1,1,0,1,1,1,0,0,1,0,0,1,1,0,1,1,1,1,0,0,0,1,1,1,0,0,0,1,1,0,0,1,1,0,0,1,0,1,0,0,0,1,0,0,0,1,0,1,1,1,1,0,0,0,1,0,0,0,1,1,0,1,0,0,1,0,1,1,0,1,1,1,0,0,1,1,0,0,1,0,0,0,0,0,0,0,1
0,0,0,1,0,0,0,0,0,0,1,0,1,1,1,0,0,0,0,0,0,1,1,1,0,1,0,0,0,0,0,1,1,1,0,1,1,0,0,0,0,0,1,0,0,1,0,0,0,0,0,0,1,1,0,1,1,0,1,1,1,1,0,0,1,0,0,0,1,0,1,1,0,1,1,1,1,0,0,1,1,1,1,0,0,0,0,1,0,0,1,0,1,1,1,0,0,1,1,0,0
1,0,0,1,1,0,1,0,0,1,0,0,1,1,1,0,0,1,1,0,1,0,1,0,1,1,1,0,1,1,1,1,1,0,1,0,0,0,0,1,1,1,0,0,1,1,1,0,0,1,0,1,1,0,0,0,1,1,1,1,0,1,0,0,1,1,0,0,0,1,0,1,0,0,1,1,0,1,1,1,1,1,1,0,0,1,1,0,1,0,1,0,0,0,0,0,0,0,0,0,1
0,1,1,1,1,1,1,0,1,0,0,0,0,0,0,0,1,0,1,1,1,1,0,0,1,1,0,0,1,0,0,1,0,0,1,0,1,0,1,1,1,1,0,0,0,1,1,0,1,0,1,0,1,1,0,0,0,0,1,1,0,1,1,1,0,0,0,0,1,1,0,0,1,0,1,0,0,1,1,0,0,1,0,1,1,1,1,1,1,0,0,0,1,0,1,0,0,1,1,0,1
1,1,0,1,0,0,0,0,0,1,0,1,1,0,1,0,1,0,0,1,1,1,1,0,0,1,0,1,1,1,1,1,0,0,1,1,0,1,0,1,1,1,1,1,0,1,1,1,1,0,0,1,1,0,1,1,0,1,0,0,0,1,0,0,0,1,0,0,1,1,1,0,0,0,1,0,1,0,0,0,0,1,1,0,0,0,0,1,0,0,0,0,1,1,0,0,1,1,0,0,1
0,1,0,0,1,0,0,0,0,1,0,1,1,1,1,1,0,0,0,1,1,1,1,1,0,1,0,0,1,1,1,0,0,0,1,0,0,1,0,0,1,1,0,1,0,1,0,0,1,0,1,1,0,1,1,0,1,0,0,0,0,0,1,1,1,0,0,0,1,0,0,1,0,0,1,0,1,1,0,1,1,0,1,0,1,0,0,1,1,1,0,1,0,0,0,1,0,1,0,0,1
1,0,1,0,1,0,1,0,0,1,1,0,1,1,1,1,1,0,1,1,1,1,1,1,1,1,0,0,0,0,1,0,0,0,1,0,1,1,1,0,1,0,0,0,0,0,1,0,1,0,1,0,1,1,0,1,0,0,1,0,0,1,1,0,0,0,1,1,0,0,0,0,0,1,0,1,1,0,0,0,0,1,1,1,0,1,1,0,1,0,1,1,0,0,0,1,0,0,0,1,1
1,1,1,1,1,1,0,1,1,1,1,0,0,1,0,1,0,1,1,0,0,0,1,0,1,1,1,0,0,1,0,1,0,1,0,0,0,0,0,1,1,1,0,1,0,0,0,1,0,1,1,1,1,1,0,0,1,1,0,0,0,0,0,0,1,1,1,0,0,1,1,1,1,1,1,1,0,0,1,0,1,0,0,0,0,0,0,1,1,0,0,1,1,0,1,0,0,0,0,1,1
0,1,0,1,0,1,0,1,1,1,1,0,1,0,1,0,0,0,0,0,1,1,1,0,0,0,1,1,1,1,1,1,0,1,0,0,0,0,1,0,0,0,1,1,0,1,1,1,0,1,0,1,1,0,0,0,0,0,0,1,0,1,0,1,1,0,1,0,1,0,0,1,1,0,1,1,1,1,1,0,0,1,0,1,1,0,1,1,0,1,1,1,0,0,0,1,0,1,1,1,0
1,0,1,0,0,0,1,0,1,1,1,0,1,1,0,1,0,1,1,0,0,0,0,1,0,0,1,0,1,1,1,1,1,1,0,1,1,0,1,1,1,0,1,0,0,1,1,0,1,1,0,1,1,1,1,0,0,0,0,1,1,1,0,0,1,0,1,1,0,0,0,0,0,1,0,1,1,0,1,0,1,0,1,1,1,1,1,1,0,0,0,0,0,1,1,0,1,1,1,1,1
1,0,0,0,1,1,0,1,1,0,0,1,1,0,1,1,0,1,1,1,0,1,0,1,0,0,0,0,0,1,0,1,0,0,0,0,1,0,1,1,1,0,0,1,0,1,1,0,0,1,1,0,1,1,1,0,0,1,0,1,0,0,1,0,1,0,0,0,1,0,1,1,1,0,1,1,1,1,1,1,1,1,0,1,1,0,1,0,0,1,0,1,0,1,1,1,0,1,0,0,0
0,1,0,0,1,1,0,1,0,1,1,1,1,0,0,1,1,0,0,1,0,1,0,1,1,0,0,1,1,0,0,0,1,1,0,0,0,1,1,1,1,1,1,1,1,0,0,1,1,1,1,0,0,0,1,1,1,1,1,1,1,1,1,1,1,0,0,1,0,0,0,1,0,0,0,0,0,1,1,0,1,0,1,0,0,1,0,0,1,0,0,0,1,1,1,1,1,1,0,1,1
0,1,0,0,1,0,1,0,1,0,0,0,0,0,0,1,0,1,1,1,0,1,1,1,0,0,0,1,1,0,1,1,0,1,0,1,0,1,0,1,1,1,0,0,1,0,1,0,0,0,0,0,1,1,1,0,1,0,1,0,0,1,1,1,0,1,0,0,0,0,0,1,0,0,0,0,1,1,0,1,0,1,1,0,0,0,1,0,0,0,0,1,1,1,0,1,0,0,1,1,1
0,0,1,1,1,1,0,0,1,1,0,0,0,0,0,0,0,0,1,0,1,1,0,1,1,0,0,0,0,0,1,1,0,0,1,1,0,1,1,1,0,0,0,0,1,1,1,0,1,1,1,0,1,1,0,0,1,1,0,0,1,0,1,0,1,1,1,1,0,0,1,0,1,1,0,0,0,0,0,1,0,1,1,1,0,1,0,0,0,1,1,1,1,0,1,0,1,0,1,1,1
0,1,1,0,0,1,1,0,0,0,1,0,1,0,0,1,0,1,1,1,0,1,0,0,1,1,1,0,0,1,1,1,0,0,0,1,1,0,0,1,0,0,0,1,1,0,0,0,0,1,0,0,1,0,0,0,1,0,1,0,1,0,0,0,0,1,0,0,1,1,1,0,0,0,1,0,1,0,0,1,1,0,1,1,1,0,0,1,0,0,0,0,0,0,0,0,1,1,1,0,0
1,1,0,0,1,0,0,1,0,0,0,1,0,0,1,1,0,0,1,0,0,0,0,1,0,1,1,1,1,0,0,0,0,0,0,1,1,0,0,0,1,1,0,0,1,0,1,0,0,0,0,1,1,1,1,1,1,0,0,0,0,1,0,1,0,1,0,0,1,1,1,0,0,0,1,1,0,1,0,1,0,1,0,1,0,1,0,0,1,0,1,0,0,1,0,0,1,0,0,1,0
1,0,1,0,1,0,0,1,1,1,1,1,1,0,1,0,0,0,0,0,1,0,1,1,0,1,1,0,1,1,0,1,1,0,0,1,0,1,0,1,1,1,0,0,1,0,0,1,1,1,1,1,0,1,0,1,1,1,0,1,0,1,0,1,1,1,1,0,0,1,1,1,0,0,1,0,1,1,1,1,1,1,0,0,0,0,0,1,1,0,0,0,0,0,1,1,0,0,1,1,1
0,1,0,0,0,0,1,1,1,0,0,0,1,1,0,1,0,0,0,0,1,1,1,0,1,1,1,1,1,0,1,0,1,0,0,1,0,0,0,1,0,0,1,1,1,1,1,0,0,1,0,0,0,0,1,0,1,0,0,0,0,1,0,0,0,0,0,1,1,1,1,1,0,0,1,1,0,0,0,1,0,0,0,0,0,1,0,1,0,1,0,1,0,1,1,1,1,0,0,0,1
1,0,1,1,0,0,1,1,1,1,1,0,0,0,0,0,1,0,1,1,1,1,0,1,0,1,0,0,0,1,0,0,0,1,1,0,1,0,0,1,0,0,1,0,0,0,0,0,0,0,1,1,0,1,0,1,0,1,1,1,0,0,1,0,0,1,0,0,0,1,1,1,1,0,1,1,0,1,0,0,1,0,0,1,1,0,1,0,0,0,0,0,0,1,1,0,1,1,0,1,0
0,1,1,0,0,1,1,1,1,1,0,1,0,1,1,1,1,0,1,1,1,0,1,0,0,0,1,0,1,0,0,0,0,0,1,1,1,1,1,0,1,0,0,1,1,1,0,1,0,1,1,1,1,0,0,0,0,1,0,0,1,0,0,0,0,0,0,0,1,1,0,1,0,0,0,1,1,0,1,0,0,1,0,0,1,0,0,1,1,0,0,1,0,0,0,1,1,0,0,0,0
1,1,1,0,1,0,0,1,0,0,1,0,0,1,1,0,1,1,0,0,1,0,0,1,0,1,1,1,1,1,0,0,1,1,0,1,1,0,0,1,0,1,1,1,0,0,1,0,0,1,1,0,1,0,0,1,1,1,0,0,1,0,1,0,0,0,1,0,0,0,0,0,0,1,0,1,1,0,1,0,0,1,0,1,1,0,0,1,1,0,1,0,1,1,1,1,0,1,0,1,1
0,0,0,1,1,0,0,0,1,1,1,1,0,0,0,1,0,0,1,1,0,0,1,1,1,1,0,0,0,0,0,0,1,1,1,0,0,1,0,1,0,1,0,1,0,1,1,1,0,1,1,0,1,1,1,0,1,1,0,0,0,0,0,0,0,1,1,0,0,0,1,0,1,1,0,1,1,1,1,1,1,0,1,0,0,1,1,1,1,1,0,1,1,0,1,0,1,1,0,1,1
1,0,0,1,1,1,0,1,0,1,0,0,1,1,1,1,0,0,0,0,0,1,1,1,0,1,0,1,1,0,0,0,1,0,0,1,0,0,1,1,0,0,0,0,1,0,0,1,0,1,1,1,1,1,0,1,1,0,1,0,1,1,0,0,1,1,0,1,0,1,1,1,0,0,0,1,1,1,0,0,0,1,1,1,0,0,0,0,1,0,1,0,0,0,0,0,1,1,0,0,1
0,0,0,0,1,1,0,1,1,0,0,0,1,0,0,1,1,0,0,0,1,1,1,1,0,0,1,0,1,1,0,0,0,0,0,1,1,0,0,1,0,1,1,1,1,1,0,0,1,1,1,0,0,0,0,0,1,0,1,0,0,1,1,1,1,1,0,1,1,0,1,1,0,0,0,1,1,0,1,0,1,0,1,0,1,1,0,0,1,1,0,0,0,1,0,0,0,0,1,1,0
0,0,1,0,1,1,1,1,0,1,0,0,0,1,0,0,0,1,1,0,0,1,1,1,1,1,0,0,1,1,0,1,1,0,0,1,0,0,1,0,0,0,0,0,1,1,1,0,1,1,0,0,1,1,1,0,1,1,0,1,1,1,0,0,1,1,1,0,0,1,1,1,0,0,1,1,0,1,1,1,0,1,0,0,1,1,1,1,0,0,1,1,0,1,0,1,0,0,0,0,1
1,0,0,0,0,1,1,0,1,0,0,1,0,1,1,0,0,1,1,1,0,0,0,1,0,1,1,0,0,0,0,0,0,1,0,1,0,1,1,0,1,0,0,1,1,0,0,0,0,0,0,0,1,0,1,0,0,1,1,0,1,1,1,0,0,0,0,0,0,1,1,0,0,0,0,0,0,0,1,1,0,0,1,1,0,0,1,1,0,1,1,0,1,1,1,0,1,0,0,1,1
0,1,1,0,1,1,0,0,0,1,0,0,0,0,1,0,1,0,0,0,1,0,0,0,1,1,0,0,1,0,0,0,0,1,1,1,0,1,1,1,1,1,1,0,1,0,0,1,1,1,0,1,0,1,1,0,1,1,1,1,1,0,0,1,0,1,0,1,0,0,1,1,1,0,1,0,0,1,0,1,0,0,1,0,1,1,1,1,0,0,1,1,1,1,0,0,0,0,0,0,1
1,0,1,1,0,0,0,0,1,1,0,0,0,1,1,0,1,0,1,1,0,1,0,1,1,1,0,0,0,1,1,1,1,1,0,1,0,0,0,1,1,1,0,1,0,1,0,0,0,1,1,1,1,0,0,1,0,1,1,1,1,0,1,1,1,1,0,1,0,1,0,0,0,0,1,0,0,0,1,0,1,1,1,1,1,1,0,0,0,0,0,0,1,1,0,0,1,0,0,0,1
1,1,1,1,1,0,1,1,1,1,0,1,0,0,1,1,1,1,0,1,1,1,1,1,0,0,1,0,0,0,0,0,1,1,1,0,1,1,0,1,1,1,1,0,1,0,1,1,1,0,1,1,1,0,0,0,1,0,0,0,1,1,0,0,0,0,1,0,1,1,1,0,1,1,0,0,1,1,1,1,1,1,0,0,1,0,0,0,1,1,1,1,1,1,1,1,0,0,0,0,1
0,0,0,1,0,0,1,0,0,1,0,1,1,0,1,1,1,0,1,1,1,0,0,0,1,1,1,1,0,0,1,1,1,1,0,1,0,1,0,1,0,1,1,0,0,0,1,0,1,0,1,0,1,0,1,1,0,1,0,0,0,0,1,1,1,0,1,0,1,1,0,0,1,0,0,0,0,0,1,0,0,1,0,1,1,1,0,0,0,0,1,1,1,0,1,1,1,0,1,1,1
1,1,1,0,0,1,0,0,1,1,1,1,0,1,1,0,1,0,1,1,1,0,0,0,0,0,1,1,1,1,0,1,0,0,0,0,0,0,0,1,0,0,1,1,0,0,0,0,1,0,0,0,1,0,0,1,0,1,0,0,1,0,1,0,0,0,1,0,0,1,0,0,1,0,1,0,1,0,0,1,0,0,0,0,0,0,1,0,0,0,0,1,1,0,0,1,0,1,0,1,0
1,1,1,0,1,0,1,1,0,1,0,0,1,0,1,0,1,1,0,0,1,1,0,0,1,0,0,0,1,0,0,0,1,0,0,1,1,0,0,1,0,0,0,1,1,0,1,1,0,0,1,1,0,0,1,1,0,1,1,0,0,0,0,0,0,1,1,1,0,1,1,0,0,1,0,1,0,0,0,0,1,0,1,0,0,1,1,1,0,1,0,1,1,0,1,0,1,0,0,1,1
0,0,1,1,1,0,1,1,1,0,1,1,0,0,0,0,1,1,0,0,1,0,1,1,1,1,1,1,1,1,0,1,1,0,1,0,1,1,0,0,0,0,0,1,0,1,1,1,1,0,0,0,1,0,1,1,1,1,1,1,1,1,0,0,0,1,0,1,0,1,0,1,1,1,0,1,1,1,0,0,0,0,0,1,1,1,1,0,0,0,1,1,0,1,0,0,0,1,0,0,1
0,1,1,0,0,1,1,1,1,0,0,0,0,0,0,0,1,1,0,0,1,1,1,1,0,0,0,0,0,0,1,0,1,0,0,1,0,1,0,1,0,0,1,0,0,0,1,1,0,0,0,0,1,0,0,0,1,1,1,1,1,1,0,1,0,0,1,0,1,0,1,1,0,0,1,0,0,0,1,0,1,0,0,0,0,0,1,1,0,0,0,1,1,0,1,1,1,1,0,0,1
0,0,0,0,0,1,1,0,1,0,0,0,1,0,0,0,0,0,1,0,1,0,0,0,1,1,0,0,0,0,1,1,1,0,1,1,1,0,0,1,1,0,0,0,1,0,1,1,0,1,0,0,1,1,1,0,0,1,0,1,1,1,0,1,0,0,0,1,1,0,0,0,0,1,0,1,1,0,1,0,1,0,1,1,0,1,0,0,0,1,0,1,1,0,1,1,1,1,1,1,1
0,0,1,0,1,1,0,1,1,1,0,1,0,0,0,0,1,1,1,0,0,0,0,1,0,1,1,0,1,1,0,0,1,1,0,0,0,0,1,1,0,0,0,0,1,0,0,0,0,0,0,1,1,1,1,0,0,0,0,1,1,0,1,0,1,1,0,1,0,1,0,0,0,1,0,0,1,0,1,0,1,1,0,1,1,1,0,0,1,1,0,0,0,0,1,0,0,1,0,1,1
0,0,1,1,1,0,0,0,0,1,0,0,0,1,0,0,0,1,0,0,1,1,0,1,0,0,0,0,1,1,0,1,0,1,1,1,1,1,0,1,0,1,1,0,0,0,0,0,1,1,1,0,0,0,0,1,0,0,1,0,0,0,0,1,0,1,1,1,1,0,1,1,1,1,0,1,0,0,1,1,1,0,1,0,0,0,0,0,0,1,0,0,1,0,0,0,1,0,0,0,1
1,0,1,1,1,0,1,0,1,1,1,1,1,1,1,1,1,0,1,0,1,0,1,1,1,0,1,0,1,0,1,0,1,0,1,1,0,0,0,0,1,1,1,0,1,0,0,1,0,0,0,1,0,1,0,1,0,0,0,0,0,0,1,1,1,1,0,0,0,1,0,0,0,1,1,0,0,0,0,0,1,1,0,1,0,0,0,1,0,0,1,0,0,0,0,1,0,1,1,1,0
0,0,0,0,0,0,1,0,0,1,0,0,0,0,1,0,1,1,0,0,1,1,0,0,1,1,0,1,1,1,0,0,0,0,0,0,0,0,0,0,0,0,1,1,1,0,1,0,0,1,1,1,0,0,1,0,0,0,0,0,0,1,1,1,1,1,1,0,0,0,0,0,1,0,1,1,0,1,1,1,0,0,0,1,0,1,1,1,0,1,0,1,1,0,1,0,0,1,1,0,0
0,1,0,0,0,0,1,1,1,0,1,1,0,1,1,0,0,1,0,0,0,1,0,1,1,1,1,1,0,0,1,0,0,0,1,0,0,1,0,1,0,1,0,1,1,0,1,1,0,1,1,1,1,1,1,0,0,1,0,0,1,0,0,0,1,1,0,0,0,1,1,0,0,0,0,1,0,0,1,0,0,1,1,1,0,1,0,0,0,0,1,1,0,0,1,0,0,0,0,1,0
0,0,0,0,1,1,1,0,1,1,0,1,0,1,1,1,0,0,0,1,0,0,1,1,1,1,1,0,0,0,0,0,1,0,1,1,0,1,0,0,1,1,1,0,1,1,1,0,0,0,1,0,0,0,1,0,1,1,0,0,0,0,1,0,1,1,0,1,0,1,0,0,1,1,0,1,1,1,0,0,1,0,0,1,0,1,0,0,0,1,1,1,1,0,0,1,0,0,1,1,1
0,1,1,0,0,1,1,0,1,0,0,0,0,0,0,1,0,1,0,1,0,0,1,0,1,0,1,0,0,0,0,1,1,1,1,1,1,0,1,0,1,0,1,0,1,0,1,0,1,0,1,1,1,0,1,0,1,1,0,1,0,0,0,1,0,0,0,0,0,0,1,1,0,1,1,0,0,1,0,0,0,0,1,1,1,1,0,1,1,1,1,0,0,1,1,0,1,1,0,0,1
0,1,0,1,1,1,1,1,1,0,1,0,0,0,0,1,0,0,1,0,0,0,0,0,0,0,1,0,1,1,1,1,1,0,0,0,1,1,1,0,0,1,1,0,1,1,1,0,1,1,0,1,0,0,1,1,0,0,0,0,0,0,0,0,0,0,0,1,1,1,1,1,1,0,1,0,1,1,1,1,1,1,1,1,0,1,0,0,1,1,0,1,1,1,0,1,0,1,0,0,0
0,1,0,0,0,0,0,1,0,1,0,0,0,1,0,1,0,1,1,0,0,0,1,0,0,0,0,0,0,0,1,0,1,0,0,1,1,1,1,0,1,0,1,1,0,1,1,1,1,1,1,1,1,0,0,1,0,0,1,1,0,0,0,1,0,1,1,0,0,0,0,0,0,0,1,0,1,0,0,1,0,1,0,0,0,0,1,0,0,0,1,0,1,1,1,1,1,0,0,0,1
0,0,1,1,0,0,1,0,0,1,1,1,0,1,0,0,0,0,1,1,0,1,1,1,1,0,1,0,1,1,1,1,0,0,1,0,1,1,1,0,0,1,1,1,0,1,0,0,0,0,0,1,0,1,1,1,0,0,0,1,0,1,0,1,0,0,0,1,0,1,0,0,1,0,1,0,1,0,0,0,1,1,1,0,0,1,1,0,0,1,0,1,0,1,0,0,0,0,1,0,0
0,1,1,1,0,1,0,0,0,0,0,0,1,0,0,1,0,1,1,0,0,1,0,1,0,0,1,0,0,1,0,1,0,1,1,0,1,0,1,0,0,0,0,0,0,1,0,0,0,1,1,0,1,0,1,0,1,0,0,0,1,0,1,0,1,1,1,0,0,0,1,1,1,1,1,1,1,0,0,0,0,1,1,1,0,1,0,1,1,1,1,0,0,1,1,0,0,1,0,0,0
1,1,0,0,1,1,0,1,0,0,1,0,1,1,1,1,0,0,0,0,1,1,1,1,0,1,0,1,0,1,0,1,1,0,0,1,0,1,0,0,0,1,0,0,1,0,0,1,0,0,0,1,1,1,1,0,1,0,1,1,1,1,1,1,0,0,1,0,0,1,1,1,1,1,0,0,1,1,0,0,0,1,1,1,1,0,1,1,1,0,0,1,0,1,0,1,0,1,0,0,1
0,1,0,0,1,1,1,0,1,1,1,1,0,0,1,1,1,0,1,1,1,0,0,1,1,1,0,1,0,1,1,1,1,1,1,0,0,0,1,1,1,1,0,1,1,0,1,1,0,0,1,0,0,0,0,1,1,0,0,1,0,1,0,1,0,0,0,1,1,0,0,1,1,0,0,1,1,1,0,1,0,1,1,1,0,0,0,0,1,0,1,1,0,0,1,0,1,0,0,1,1
0,0,1,0,1,1,0,0,1,1,1,0,0,1,0,0,1,0,1,0,0,0,0,1,1,1,0,1,1,0,0,1,1,0,1,1,0,0,1,1,1,1,1,1,1,0,0,1,1,0,0,1,0,0,1,0,0,1,0,0,0,0,0,0,0,0,0,0,1,0,0,1,0,0,0,1,0,0,1,0,1,0,0,0,1,0,1,0,1,1,0,1,1,1,0,1,1,1,1,1,1
0,0,1,1,0,1,1,0,0,1,1,0,0,0,1,0,0,1,0,0,1,0,0,0,1,1,0,1,1,1,1,1,0,0,0,1,1,1,1,0,1,0,1,1,1,1,0,0,0,0,1,0,0,0,1,1,1,0,1,0,0,0,1,0,1,0,0,0,0,1,1,0,0,1,1,1,1,1,1,1,0,1,1,1,1,1,0,1,0,0,1,1,1,0,0,0,0,0,0,1,0
0,0,1,0,0,0,1,0,1,0,1,0,1,1,1,1,1,1,0,1,1,1,1,0,0,0,0,0,0,1,0,1,0,0,1,1,1,1,1,1,0,1,1,1,1,1,1,0,0,1,1,1,0,1,1,1,0,1,0,1,1,0,0,1,0,1,0,1,1,0,0,1,1,0,1,0,1,1,1,0,0,0,0,1,1,1,1,1,0,1,0,1,1,0,1,1,1,1,0,0,0
0,0,1,0,0,0,0,0,0,1,0,0,1,1,0,1,1,0,1,1,0,0,0,1,0,0,0,0,1,1,0,1,0,0,0,0,1,0,1,1,0,0,0,0,1,0,0,0,0,0,1,0,0,1,1,0,0,0,1,1,1,1,0,1,1,1,0,1,1,0,1,0,0,0,1,1,0,1,0,0,0,1,1,0,1,0,1,0,0,0,0,1,0,0,1,1,0,1,0,1,0
0,0,0,1,0,1,1,1,1,0,0,1,0,1,1,0,0,0,0,0,0,0,0,0,0,1,1,0,1,1,0,0,0,1,1,0,1,0,0,0,0,1,1,0,1,1,0,1,0,1,0,1,0,0,0,1,1,0,0,0,0,1,1,0,1,0,1,0,0,1,0,0,1,0,1,0,0,0,0,1,1,1,1,1,0,0,1,1,1,1,0,0,0,1,1,1,1,1,1,1,0
0,0,1,1,0,0,1,1,1,0,1,0,0,0,1,0,1,0,1,1,1,0,0,1,0,0,0,1,0,1,1,0,0,1,1,1,1,1,0,0,0,1,1,1,1,0,1,1,0,0,1,1,0,1,0,1,1,1,0,1,1,0,0,0,0,1,1,0,1,0,1,1,1,0,0,0,0,1,1,1,1,0,0,1,1,0,1,0,1,0,0,1,0,0,0,0,0,1,0,0,0
0,1,0,0,0,1,1,1,1,0,1,1,1,1,0,0,0,0,0,1,0,1,1,1,1,1,1,1,1,1,0,0,0,0,0,0,1,0,1,1,0,0,1,1,0,1,0,0,0,0,1,1,0,1,1,1,1,0,0,0,0,0,0,0,1,1,1,0,0,0,1,0,0,1,0,1,1,0,1,0,0,0,0,1,1,0,1,1,1,1,1,1,1,1,0,0,0,1,1,0,0
0,1,0,0,1,0,1,0,1,1,0,0,1,0,1,1,0,1,1,0,0,0,0,0,0,0,1,1,1,1,0,0,1,0,0,1,1,1,1,0,0,0,1,0,1,0,1,1,1,1,0,0,1,1,1,1,1,1,1,0,1,1,0,0,0,1,1,1,1,1,0,1,1,1,1,0,1,0,0,0,1,1,0,1,0,1,0,0,0,0,1,0,0,1,1,1,1,1,1,0,0
0,0,1,1,0,0,0,0,1,0,1,1,0,0,0,1,0,1,0,1,0,1,0,1,1,0,1,1,1,0,1,1,0,1,0,0,0,1,1,1,1,0,0,1,1,0,1,1,0,0,0,0,0,1,0,1,1,0,0,0,1,1,1,0,1,0,0,1,0,1,0,1,1,1,0,0,0,0,0,0,0,1,1,1,0,1,1,1,0,0,1,1,1,1,0,1,1,0,1,1,1
1,0,0,1,0,0,0,1,1,1,1,0,1,0,1,0,1,0,0,0,0,0,1,0,1,0,1,1,0,0,0,1,0,1,0,0,1,1,0,1,0,0,1,0,1,0,0,1,0,1,0,0,1,0,0,1,1,0,1,0,0,1,0,0,1,1,1,0,0,1,0,0,0,0,1,1,0,1,0,0,0,0,1,1,1,0,0,0,1,1,0,1,1,1,1,1,0,0,1,0,0
0,0,1,0,1,1,1,0,0,0,0,0,1,0,1,1,1,0,1,0,1,0,1,0,0,1,0,1,1,1,1,0,0,1,0,0,0,1,0,1,0,1,1,1,0,0,1,0,1,0,0,0,1,0,1,1,1,1,1,0,0,0,1,1,0,0,1,0,1,0,1,0,0,0,0,1,1,1,1,1,0,0,0,0,0,1,1,1,1,0,1,1,0,0,1,0,1,0,0,1,0
1,0,1,0,0,0,1,0,1,1,0,0,1,0,0,0,0,0,0,0,1,0,1,0,0,1,0,1,1,0,0,0,1,1,1,1,1,1,0,1,0,0,0,1,0,1,1,1,0,0,1,1,1,1,1,0,0,0,0,1,0,1,0,0,0,1,0,0,0,0,0,0,0,0,0,1,0,0,0,1,0,1,1,0,1,0,0,0,0,0,0,0,0,0,1,1,0,0,1,1,1
0,0,0,1,0,0,0,1,0,1,1,0,0,1,1,1,0,1,1,1,1,0,0,1,0,1,1,1,0,0,1,1,1,1,0,0,0,1,1,0,0,0,0,1,1,1,0,1,0,0,1,1,0,0,1,0,0,1,0,1,0,0,0,1,1,1,0,0,0,1,0,0,0,0,1,1,1,0,1,0,1,1,0,1,1,1,0,0,1,1,0,1,1,0,1,0,1,0,0,1,0
1,1,0,0,0,0,0,0,1,1,1,0,0,0,1,1,0,1,1,0,0,1,1,0,0,1,0,1,0,1,0,0,0,0,1,0,0,1,1,0,1,1,1,0,0,1,1,1,1,0,0,1,1,1,0,1,0,1,1,1,1,0,1,0,0,0,1,0,0,1,1,1,0,0,0,0,0,1,1,0,0,0,1,0,0,0,0,0,1,1,0,0,0,0,1,1,1,0,1,0,1
0,1,0,1,1,0,0,1,1,1,1,1,0,1,1,1,0,1,0,0,1,0,1,1,0,0,0,0,1,1,1,1,1,0,1,1,0,1,1,1,1,0,1,0,0,0,0,0,0,1,0,0,0,1,0,0,1,0,0,0,0,1,1,0,0,1,0,0,1,1,0,0,1,1,0,1,0,1,0,0,0,0,1,1,0,0,0,1,0,0,0,0,0,0,0,1,0,0,1,0,1
1,1,1,0,0,1,1,0,0,0,1,0,1,0,1,1,1,1,1,1,0,1,1,1,1,1,0,1,0,0,0,0,1,1,0,0,0,1,1,1,0,1,1,0,1,0,0,0,1,1,1,1,0,1,0,0,0,1,1,0,1,1,0,0,0,1,0,0,0,1,1,1,0,0,0,1,0,1,1,0,0,1,1,0,0,1,0,0,1,1,1,0,0,0,0,1,0,1,1,0,1
1,1,1,0,1,0,0,1,1,1,0,0,1,1,0,1,1,0,1,1,1,0,0,0,0,1,0,0,1,0,1,0,0,1,0,1,1,1,0,1,1,1,1,0,1,0,1,1,0,0,0,1,1,0,0,1,1,0,1,0,1,1,1,0,0,1,1,0,1,0,0,1,1,1,0,1,1,1,1,0,1,0,0,1,0,1,0,1,0,0,1,1,0,1,1,0,1,1,0,1,1
0,0,1,1,1,0,1,0,0,1,1,1,0,1,1,1,0,0,1,1,1,1,0,1,0,0,1,1,1,1,0,0,1,1,1,0,1,0,1,0,0,1,0,1,0,1,0,1,1,1,1,1,0,1,0,0,0,0,0,0,1,0,0,0,0,1,1,0,1,1,1,0,0,1,1,0,1,1,1,1,1,1,0,0,0,1,1,1,1,1,0,0,1,1,0,1,1,1,0,1,0
1,1,1,1,0,1,1,0,1,1,1,1,1,1,0,0,1,0,0,1,1,0,1,1,0,1,0,0,1,1,0,1,1,1,0,1,0,0,0,0,1,0,0,1,1,1,1,0,1,1,0,0,0,0,1,0,1,1,0,0,0,0,0,0,0,1,1,1,0,1,0,0,1,1,1,1,0,1,0,0,0,0,0,1,0,1,0,0,0,0,0,1,1,1,1,1,1,1,0,0,1
0,1,1,1,1,1,1,0,1,0,0,1,1,0,0,1,0,1,0,1,1,1,1,1,1,0,1,1,0,0,1,0,0,1,1,0,0,0,0,1,0,1,0,0,1,0,1,1,0,0,1,1,1,0,1,1,1,0,1,1,1,0,0,1,1,0,1,0,1,1,1,1,0,0,1,1,0,1,1,1,0,1,1,0,0,0,0,1,1,0,0,0,1,1,1,0,1,0,1,1,1
1,0,0,1,0,1,1,0,1,1,0,0,1,1,0,1,0,1,0,0,0,0,0,1,0,0,0,0,0,0,0,0,0,1,0,0,0,0,1,1,1,0,1,1,0,1,0,1,1,0,1,1,0,1,1,1,0,1,0,0,0,1,0,1,0,0,1,1,0,1,0,0,0,0,1,0,0,0,1,1,0,1,1,1,1,0,0,0,1,1,1,1,0,0,0,0,1,1,0,1,1
0,1,0,0,1,0,1,1,1,1,1,1,1,1,0,0,0,1,1,1,0,1,1,0,0,1,0,0,0,1,0,1,1,1,1,1,1,0,1,1,0,0,0,1,0,1,0,1,1,0,1,0,0,0,0,0,1,0,1,0,0,0,0,0,1,0,1,1,0,0,0,1,1,0,0,0,0,1,0,0,1,1,0,1,1,1,1,0,0,0,0,1,0,0,0,1,1,0,0,0,1
1,1,0,1,0,0,0,0,1,0,1,0,1,0,0,0,0,1,1,0,0,0,0,1,0,1,1,1,1,0,0,1,1,1,0,1,1,1,0,0,0,1,0,0,0,0,0,0,1,0,0,1,1,1,0,1,0,0,0,0,0,0,1,0,1,1,1,0,0,0,0,1,0,0,1,1,1,0,1,1,0,1,1,1,0,0,1,0,0,1,0,1,1,1,1,1,1,0,1,1,0
1,0,0,0,1,0,0,0,1,0,1,1,1,1,0,0,1,1,1,0,0,1,1,0,0,1,0,1,1,1,0,0,0,1,0,0,0,0,1,0,0,1,1,0,1,1,1,1,0,0,0,0,0,1,1,1,1,1,0,0,0,0,0,1,1,1,1,0,1,1,1,0,0,0,0,1,0,1,1,0,1,0,0,0,0,0,0,1,0,0,0,0,0,0,1,1,0,0,0,1,1
1,0,1,0,0,1,1,1,1,1,1,0,1,0,0,0,0,1,1,0,0,1,1,1,1,0,1,1,0,0,1,0,1,0,1,1,1,0,1,0,0,1,1,0,1,1,0,0,0,1,0,1,0,0,0,0,1,1,1,0,1,0,0,0,1,0,0,0,1,1,1,1,0,1,0,1,0,1,0,0,1,1,0,1,0,0,1,1,1,1,0,1,0,0,1,0,1,0,1,1,1
1,1,1,0,1,1,1,0,0,1,0,0,0,1,0,1,1,0,0,1,1,1,1,0,1,1,0,1,0,0,1,0,0,1,0,0,0,1,1,1,1,1,1,0,1,0,0,1,0,1,1,1,0,1,1,0,0,1,1,1,0,1,0,0,1,0,0,1,1,1,1,1,0,0,1,1,0,1,1,0,1,1,1,1,0,0,1,0,0,1,0,1,1,0,0,1,0,0,1,0,1
1,1,1,0,1,0,0,0,1,1,0,1,0,1,0,1,1,0,1,0,0,0,1,0,1,0,0,1,0,1,0,0,0,1,0,1,1,0,1,0,1,0,0,0,1,0,1,0,0,1,0,1,1,1,0,1,1,1,1,0,0,0,1,0,0,1,0,1,1,1,1,0,0,1,1,1,1,0,0,0,0,1,0,0,1,0,1,1,1,1,1,1,0,1,1,1,0,1,1,0,1
0,0,0,0,1,0,0,1,1,1,1,1,1,1,1,0,0,0,0,1,1,0,1,0,1,1,1,0,0,1,0,0,0,1,0,1,0,1,0,0,1,0,0,0,1,1,1,1,1,0,1,1,0,1,1,0,0,0,0,1,0,1,0,1,0,0,0,1,0,0,0,1,1,1,1,1,0,1,1,1,0,1,1,0,1,1,0,0,1,0,1,0,1,0,1,1,0,1,0,1,1
1,0,0,0,1,1,1,1,1,0,0,1,1,1,0,0,0,0,0,1,0,0,0,1,1,1,0,0,1,1,1,1,1,1,0,1,0,0,0,0,0,0,1,1,1,1,0,1,1,1,0,0,1,0,0,0,1,0,0,0,1,1,0,0,1,0,0,0,0,1,0,0,1,0,1,1,0,1,1,0,0,1,0,0,1,1,0,1,0,0,0,0,1,1,0,0,0,1,0,0,1
1,1,0,1,0,0,1,0,0,1,1,0,0,0,0,1,1,1,0,1,0,0,1,0,1,0,0,0,1,0,1,1,1,0,0,0,1,1,0,0,0,1,0,0,0,0,0,0,1,1,1,0,0,1,1,0,0,0,1,1,1,0,0,1,0,1,1,0,0,1,0,1,0,1,1,0,1,0,1,0,1,0,0,1,1,0,1,1,0,0,0,0,0,1,1,0,1,1,1,0,1
0,0,0,0,1,1,1,0,1,0,1,1,0,0,0,0,0,0,1,0,1,1,0,1,1,1,1,0,1,1,1,1,1,0,0,1,1,1,0,1,1,0,1,0,0,1,0,1,1,0,1,1,1,0,1,1,1,1,0,0,1,1,1,1,0,1,0,0,1,0,0,1,1,0,1,0,0,0,0,0,1,0,1,0,0,1,1,0,1,0,0,0,1,0,1,0,0,1,0,0,0
0,0,0,1,0,1,0,0,0,0,1,1,0,0,0,0,1,0,1,0,1,1,1,1,0,1,1,0,1,0,1,0,0,1,0,1,1,0,0,1,0,1,0,0,1,1,0,0,0,0,1,1,1,1,1,1,1,1,0,1,0,1,0,0,1,0,1,0,0,0,1,1,0,0,0,1,0,0,0,0,1,0,1,1,0,1,1,1,0,1,0,1,1,0,0,0,1,1,1,1,0
0,1,0,0,0,1,1,1,1,1,1,1,1,0,1,1,1,1,0,1,1,0,1,1,1,0,1,1,0,0,1,1,0,1,1,0,0,0,0,0,1,0,1,0,0,1,0,0,0,1,1,0,1,0,0,1,1,0,0,0,1,0,0,1,1,1,0,1,0,0,0,0,1,1,1,0,0,1,1,1,1,1,0,1,1,1,1,0,0,1,1,0,0,1,1,0,1,1,0,1,0
0,0,0,1,0,0,0,0,0,1,1,1,1,0,1,1,1,1,0,0,1,0,0,0,0,1,1,1,1,1,1,0,0,1,0,0,0,0,1,0,1,0,0,1,1,1,0,1,0,1,1,1,1,1,0,1,1,1,1,1,0,0,1,0,0,0,0,1,0,0,1,0,0,1,0,0,0,0,1,0,0,1,0,0,1,1,0,0,0,0,0,1,1,1,1,1,0,1,1,0,0
1,1,0,1,1,0,0,1,1,0,0,1,1,0,0,0,0,0,1,1,1,0,0,1,1,1,1,0,0,1,0,0,1,1,1,0,1,0,0,1,0,0,1,0,1,0,1,1,0,1,1,1,1,0,0,1,1,0,1,0,1,0,1,0,0,0,1,0,1,1,0,1,1,1,1,1,1,0,0,0,1,0,0,0,1,0,0,1,0,0,0,0,0,1,0,1,1,0,0,0,1
0,0,1,1,1,0,0,1,0,0,1,0,1,0,0,1,0,0,1,0,0,0,1,1,1,0,0,0,1,0,1,0,0,0,0,1,1,1,1,0,1,0,1,1,0,0,1,0,0,0,1,0,0,0,0,0,1,0,1,1,0,1,0,0,0,1,0,0,1,0,0,0,0,0,1,0,0,1,1,0,0,0,0,1,0,0,0,0,0,0,1,1,0,0,1,0,1,0,0,1,1
0,1,1,1,1,0,1,1,1,0,1,1,0,1,1,1,0,1,1,1,1,0,0,1,0,1,0,0,0,0,0,1,1,0,1,0,1,0,1,1,0,0,1,0,1,1,1,1,1,0,1,1,0,1,1,0,1,0,1,1,1,1,1,0,0,0,0,1,1,0,0,1,1,0,0,1,1,1,1,1,0,0,1,0,0,0,0,0,0,0,1,1,0,1,0,0,0,1,1,1,1
1,0,1,0,1,0,0,0,1,1,0,0,1,0,0,0,1,0,1,0,0,1,1,1,1,1,0,0,1,0,0,1,0,1,0,1,1,0,1,1,0,1,0,1,0,1,1,0,1,0,0,1,0,1,1,1,1,1,0,0,1,1,0,0,0,1,1,0,1,1,0,1,0,1,1,1,1,0,1,0,1,1,0,1,0,1,0,0,0,0,0,0,1,1,1,0,0,0,1,1,1
1,1,1,1,0,1,1,1,0,0,1,0,0,1,1,1,1,1,0,0,1,1,1,1,1,1,0,1,0,1,1,0,1,0,0,0,0,0,1,0,1,0,1,0,0,0,1,1,0,1,0,0,0,0,0,1,0,0,1,0,1,1,0,1,0,1,1,0,0,0,0,0,1,1,1,1,0,1,1,1,1,0,0,1,1,0,0,1,1,1,0,1,1,0,0,0,1,1,0,0,1
1,0,1,1,0,0,1,0,1,1,0,0,1,1,1,0,0,1,1,0,0,1,1,1,1,0,0,0,1,0,0,0,0,0,1,1,1,0,0,0,1,1,1,0,0,0,0,1,1,0,1,1,1,0,1,1,1,0,1,0,0,1,1,0,1,1,1,0,1,1,1,0,1,1,0,0,0,1,0,1,1,0,1,0,1,1,0,1,0,0,0,0,0,1,1,1,1,1,1,0,1
0,1,1,1,0,0,1,0,1,0,0,1,1,0,1,0,0,0,1,0,1,1,0,1,1,1,1,1,1,0,1,0,0,0,0,0,0,0,0,0,1,0,1,0,1,1,1,1,1,0,0,0,1,1,0,0,1,0,1,1,1,1,1,1,0,0,0,0,0,1,0,0,0,1,0,1,0,0,0,1,1,0,1,0,0,0,1,0,0,0,0,0,1,0,0,1,1,1,0,1,0
0,1,0,1,1,1,1,1,0,0,0,1,0,0,0,0,0,0,0,0,0,0,0,1,0,0,1,0,1,0,1,0,0,1,1,0,1,0,1,1,1,0,0,0,1,0,1,0,1,0,0,1,0,0,1,0,0,0,1,1,0,0,0,1,1,0,0,1,0,0,0,1,1,0,0,1,0,0,0,1,0,1,1,0,1,0,0,1,0,1,1,1,1,1,0,1,1,1,1,0,1
1,0,0,1,1,0,1,0,0,1,0,0,1,0,0,0,0,1,0,0,0,1,1,0,1,1,1,0,0,1,0,1,1,1,0,1,1,0,0,0,1,0,1,0,1,0,1,0,0,1,1,0,1,0,0,0,0,1,0,0,1,0,1,1,1,0,1,0,0,1,1,1,1,1,1,1,0,0,1,1,1,0,1,0,0,0,1,1,1,1,1,1,0,1,1,0,0,1,0,1,1
1,1,1,0,1,1,1,1,0,1,1,0,1,0,0,0,0,0,0,1,1,0,1,1,1,0,1,1,1,1,1,0,1,0,0,0,0,1,1,0,0,1,1,0,1,1,0,0,1,0,1,0,0,1,1,1,1,1,0,1,1,0,1,1,0,0,0,1,0,0,0,1,1,1,1,0,1,1,1,0,1,0,1,0,0,0,0,1,1,1,0,0,1,0,0,1,0,0,0,0,1
0,1,1,1,1,0,1,0,0,1,0,1,1,1,0,0,0,0,1,1,1,1,1,1,0,0,0,1,0,0,1,0,1,0,0,1,0,0,0,1,1,0,0,1,1,0,1,1,0,1,0,0,1,1,1,1,1,0,1,0,1,0,1,1,1,0,1,0,0,1,0,1,0,1,0,1,0,1,0,1,1,0,1,0,1,0,1,1,1,1,0,1,0,0,0,0,1,0,0,1,1
1,0,1,1,1,0,1,1,0,0,0,0,0,0,1,0,0,0,1,1,0,0,1,1,1,1,1,0,0,0,0,1,0,0,0,0,1,1,1,1,1,0,1,1,0,1,1,0,0,1,0,0,1,1,0,0,0,1,0,1,0,0,1,0,0,0,1,1,1,0,1,1,1,1,1,0,1,1,1,0,0,0,0,1,1,0,1,1,0,1,1,1,0,1,0,0,0,0,1,0,1
1,1,0,1,0,1,0,1,0,0,1,0,0,0,0,0,0,0,0,0,1,0,1,1,1,1,1,0,1,1,1,1,0,0,0,1,0,0,0,1,0,0,0,1,1,1,0,0,1,1,0,1,1,0,0,1,1,0,0,0,1,0,0,0,1,1,1,1,0,1,0,0,1,0,0,0,1,0,1,1,0,1,1,0,0,1,0,1,0,0,1,0,0,0,1,0,1,0,1,0,0
1,0,0,1,0,0,1,1,1,0,0,0,0,0,0,0,1,1,1,0,0,1,0,1,1,0,1,0,0,1,1,0,1,0,1,0,1,0,1,0,1,0,1,0,1,1,0,0,0,0,0,1,0,0,1,0,0,0,1,0,0,0,0,1,1,0,0,1,1,0,0,0,0,1,0,0,0,1,1,1,1,1,0,0,1,0,1,0,1,1,1,1,1,0,1,1,0,0,0,1,0
1,0,1,1,1,1,1,1,0,1,0,0,1,1,1,1,1,0,1,0,1,0,0,1,1,0,0,1,0,1,1,0,0,0,0,1,1,0,1,1,0,1,0,1,1,0,1,1,1,0,0,1,0,1,0,1,0,1,1,0,1,0,1,0,1,1,1,1,1,0,1,0,1,1,1,0,0,0,1,1,1,1,1,0,0,1,0,1,0,0,1,1,1,0,1,1,0,0,1,0,0
0,1,1,0,0,0,1,0,1,0,0,0,1,0,1,0,1,0,0,0,1,0,1,1,0,0,0,1,0,0,1,1,1,1,1,0,1,1,0,1,0,0,0,0,1,1,1,0,0,0,1,1,0,0,1,0,1,1,1,1,0,0,1,0,0,1,0,0,1,0,1,1,1,0,0,1,1,0,0,0,0,1,1,1,0,0,1,1,0,0,1,1,0,1,0,0,1,1,1,1,0
1,0,1,1,1,1,1,1,1,1,1,0,1,1,1,1,0,1,1,1,0,1,0,0,0,1,0,1,1,1,1,0,0,0,0,1,1,1,1,0,0,1,1,1,1,1,0,0,1,0,0,1,0,1,0,0,0,0,1,0,1,0,1,1,0,0,0,1,1,0,1,0,1,1,0,1,0,0,0,1,1,0,0,1,1,0,1,1,0,1,1,0,1,0,1,1,0,1,1,0,0
0,1,0,0,1,0,1,0,1,0,0,1,0,0,0,0,0,1,1,1,1,0,1,1,1,0,0,1,1,0,1,1,1,0,1,0,1,0,0,0,1,1,1,1,1,1,0,0,0,0,1,0,0,1,1,1,0,0,0,0,1,0,1,0,1,0,1,0,0,1,1,1,0,0,0,0,0,1,0,0,1,0,1,1,1,0,0,0,0,1,0,1,1,1,0,1,1,1,1,0,0
1,1,1,0,1,1,0,1,0,1,0,0,1,1,0,0,0,1,0,1,1,0,1,1,1,1,1,1,0,1,0,1,1,1,1,0,0,0,0,1,0,1,1,1,0,0,0,1,1,0,1,0,0,0,0,1,0,1,1,1,1,0,1,0,1,0,1,0,0,1,0,0,1,0,0,0,1,1,0,0,0,0,0,0,1,1,1,0,0,1,0,0,1,0,1,0,0,0,0,0,1
0,1,1,0,0,1,0,0,0,0,1,1,0,0,1,0,1,0,0,0,1,1,0,1,1,1,0,1,0,1,0,0,0,1,1,1,1,1,1,1,0,1,1,1,0,1,0,1,0,0,1,0,1,0,1,0,1,1,1,1,0,0,0,1,1,1,1,0,0,0,0,1,0,1,1,1,0,0,1,0,1,1,1,1,1,0,0,0,0,1,0,0,1,1,1,1,0,1,0,1,0
1,0,0,0,0,0,1,1,1,1,0,0,1,1,1,1,1,1,1,1,1,1,0,1,0,1,1,0,0,0,0,1,0,1,1,0,0,0,0,0,1,1,0,1,0,1,1,0,1,1,0,0,1,0,0,1,0,0,1,1,0,1,0,0,1,0,1,0,0,1,1,1,1,1,0,1,1,1,1,1,0,1,1,1,1,1,0,0,0,0,0,1,0,1,0,1,1,1,1,0,1
0,1,1,0,1,1,0,1,1,0,0,0,0,1,0,1,0,1,1,0,0,1,1,0,0,1,1,1,0,1,1,0,0,0,0,1,1,0,0,0,1,1,0,0,1,1,1,0,1,0,1,0,1,1,1,0,1,0,1,0,0,1,1,0,1,1,0,0,1,0,0,1,1,0,0,0,1,1,0,1,0,0,0,0,0,1,1,1,1,1,0,1,0,0,1,1,0,1,0,1,1
0,0,1,0,0,0,0,0,1,1,0,0,1,1,0,1,0,1,1,1,1,0,0,1,0,0,1,0,0,0,1,0,1,0,1,0,1,0,0,1,0,0,0,0,1,0,0,1,1,1,1,1,0,0,0,0,0,0,1,1,1,0,0,1,0,0,0,0,1,0,0,1,0,1,1,1,0,1,1,0,1,0,0,0,0,1,0,0,1,1,0,1,1,0,1,1,0,1,1,1,1
1,0,1,1,1,1,0,1,0,0,0,0,1,0,1,1,1,0,0,1,0,1,1,0,1,1,1,0,0,0,0,1,0,1,0,1,1,0,1,0,0,0,1,0,0,0,1,0,1,1,0,0,1,1,0,0,1,1,0,0,1,0,0,0,0,1,0,1,1,0,0,1,0,1,0,0,1,0,0,0,0,1,1,1,0,0,1,1,0,0,0,0,0,1,1,1,1,0,0,0,1
1,1,0,0,0,0,1,0,0,0,1,1,0,1,0,0,0,0,0,1,0,0,1,0,0,0,1,0,0,1,1,1,1,0,0,1,1,0,0,0,0,0,0,1,0,0,1,1,1,0,0,1,0,1,1,0,1,0,0,0,1,1,1,0,1,1,0,1,1,1,0,0,1,0,0,0,1,1,0,1,1,1,1,1,0,0,1,0,1,1,0,0,0,1,0,1,0,1,1,0,1
1,1,0,1,0,0,0,1,0,1,0,0,1,1,1,1,1,0,1,1,1,1,1,1,1,0,0,0,1,1,1,0,1,0,1,0,0,1,0,0,1,1,1,1,1,0,0,1,1,0,0,1,1,1,1,1,0,1,0,0,1,1,1,1,0,1,0,0,0,0,1,0,1,0,0,0,1,1,0,0,1,1,1,0,1,0,1,0,0,0,1,0,0,0,1,0,0,0,1,1,0
0,1,0,1,0,1,1,0,0,1,1,0,0,1,1,1,0,0,1,0,0,0,0,0,1,0,1,1,1,0,1,1,0,0,0,0,0,0,1,1,1,0,0,0,1,0,0,1,1,0,0,0,1,1,0,0,0,1,1,0,1,0,1,0,1,1,0,1,0,0,0,0,1,0,1,1,0,1,1,0,1,0,1,0,0,1,0,0,0,1,0,1,1,1,0,0,1,0,1,0,0
0,0,1,1,0,1,1,0,1,1,1,0,1,0,0,0,1,1,0,0,1,1,0,1,0,0,1,1,1,1,0,0,1,0,0,0,0,1,0,0,0,0,0,1,1,1,1,0,1,0,0,1,0,0,0,1,1,0,0,0,0,0,0,1,0,0,0,1,0,0,0,1,0,1,0,1,0,0,1,0,0,1,0,0,0,0,0,1,0,1,0,0,0,1,1,0,0,1,1,0,0
0,0,1,0,1,1,0,1,1,1,0,0,1,1,1,0,0,1,0,0,0,0,1,1,1,0,1,1,1,0,0,1,1,0,1,0,0,0,1,1,0,1,1,1,1,1,0,0,0,1,0,0,0,1,1,0,0,0,0,0,0,1,0,0,1,0,1,0,1,1,0,1,1,0,1,1,1,1,1,0,1,1,1,1,0,0,1,1,1,1,1,0,1,0,0,1,0,1,1,0,1
0,1,0,0,1,0,1,1,1,0,0,1,0,0,0,1,0,1,1,1,1,0,1,1,0,1,1,1,1,1,1,0,0,0,0,1,0,0,0,0,0,1,0,0,1,0,1,0,1,0,1,1,0,0,0,1,0,0,0,0,1,0,1,0,1,0,1,0,0,0,1,0,0,0,0,0,1,1,1,1,0,0,0,0,0,1,0,0,1,0,0,1,0,1,0,1,0,1,1,1,1
0,1,0,1,0,0,1,0,0,0,1,1,1,1,1,0,0,0,1,0,0,1,1,1,1,0,0,1,1,1,1,0,0,1,1,1,0,0,1,1,0,0,1,1,0,0,0,0,1,0,1,1,0,0,0,1,0,0,0,1,1,1,0,0,1,1,1,0,0,1,0,0,1,1,0,1,0,1,1,0,0,0,1,1,1,0,0,0,1,0,0,0,1,1,1,0,1,0,1,1,0
0,0,0,0,0,0,0,0,1,0,1,0,1,1,1,1,1,1,1,0,0,0,1,1,0,1,0,1,1,0,1,0,0,1,1,1,1,1,0,0,1,0,1,1,1,1,1,1,1,0,0,1,1,0,0,0,0,1,1,0,1,0,1,0,0,0,1,1,1,0,0,1,0,0,1,1,0,1,0,0,1,1,1,1,1,1,1,1,0,0,0,1,1,0,1,0,0,1,0,0,1
1,0,1,1,0,0,1,0,1,1,0,1,1,1,0,1,1,0,1,1,0,1,0,1,0,1,1,0,0,1,1,0,1,0,0,1,1,0,1,1,1,0,0,1,1,0,1,1,0,1,1,1,1,1,1,1,1,1,0,1,1,1,0,1,1,1,0,0,0,0,1,1,0,0,1,0,0,1,0,0,0,0,0,1,0,1,1,1,0,1,0,1,0,1,1,0,0,0,0,1,1
1,1,1,1,1,0,1,0,0,0,0,1,1,0,0,0,1,0,1,1,0,1,1,0,1,0,1,0,0,1,1,1,1,1,1,0,1,0,0,1,0,0,1,0,0,1,0,0,0,0,1,1,0,1,1,1,0,1,0,0,0,0,1,0,1,0,0,0,0,0,0,1,0,0,0,0,1,0,1,0,1,0,0,1,1,0,1,0,1,1,0,0,0,1,0,0,1,0,0,1,1
0,0,1,0,1,1,0,0,0,1,1,1,1,1,0,1,0,0,0,0,1,0,1,0,1,1,0,1,1,0,0,1,0,0,0,1,0,0,0,1,0,0,0,0,0,1,0,0,0,0,0,0,1,1,1,0,0,0,1,1,0,0,1,0,1,0,0,0,0,1,1,1,0,1,1,0,1,1,1,0,1,1,1,1,1,0,0,0,1,1,0,0,1,0,0,0,1,0,0,0,1
